600702
564696
45480
242917
640248
344001
931318
625907
211113
847443
251734
820107
549279
804723
760401
351101
117207
289345
772784
884465
761628
757627
96836
388118
309205
794517
390312
499277
732813
400874
150767
806312
440722
266539
455257
348947
3890
980188
365398
728973
352550
193352
709982
606582
149315
929160
302966
601157
530089
457298
261438
102541
628066
893997
6253
373854
20081
85340
348039
400170
432614
844402
923782
573029
147853
153311
601987
745135
673221
282657
371571
209523
544197
776131
436142
63557
47218
919731
209692
219427
310485
848887
242790
28576
129231
423487
84345
474799
568221
281594
392387
66822
185532
824215
509787
952350
46513
908219
747300
552963
429514
255393
793914
612148
378190
573335
686617
853941
164043
644197
848441
530874
566127
472257
417503
617601
591282
273990
24378
883400
340512
931023
228571
527474
947502
731586
747962
849799
368078
566636
156986
773796
815166
13789
680612
21337
532127
243455
281181
420445
104951
702529
253022
141954
384874
618508
637433
660284
777544
18234
814782
388606
130294
319271
120064
195401
609588
16572
229055
718246
412027
922462
941637
26301
277755
208780
4451
649795
288038
832853
550783
986201
60055
443614
999784
198344
481213
400244
750272
78727
460788
576013
91649
948574
312437
947016
123686
541803
910249
512547
824703
646197
582048
297302
306585
399816
982144
868433
650320
25418
485727
376940
678665
965012
915270
440787
177121
164858
398505
763841
214441
12165
94095
889609
749374
939329
867207
992803
51409
909225
567365
677664
740096
677267
509763
738488
25627
767765
39824
153735
509559
748469
222674
251547
779039
41168
412063
680250
957751
589214
436073
1081
971278
185800
208195
950628
343223
75632
746875
599386
183818
606980
847213
56104
502822
729867
263296
630468
701761
831548
419213
203500
849766
252295
44897
783038
321469
643702
174935
35821
414893
155435
805679
709574
737696
889606
973880
970408
491244
183913
12681
151254
652229
966228
296174
902128
774534
108487
72618
292010
517918
130713
352992
221936
737690
155278
85358
114302
213522
376139
764064
578873
274674
151648
4148
329298
452897
156415
846456
207875
4761
907196
814548
267824
65156
988821
736088
697374
682046
269213
858263
921107
483125
533623
446927
96217
768663
795470
373973
556790
635714
836812
257464
979579
136727
174279
320160
193180
515839
390820
843108
113272
76825
635033
77577
79481
419872
730658
118451
851829
529789
65621
283420
962510
68050
588661
707655
114283
361014
946569
66670
306091
549680
99007
385669
943643
814128
428751
582989
872890
15097
797429
81561
160844
612323
686510
241316
582999
761816
524317
498930
349953
604597
721585
808172
541397
914572
577771
157723
662409
587151
374718
952208
242314
994819
406847
693237
198105
743378
179412
19628
238079
856894
682084
581113
373187
199364
971064
214630
948463
476617
274576
345227
898653
961958
354448
658947
196874
662807
313874
862292
113967
160511
479450
392761
692146
887147
95035
914364
912726
901813
451631
69346
401958
625806
989845
179288
343031
579506
915703
480793
902614
403086
698334
92707
838921
19794
555419
817320
314023
38149
47534
252142
619537
315709
83997
44207
641681
194356
187786
817111
411854
349643
507270
272359
98235
1308
167051
463870
740252
566675
446885
386035
996840
257013
17520
242004
366470
779372
541896
186828
339732
912422
166056
17382
793096
753874
588161
896390
981787
390898
382836
759020
877694
984672
96278
447304
598320
389724
671137
468302
389563
719099
896481
808915
530342
560409
958480
933085
61148
166707
707538
492300
220888
663294
219298
116710
106586
824117
11124
801658
120609
870436
575747
406427
483910
163018
330982
544397
833349
184934
607467
499496
837041
822426
705494
140254
912853
419301
7356
939338
961382
24037
904857
662343
604467
542634
352186
876292
127720
519959
753589
846005
595789
219455
133917
135163
665135
28868
837542
80024
121039
658615
993022
51800
461713
367475
3240
394516
796034
917100
33068
403074
300843
688771
338821
899616
716951
372229
297067
515556
365151
843209
368264
657629
432864
85501
251908
44525
187728
149763
180395
236427
455607
421400
624120
267356
391918
684633
191518
870350
918099
125841
874404
2155
879768
506698
446362
397544
745210
140296
958216
899300
721785
604837
473050
102669
346334
841694
933881
954262
341573
88895
890305
33777
74151
210999
978495
75034
727698
883988
173329
300700
493439
278981
30014
966441
558312
967732
400732
946343
147612
525381
288970
40636
679302
260380
700987
876661
829327
610097
237704
276503
714246
543728
597722
160729
128079
537078
416118
433618
434317
770743
551149
308263
247895
819236
841089
167465
987109
762369
865382
42915
564990
411940
281661
580745
132811
699282
832392
320477
69830
941675
927439
856825
168346
430067
803662
757647
983613
974376
458432
941172
604406
112122
925122
192944
486952
36705
475897
254201
861987
713474
424138
430375
507149
419114
346456
533424
790791
766699
807919
244247
269895
935458
854724
528379
865665
658629
627609
201870
148277
639080
395816
198605
228375
350685
173317
717400
456684
296836
818861
695649
649301
716260
562153
480509
860329
816057
510204
86728
27432
597210
833094
506209
324527
186868
748239
224642
378488
753184
940034
875374
952248
994146
33785
272101
360145
753639
922031
619457
848870
852868
114375
830645
643676
62563
329843
189662
840792
53045
260066
711175
374338
319585
896957
611030
43091
757121
965785
606628
359389
700314
789809
79446
886425
811774
412593
677630
183649
824349
224878
611108
430737
42290
66058
859800
226390
25317
183579
648044
178534
382850
605356
799998
232347
471658
960445
131935
86017
808150
889271
285262
402211
925164
447911
809485
593689
329686
780234
848638
646776
520977
808715
118734
983153
71401
11047
495802
975006
566848
774350
51084
98389
135676
656548
814654
863980
805649
356553
61875
810484
258252
345149
568972
791000
126861
115573
750120
26693
789390
672302
632603
704748
204267
144724
839085
15245
717638
694779
612703
537420
557754
199160
329557
617961
940194
580740
951678
837479
204540
241185
546065
191361
936982
626134
866888
413228
955838
636836
50205
954592
483010
737949
580299
732575
443837
363043
323737
128855
197175
752000
123512
893323
681670
66884
555499
922707
63518
917608
526803
222497
784999
413200
259056
562491
847544
296923
68093
922309
876744
694911
315468
544540
684209
630123
764449
781076
696892
582831
470628
488632
541775
251934
325307
176978
253447
321363
671010
523378
270466
49770
411211
536187
410107
31065
38463
638358
695169
177193
885361
430487
348585
452110
538346
163475
686859
828902
954511
349360
318659
531184
80511
903795
610904
791827
441620
170926
919769
346971
929312
575495
861316
612018
749733
168630
443033
90375
359101
99915
831774
586661
589298
202925
831532
24481
139590
580561
715393
155546
762219
180575
55042
457858
909263
84890
146074
796516
699426
668820
441890
632082
51109
84844
256773
895531
289243
432362
977767
549428
375769
924696
211764
131470
159462
666865
825236
545096
453010
365742
354068
394839
791943
523447
209047
278460
731321
257335
977221
228548
654470
962947
278140
275970
806363
304117
553107
958202
416087
707646
398754
502902
762560
518396
988424
951378
528656
540724
102893
597916
354902
396565
698305
802333
724081
172185
861868
180700
188615
729585
383356
576488
918883
62527
810729
224342
306719
58939
843760
762365
28432
851113
684010
905792
847027
168814
983564
759308
406754
124284
957311
317583
734644
132981
628553
974937
861317
708735
459626
376975
391456
444826
8921
884623
959303
568718
822980
181373
99283
261151
683078
362206
639692
990633
810504
655027
629575
647572
818952
827605
72
840029
919218
263208
914877
967172
847601
334543
554222
950910
935687
327646
720902
278693
224414
46398
901772
209810
835503
132982
381825
383519
643618
572253
135012
933956
670801
654876
912223
980445
468086
29838
884868
762290
961772
530642
746138
101020
906018
304251
675078
98568
549838
199520
338439
801932
30234
388616
996204
41919
447333
689040
315910
875547
381749
49825
256885
983169
351966
317840
61324
603426
65485
170203
179601
624253
51103
156795
651806
483315
410613
29962
498072
989711
447418
368312
675070
279084
210991
138898
293395
14657
117130
852535
613992
456924
669227
949996
413013
552308
690345
95971
496887
834795
608949
536747
311048
60739
151171
366367
730821
192434
572688
692838
290819
523021
740840
43241
355557
679832
907524
48041
784858
31898
331959
886022
320580
363161
340209
260499
879679
841268
210336
28372
539234
872476
203234
515149
601842
482133
528698
87537
820652
668111
24623
311932
466364
443106
905904
604208
370774
385941
784927
806083
799037
365558
270468
632801
308282
670522
854942
835091
306493
458384
739305
177362
797937
40680
687864
89591
862806
79686
973989
436307
22578
418380
407
521180
968279
760964
329822
858658
658768
84380
60655
172374
662476
909491
839208
359633
232750
402205
969776
564130
331747
332153
896220
633672
104177
603191
991732
317054
719636
692826
593381
360036
128530
230932
490353
737755
685493
575190
842884
817774
196096
922359
142133
822599
418232
847163
235718
328370
33852
757276
422525
995142
61924
481841
699500
336040
872576
300850
218327
920583
191684
618648
822793
911632
873662
795557
920429
478875
666961
70585
978517
176309
184073
642259
47286
360242
937747
437931
356657
608408
311034
228948
577018
875956
709662
59199
736384
45034
770233
548709
620135
719549
750880
667193
808639
208294
834323
778969
744551
178243
950786
28099
420073
206922
194539
507869
800969
500808
826254
757118
871369
153916
633778
528444
492417
958178
701640
28509
842431
238687
248858
394762
38723
211349
218258
126311
86374
274689
907138
308608
541024
523352
71045
881068
916572
949191
966899
851807
112976
926607
153788
584048
603934
944614
47157
820115
546416
90197
616038
343571
455136
176885
465116
442769
141664
18215
733938
583948
232953
723993
705055
645468
18678
462799
479145
626442
553148
601463
505213
631608
696733
719279
735913
267302
501420
162337
276321
532214
514081
811958
299150
797653
604012
406163
610414
68560
821630
26755
635031
498979
742232
995298
144418
818414
408755
173588
407430
337300
815717
898268
796954
726228
568266
340784
751890
993997
853963
815520
521779
2358
41457
99013
908542
58017
661006
233979
217529
832851
587638
20374
573475
461628
86224
335772
309388
536684
480858
458304
359519
463931
849108
515233
750790
386252
184555
868273
786940
285853
931950
913845
658932
726791
835068
699704
916432
609519
604617
18896
503908
777583
612501
618581
33758
650663
12773
493274
913546
835637
489562
862516
18069
864175
132813
346703
645980
767869
28721
132748
691536
56883
661950
818695
236401
10065
262528
980074
406804
65276
800264
815886
30418
474534
267672
864425
614405
272391
457183
443954
882889
804380
724836
894115
697646
595913
618465
7219
18307
593078
322884
125947
691804
702445
54853
75403
317287
532284
86716
547159
339302
20950
342980
236205
717912
700308
821842
235983
105943
64877
218252
2876
856498
501920
878108
988801
94489
446683
270844
659113
306690
490489
754804
462166
43345
720865
496424
728073
299016
108520
73711
47873
532561
807879
167761
160864
315030
456033
221330
844456
865836
767259
465816
469688
775802
452105
445854
894666
143686
678442
549657
317720
811664
899986
532189
167959
233208
334622
425721
464459
578992
901978
802473
936886
185726
106962
441617
780578
460550
23113
738942
613996
221493
816081
399203
752399
840501
807132
827101
824708
657079
669794
714950
696148
432618
946236
373003
570677
332631
614952
521376
28187
757098
70558
632765
290253
665166
583956
11054
404970
305840
124561
197566
696756
404593
440492
497241
566830
147791
350095
4324
306310
276014
43125
108109
795198
487102
910056
574797
199497
8367
844576
148502
53249
839420
969308
803291
393904
626374
594174
969043
167
632924
559803
921966
527659
54825
102265
661930
485902
123457
506376
211316
636194
479019
745774
355817
798367
898580
16037
602200
406661
800796
119871
530869
942277
58110
733763
48762
913889
778013
965849
611121
167882
128933
432834
784964
974512
419921
472297
16256
550435
580620
459966
798643
626659
137745
912344
116884
274409
275552
945591
507929
210521
541780
69466
745605
789700
268384
293058
932907
807021
902625
870127
187487
112249
878985
528821
267294
818277
165503
294370
682291
100588
545724
11592
918589
355933
609455
916823
240530
360125
126105
358054
664128
333251
94001
410247
953178
512706
248637
326693
893960
398631
88367
344635
210047
46716
385448
499416
17617
735160
958846
69782
20882
540094
250969
67111
819333
843339
545352
707001
850207
578520
453091
123105
744616
296127
337232
286866
296268
713205
904073
704064
481430
732635
663832
939605
532854
605130
884601
862414
402391
910977
312572
478078
24821
887586
396863
209476
927243
776504
724786
120380
866878
529986
618678
774245
444110
83710
658897
468264
990719
155771
313188
899061
98714
531302
815219
404868
405025
381112
723008
295581
682819
377965
484387
705119
304481
495829
625932
367294
540071
403491
18849
919431
445078
176860
605240
785762
456975
43826
989619
756191
379948
667878
643619
481389
193769
483802
581516
384519
649787
624384
649372
193778
890249
910303
286545
50407
678450
633464
615423
116928
962308
439604
721608
105002
447309
294578
133293
850881
909190
515939
813450
375923
449633
241131
29970
301324
646499
820952
802450
267713
439497
620694
85558
47498
779867
600315
104243
546782
981136
154374
667335
316545
667649
599861
369783
497168
408605
588064
521195
262794
345082
223502
442833
780396
678067
63266
872083
138422
929993
103710
786021
144170
900201
614859
365145
972685
383830
374186
985545
349120
472428
668532
483488
942529
467918
462509
161255
636813
976454
136179
943395
466928
212679
779280
856604
501359
104385
492569
603981
501307
550843
528318
65814
62578
682512
358281
122223
370276
857206
72340
663332
393867
672291
749621
44646
543171
445023
900632
565768
682905
506313
964607
995284
299003
372450
236286
322589
536068
565534
639001
800285
766944
631527
715974
865981
506052
721373
396396
923614
721264
881953
984341
446847
821477
728346
432366
615155
282337
770851
290433
920704
692521
757120
347556
904782
691742
839979
79828
496599
333654
417286
686797
924622
466369
213107
612418
457232
58038
66960
689153
114430
654848
56265
288346
622977
402942
941353
398971
106009
290386
676720
505096
259919
20498
165265
179411
437932
698323
476642
301897
62233
88078
255885
869515
255414
250021
56875
831392
692464
506039
940722
832167
966802
200331
589303
764053
760467
373116
765975
736297
306469
365066
742615
729868
573064
253421
670457
504531
531778
601883
473372
453545
334710
510185
315774
271457
879303
482871
862420
361496
184359
128256
650475
378524
506710
307292
454166
844229
210757
689134
659094
133744
228532
529893
898328
265126
968851
716622
564139
686472
126526
226869
544467
434861
363908
720187
153409
901275
294248
52845
66137
875707
619163
188278
485574
471917
320729
532822
252596
574715
431399
901616
705118
164004
962669
753223
274823
512387
542396
325853
83744
523261
702307
538693
414820
380637
963198
755198
905653
766655
818369
405733
917034
556061
810943
974451
727175
231741
224131
551202
72623
96005
603455
807381
35259
419181
50370
123364
23968
138222
673510
534540
815188
576115
642417
152803
892393
576432
825009
181797
128183
378560
417463
95621
121799
595686
475576
221760
59556
246415
806244
154019
167848
640364
656810
934350
346785
528520
132216
302404
470799
654603
710806
541926
870956
698473
919701
653090
19414
451370
703198
971580
370185
589183
271698
515417
101886
659385
34780
198471
369031
98600
690811
459270
306616
982458
108045
884869
891096
107211
316691
671526
511816
625456
643752
875841
498785
917881
995191
886742
909078
119920
464562
725821
11268
43517
732172
707491
813081
636910
978689
715034
816549
690252
105058
201919
22677
440839
26317
678448
105808
320437
495213
850202
879939
556309
653956
398306
736701
672383
950615
261054
550884
430464
89238
446984
797921
480647
564168
212366
852853
904850
366741
501121
166672
426534
984852
590731
432754
508149
639548
902967
837227
643419
686295
400565
978506
654727
798621
52061
759740
950289
744934
676139
402409
512552
58513
786594
464031
776252
217911
459424
132982
243613
971699
718130
781032
74143
306866
823476
25313
284171
887453
655358
601100
199253
647399
737421
355130
545804
353858
706391
681628
179573
270664
577906
566433
698918
193723
479730
441413
786699
75189
782827
670700
981160
596669
823208
251882
846609
282389
150703
493256
290286
209834
379594
108700
964721
169991
454571
599402
334465
595230
760230
683356
872487
11131
490023
3217
328544
105176
122112
18840
811763
97520
249168
835784
204032
801562
121420
234118
460813
815707
419376
680368
647197
765263
961860
779170
324074
357294
133724
71274
585533
149280
775632
446254
971364
857110
47874
204430
212713
151464
226508
10471
610338
766488
401738
511287
56017
206400
450565
366998
92962
710423
178198
596371
533951
912503
310277
344514
985891
123278
201314
143600
909409
974106
268828
251272
113012
92993
363135
228361
609734
782844
396620
234705
850152
101847
964562
501462
221563
2820
139383
231529
707528
131872
526875
700774
188678
487867
995512
683096
627980
379392
497539
714441
272286
782662
782396
780831
241158
824779
82929
271561
374435
231820
463655
163470
786153
888275
600755
33166
960233
68580
304688
490465
108102
701720
884475
298092
612936
942453
14026
788202
860078
176590
690720
779123
857322
413620
449142
399564
669538
112393
452968
271622
932672
454950
604710
986620
30988
230226
192252
75745
973615
108486
555882
445733
802169
142748
147652
641322
343928
956657
542854
506902
800560
445655
244008
633535
248047
170907
847054
442188
849446
437746
482487
148801
293971
977002
429446
762458
619761
931608
947695
134021
511710
998876
75177
579073
54321
624298
22729
976549
43966
748131
442464
213826
691829
810485
552619
511845
567972
50460
716112
130932
465642
18602
334682
772743
790532
642449
666805
221325
31675
355200
182275
430525
562395
937943
618643
111414
470291
239661
378538
704937
963576
717478
595364
781438
706121
831036
689255
989386
61127
518785
275015
887102
11533
841996
520301
962690
665321
658682
334634
802162
626642
596609
92236
546497
217800
884665
736527
339172
564546
288718
280112
338455
302795
565720
333851
657401
504328
212705
625149
165660
614475
19894
580314
265047
637329
924393
222232
953543
271623
299612
608106
520451
527880
264941
888734
511554
780172
794121
577433
981282
441446
522041
20785
890232
239536
762187
571983
283906
571517
931695
329379
598870
53491
229348
968130
267211
146612
890763
760532
499970
845964
132393
858765
487850
199192
493919
359837
814591
627407
838876
606516
902357
179114
855382
158170
692668
167010
319334
485188
515712
577600
118536
446924
554030
825163
161487
516308
116165
617940
532378
186891
673662
177380
520354
434376
889641
562696
129687
717273
259065
225092
876655
111865
380009
744375
652510
624103
683400
46850
519749
840956
9139
252558
961279
11916
717990
171774
635143
110225
815741
282254
605675
848465
150777
189434
624977
320889
582491
754011
523383
234043
719914
250733
424152
75800
69693
454933
319066
246801
244561
748295
559653
502602
447525
77872
341796
540723
575670
657403
210481
986583
743992
283632
272864
173375
749341
534819
89731
837331
795514
746296
242098
423475
365375
758820
880569
7030
365430
897722
282500
390426
660933
768033
139772
199631
827816
455873
785267
176517
176468
668064
422200
506565
802555
187777
868736
653712
167425
497635
501082
965579
557680
198314
74748
208782
763793
442204
389128
897703
845805
985575
952474
526944
325061
831667
333459
225511
623645
615220
454703
556551
427196
416660
756346
907450
10783
376452
330339
472754
641292
125007
600977
809705
394557
584830
710478
553432
740191
472125
691112
481235
400358
140554
228417
964985
467279
99896
624611
905799
207871
946602
211862
812865
790745
143131
84177
107982
752468
789337
340607
35116
268365
985518
978427
146127
468407
787188
371990
252673
156909
632490
4394
73159
935666
536872
969001
926907
230637
134929
692115
652204
14344
654940
127072
672443
923934
719927
948990
517428
163395
861248
256924
314644
731075
491928
197620
170050
7411
252715
666895
883361
552304
21169
802023
710556
891621
510140
668330
486551
808096
946828
860803
148374
50384
364168
695746
307907
59239
317083
912914
418942
642350
327812
279233
574591
669547
866676
450926
718655
117871
444883
102332
75665
588262
118767
664843
251216
814768
436094
13314
245072
816562
642546
98207
136002
795124
42333
177041
574031
153735
908788
371387
576401
179175
6458
347896
649984
969616
319612
311522
673668
320061
550672
945665
931439
208604
911776
242861
291661
952390
433521
194604
519979
310558
817664
726865
736734
667285
690167
484317
205426
665034
40533
601251
759109
601109
787248
923988
35667
4510
256292
241858
446375
254558
922607
502147
137123
718901
114493
916462
773715
884064
683199
460972
70070
901133
752888
833091
848282
293774
407158
575532
170312
770004
675706
601533
559388
346319
228300
109551
332245
823629
887604
201039
205679
435655
640001
334353
716807
629727
146084
66935
745637
213782
722754
245572
258558
355967
825900
692787
6867
315988
554772
162968
349579
633013
764273
111598
712860
486571
955
378847
555625
488837
755707
13156
657582
366689
616996
653392
528659
570705
639189
885944
485901
28542
422082
931384
654502
408802
416667
824350
783775
203748
72727
78211
44321
279121
151668
699752
91973
402641
637505
820044
911897
186013
390656
626468
793017
638153
88243
217397
59218
967672
994796
771433
637351
640927
717820
392420
12322
86552
830743
54555
236778
416829
229479
296019
309702
566031
805734
682334
206970
831030
765613
917925
785516
652752
409609
629194
642832
820919
190505
213116
522362
600680
840943
170005
287795
919221
501714
551341
483705
805979
70920
399625
131579
924961
611544
979726
688875
307450
30098
984558
932535
750858
429063
656341
659223
141397
967577
276784
616778
324881
570011
201616
38837
922695
387414
987695
308812
836771
963832
547358
695765
748637
523563
379836
38609
512311
698121
32860
162770
110041
466164
354665
238129
151321
24754
374190
333574
987590
612276
597519
143026
203837
633321
910774
453719
551797
853145
553783
557111
885053
336633
212653
212108
339882
248868
897500
160819
900491
510495
733266
686823
404275
18533
491293
119466
437402
388939
653224
81130
139605
358547
32529
856811
123723
447201
245858
40988
148469
946783
584667
294149
415141
112016
659474
660897
973123
898586
28532
128541
79020
126143
128095
275954
772490
733225
368597
946862
587117
385462
816386
284407
644786
800892
444182
792764
921436
591440
686065
66812
483750
635385
247807
569658
765902
662501
841336
364318
424272
688377
789769
986981
802669
237276
781530
392890
737792
677073
543312
501884
564437
356232
168445
597087
784935
811416
97518
532954
87290
126507
223071
201402
911145
122255
23200
791647
973637
675431
803290
340602
795550
334537
822343
594123
77784
745974
723823
169574
686941
224523
924185
87651
965200
774426
804205
246164
422306
382077
360723
567513
300907
373595
121592
793442
597623
38132
614657
94861
772601
750141
33079
888283
383789
936541
498166
217441
749395
293967
831172
818428
507698
980730
285975
857871
149777
466851
473845
959505
22603
419559
235626
234252
544977
516475
348951
931
838275
755959
186554
440356
591266
27918
825348
408687
589450
571635
968980
289868
431437
393703
137236
680023
991452
167570
226064
622066
526248
96381
553344
237887
301203
76929
961485
91325
845337
204217
469867
857169
906141
274045
127625
721812
995244
660910
920429
172796
366848
683896
675353
593958
854634
741522
48409
279902
120505
849523
82104
550783
9238
243387
396847
343529
259411
364559
33708
741862
979459
445705
103089
772901
889630
356899
525712
646923
653021
200414
327028
835258
756239
344984
526147
990219
595301
948969
628032
820146
435779
176805
692782
131393
817541
545771
844839
500780
154092
21259
941004
873069
279625
665449
696624
953069
286965
365885
428205
676055
784200
633691
602797
669996
392532
846386
964188
753487
518945
816783
322314
712692
794308
629979
844610
827628
613862
810755
263336
493700
496952
356993
822034
621044
342672
808825
832852
960280
129799
217013
651028
975858
698769
983220
170475
993251
654603
635882
198839
126864
614145
279249
23305
413113
507388
139731
285561
197709
640836
878809
111425
322585
741419
932383
500111
432437
693868
172438
419948
745119
843570
142645
34829
508340
190520
918479
765336
215546
866130
264142
457739
452475
419684
863440
668605
583847
177642
41860
869860
794522
863452
15420
45326
385564
827766
187006
780938
958404
619820
479600
83706
8682
745816
753394
508010
572478
608972
764712
880031
16277
514267
469071
376934
861516
481508
827037
200488
114542
377979
326240
415684
739262
471626
938371
295310
618518
902859
122354
807187
422464
239678
631964
487836
62741
873496
742753
198056
996117
432592
624886
419346
633818
562820
508457
823948
644611
361307
334819
976368
316837
444744
224668
271916
614881
204796
436315
653591
510467
316512
652713
229841
36178
976903
352923
583224
867313
731901
797746
795315
91538
952886
909784
987982
786876
662611
203933
315708
552142
323277
360717
741554
616847
675815
196308
274347
75501
216436
456837
78714
164382
237998
115766
847964
840321
933632
588643
915196
890171
158969
868165
988018
765744
71444
986801
131199
380034
811053
167719
525622
754333
667492
516213
225523
723573
417664
133188
576291
109457
146779
302539
181378
924106
655466
559256
710037
217794
285994
794688
383399
10985
572638
697334
827783
782138
799758
716989
251192
908652
984433
328705
712851
221655
393619
797017
520021
971051
657817
289718
440280
146982
8557
787237
21512
549345
141349
810937
768760
634191
540303
732130
383855
476849
187497
308499
613720
902911
818730
877912
709126
148135
125897
234189
914758
206150
107094
468997
198214
672507
920991
290492
472681
875598
123559
585951
102391
830883
715305
344189
923464
104334
712981
162475
550111
805769
725623
594984
490088
557421
873399
809257
20212
61230
766191
463036
799581
620711
306017
962126
210832
237996
814635
859873
985416
15603
368453
89939
763275
339665
855663
10505
276523
250632
633281
329402
620020
393462
924306
35254
799894
564018
752190
354556
562825
698257
803405
670824
460982
336063
422434
844708
751986
735161
876518
67102
102896
104817
659264
158529
193206
60984
334270
23666
121099
764100
497662
15400
436305
110967
978346
497615
708961
599089
663551
556601
393328
872698
823461
721261
996971
670664
555637
35157
374975
485516
440314
888664
981310
960403
857135
420557
783568
514615
892086
868421
417018
119362
678846
324901
473639
344771
591457
498092
279387
862951
97554
367329
615114
89578
910876
852790
569852
98744
446800
378891
187966
710478
65824
317624
736585
308596
672067
188042
774150
301374
287175
476569
737577
399553
151538
619167
472944
98112
591222
839499
830798
58320
176289
839024
454946
560112
831893
406952
248636
192438
831796
842682
743315
187576
245847
983758
79517
338076
941162
880831
784403
410776
691635
1826
184649
690886
98425
171213
938424
290973
491969
370729
949580
706227
11918
738458
528553
933320
186925
656149
755128
401008
650279
308172
237459
327459
118536
947433
813107
520843
790464
720661
957288
107141
507886
56541
711372
895277
963069
272065
575103
318132
421604
32663
265174
561938
292245
185720
541384
914252
383110
563873
564893
701112
950702
282194
805983
532090
61325
510534
699136
565768
332264
507835
617480
217033
681562
416015
980844
344197
549305
91636
234200
678513
373680
786241
503798
261528
93182
454115
524847
157811
717347
704920
527968
503834
69788
967398
489827
749659
156979
743218
608232
486032
386570
326194
743093
116727
38717
69588
249581
177409
736882
97958
166102
169566
172544
939241
155319
794852
239577
990197
694038
189875
719703
312685
506880
510307
180308
733504
165570
696492
163541
942232
42784
490612
16786
487031
94707
847112
946335
718907
950493
113382
580789
596078
565840
352153
891028
418573
568270
301600
96225
565332
456037
473931
697072
818226
363891
162474
172679
429307
267489
821752
7752
642290
260906
146295
758388
682285
671293
402970
871980
110880
714111
10032
510661
82399
510869
330742
491262
591828
551208
822055
598220
347671
47886
234739
233482
482452
203102
981173
588151
786255
640064
484453
840791
299029
324127
603814
150735
208317
591806
782626
218081
104066
600347
715332
819774
797415
203935
565474
248457
936688
967718
878942
178542
920715
991585
258503
695171
381409
94491
369617
618213
76627
168567
680759
470552
885456
583234
137472
567173
802088
385267
813670
670415
898923
53364
99960
923514
442097
286857
436283
738260
6575
225326
203486
367131
54045
833568
438487
149535
902571
321917
133474
66538
764947
903340
447897
208428
639658
645254
793507
133068
490906
528470
867536
162178
119031
696616
937431
119201
698411
409875
797240
708656
6435
554501
848241
756916
964308
455752
11932
597545
526907
532761
844821
919104
783367
46656
570516
475384
9956
428666
668748
203321
940442
718101
388262
54645
976393
388129
430510
565801
463882
462908
349206
105574
579640
448686
523604
103264
67076
56692
85756
578304
701305
89936
91298
231498
195384
963562
538135
789219
585051
244510
507021
214597
447133
294616
458611
487271
282145
436316
730492
493542
128308
593717
23415
309411
927331
604135
832826
800437
422892
140767
105114
805363
661512
281186
243785
167828
774994
282484
194115
41564
209147
63631
166747
364009
133430
598076
913911
638694
586547
259719
758847
763321
406206
697809
782900
420959
334678
746041
96125
372906
610698
900029
60274
177964
55087
576389
653003
684035
595521
979129
443517
174673
458563
287629
120981
240874
990439
107123
324641
557209
635083
701073
235863
948622
636332
341596
471971
169155
762135
922217
979247
386007
926450
489142
884452
740079
227913
854686
55872
788319
94751
636329
346856
491819
228052
180745
586911
318835
171494
470035
990759
872048
355151
162015
908169
907411
705789
942771
196913
75251
181577
281613
422398
183755
756086
455206
280048
496144
873152
547705
120290
933177
652197
224455
197602
617384
131242
411011
927619
274199
647270
950200
772315
195131
144975
45585
731862
241362
933746
869492
212674
476116
378366
510360
341733
476429
230159
140650
453862
593760
232347
970771
364535
766697
939728
783788
164651
873701
415358
237923
327453
2545
129683
101255
514462
974624
905157
747579
387
386946
934707
262655
995830
645087
990691
217251
933844
200874
579999
596722
255493
942244
346008
731415
881503
693578
1267
516250
29197
51978
883236
205919
649860
659534
396830
678818
113094
493870
242352
367719
930106
520896
293415
654385
659793
67989
694260
273708
715660
83171
818256
212855
526612
174881
886286
580319
558755
312731
209606
261800
281194
625928
990808
249516
315556
919428
849763
873938
675553
861845
419019
266566
149078
245591
269320
582981
549251
396301
891432
343511
180797
223286
712620
543994
528073
557818
106817
18988
967804
17276
980960
173796
374167
471624
762074
61860
88917
220537
450982
528498
272525
870491
507628
663052
563631
831984
798640
200283
693937
739629
844885
192761
710267
626945
613448
967865
820581
76115
627159
857173
313428
64745
42908
979117
185907
273337
2098
555154
892841
690323
307548
769334
221268
930356
697883
169781
168817
747931
758601
712958
989303
590877
732585
607565
631503
546612
646532
209445
533405
722513
819850
418
255039
91397
483220
693158
842129
232805
71243
999938
772856
588559
286224
722497
576751
912949
431617
932580
392946
593628
358807
500984
207199
777444
781428
700258
337956
720828
617898
506170
746159
317557
110745
805561
709607
316663
643581
714140
688672
590225
656857
246763
642403
7624
337369
197549
870952
941020
256138
568740
336041
710263
585410
931051
991442
910329
799803
848683
801100
406174
332626
447324
948424
164069
135324
498168
626668
413429
695185
716347
979123
479284
450261
273369
141523
193780
339031
795292
59990
790663
764689
194483
174584
545165
828169
966110
534048
258969
924653
927040
825623
522474
599802
955461
947098
478803
530874
45647
177368
370907
667525
890403
73070
870694
172134
365261
369100
948850
52018
27957
872371
878135
386560
30480
317163
993765
946678
260897
661745
273649
783925
168803
810497
229532
542950
879838
357892
921200
106271
428002
235483
40653
815066
702554
493228
583178
404746
970628
758232
248130
494609
19284
676238
404279
839329
983736
438465
307987
621190
670230
114896
644556
593425
597059
962420
969867
130214
116344
835461
518306
36620
235452
725049
338291
567851
290096
932866
243717
40908
436163
363795
527196
592440
630883
255838
758115
127369
730183
702853
706593
575206
590280
989684
268897
607180
70936
421719
193036
366571
514729
786707
150788
673115
148668
228412
121868
818767
641404
158150
82077
168835
864763
923556
710524
794006
217458
343286
393935
57228
193218
326201
183923
90079
275792
246035
721863
413789
947535
381587
917013
506813
27385
446511
288085
117814
377235
719977
426758
690517
508698
837595
127814
327410
817811
352619
541510
141717
725174
335963
649944
873563
12311
435145
948953
949639
966863
200586
166277
403579
944802
877517
584071
378183
732843
479408
851220
580025
793469
619098
232541
86280
130438
809759
300583
430283
298546
305048
524942
929961
663388
318642
983802
256662
741558
754070
239469
274438
710852
177758
947900
500293
323046
136141
849646
323278
346181
846381
803057
707200
317503
997984
246726
673890
804069
115956
207202
107490
440261
922626
679049
868740
139547
367674
657853
749620
778563
213644
826457
909951
810881
338348
974057
202141
785385
769566
965904
644871
406343
775015
997106
528641
201096
628988
215043
114958
708715
852878
579702
460393
179365
997886
596321
310246
394246
685845
432955
896980
984079
100860
150956
249396
116816
277357
343481
560160
509527
691231
909647
993873
362541
777081
473365
505496
141565
18580
960014
974899
859554
179136
63867
229510
927407
31493
792322
716289
938598
436951
568084
237195
230508
696227
761796
29154
2502
486042
170075
967679
516926
572135
620607
153739
887473
451560
1436
445057
42117
397495
586042
773013
580353
230785
744801
569420
771639
789462
578169
781385
586207
351666
29642
202682
254569
622614
824189
755893
819917
138863
151063
77659
476918
836855
612192
925156
217690
647487
199965
714312
486584
830524
471719
823561
317287
866946
755520
749074
571441
318938
261238
639108
10923
69813
500015
77379
892619
939556
885384
420940
924062
74951
456360
891887
657793
863259
337950
165038
332151
360862
559310
136100
637457
528014
193243
523277
559181
191043
677664
847549
108967
771408
808977
585282
696649
921785
148122
166216
316221
117521
57501
150975
776653
129205
869559
302893
22543
178838
228641
341387
559032
874718
771121
18952
338133
205291
298192
423091
811758
679916
360532
118988
481559
660636
659857
992700
966287
753001
363136
550302
680900
478379
91930
900357
418309
676563
48782
613098
273862
303282
609897
862646
88472
132080
990176
406376
723539
939928
652927
538158
576061
575873
264924
782027
442222
447227
280406
247740
452611
839497
926685
114527
109822
855327
993455
645507
191683
756581
250517
691807
987042
275971
551034
97308
465820
51923
249671
196757
900057
467081
284548
142218
724593
543612
262151
705602
447681
906954
95861
714056
597226
652574
224269
567454
255072
288559
493811
487219
708979
121247
885458
734469
629273
516770
433955
204348
615457
375068
328219
617017
123345
461385
449606
918670
981494
476335
568084
126573
963038
540163
495013
273134
294991
856055
997101
945094
381763
99130
834590
198959
230621
27964
146650
461762
279419
724769
691298
366181
548588
878070
308096
593187
282445
121111
458596
337554
122522
384989
44006
86162
659423
783657
462593
127507
964526
128702
616762
410125
532949
429327
255810
645421
834989
92766
665852
196565
507460
826320
405701
595112
47616
712764
949161
439468
15990
914950
429148
557074
273228
110872
531482
706025
525313
423573
796509
141987
773547
916496
84975
181145
686413
857521
517261
753130
811712
208389
488185
328210
277347
672966
812105
849152
944939
354998
860624
718294
435264
603262
606977
733446
834321
304327
207132
960870
663004
558752
365358
819809
681543
749121
924407
305047
796634
483374
686616
645125
449962
864298
764028
103628
706859
809438
883068
34838
830990
748755
636257
579139
615574
745619
547403
245523
776224
232429
151169
144165
395673
15100
512022
581220
754137
324259
669560
323758
231416
419998
501805
160320
275854
707793
461339
626135
1826
489576
821367
416661
798422
157836
616726
300097
690627
583063
455278
237047
150445
418384
651596
523
464444
643462
468123
4515
16606
338636
67736
842376
590798
915540
342359
789633
993866
172693
242359
863753
811584
124272
7030
240766
498179
211750
47219
415019
540865
474744
817613
685027
467126
436120
720196
855913
259365
308548
552421
643968
103272
156229
773259
422201
215216
374824
296492
249002
588708
874020
368425
995608
519588
976198
227695
623941
564538
57643
103522
160411
282180
19719
925680
417997
829215
161007
968985
537120
331242
809240
542089
227387
851997
329146
258484
819064
356711
814696
57144
348387
444804
423215
875630
46593
851581
809274
65011
799090
196439
463516
695242
784725
65817
761675
22587
234509
41067
657773
901272
378545
617283
944718
264925
715728
806106
607706
178362
616606
202885
253952
518162
267031
503529
935034
518625
712078
84497
372564
191390
637187
494398
702534
752767
198891
124852
321816
229331
588756
138773
478198
798950
183409
349345
269456
34358
880287
336068
72167
611563
825121
84971
158022
23107
842147
464372
600789
998185
951747
972495
705016
56805
120868
336843
856881
29479
535647
609715
641700
28830
892
9914
954004
435862
566439
791917
844574
70967
550053
256519
2999
30139
3435
429333
684481
987297
550565
814453
68095
713710
644617
405927
633157
674966
176619
491985
173273
360029
99997
721722
777783
797005
981149
65913
551472
584414
639598
30906
505910
243080
226194
875080
905056
453857
614737
560080
574232
124095
264300
240822
797957
893684
761889
686566
634441
266036
655117
819772
307034
764919
704593
311319
124318
742906
681054
99688
671606
673130
658203
907840
665574
577003
738850
567820
617015
874860
192551
821038
806326
495220
11351
607609
839176
252621
992668
862593
147246
219951
106786
262735
275764
513611
790593
388032
836466
996463
238744
810630
812325
5734
533246
135835
444021
927411
143959
128199
971492
388449
227229
672363
950335
469985
376513
70483
813193
416571
122130
746630
405271
668868
287157
312361
423707
171043
460432
943749
403007
576791
47042
364883
594678
574784
862159
540674
552023
790550
30375
273802
116196
687562
761188
871992
720465
445275
801210
869920
265863
668461
201160
746981
233171
103089
351810
5994
723212
360183
674664
762768
77306
815620
88560
381285
91292
868428
371604
956728
218539
24468
822292
647929
776855
36181
101505
81377
221584
838108
897971
212230
594470
502070
503203
658744
541084
313870
856866
580768
298893
658685
138251
89537
293041
92263
911206
52609
425341
333341
503598
903886
424902
807323
972866
474980
211205
350443
723033
145568
670379
836127
47474
3327
129745
391792
291592
32938
823453
462835
634313
501219
917713
123520
665785
853762
275180
41276
272562
803801
538372
922641
754043
611300
318456
551486
182136
114650
586313
585123
941988
149612
822813
77668
428044
447199
272463
748400
856232
117861
586874
810169
156561
734926
680432
276038
82518
420406
48801
750086
354602
683493
100821
671263
265650
570059
154007
226026
972884
247351
232996
718067
150660
662750
961758
647390
573292
973349
726901
654301
165112
516661
337028
746493
825999
771631
266838
903357
858910
401361
276449
315863
819680
421576
427145
507529
345816
772789
249086
324300
806389
19094
991786
546011
318482
977069
871043
622686
497240
787958
349336
517466
788833
925096
594566
202852
6082
512157
779575
274
298272
948566
241747
235975
169663
376965
633016
575483
598982
715073
835627
170416
984593
860525
548854
924509
556264
819900
498717
931374
915218
527762
314795
226197
838120
397540
781025
288539
9144
627687
491813
876904
116653
922808
872938
445669
402188
197537
183
896960
341187
730961
984470
811628
947488
436232
407615
520976
982724
529956
749028
894044
960427
21290
737725
382593
36995
269896
525735
765557
178075
60912
88324
16213
888910
752167
751665
354888
238857
942002
148211
591145
552292
146198
371763
487182
10160
964806
467968
191389
495005
13291
260537
106911
672261
764551
130431
258911
22065
920931
751283
72787
880081
690159
635031
102240
753822
357295
364083
897552
136895
567516
920910
951401
470493
696646
510745
357190
842671
50360
829175
920720
372557
452949
677318
51637
226516
678343
231506
870387
863732
411163
783448
175524
4636
985652
259423
870499
819504
183737
623258
251785
83395
621396
646338
78631
271497
706108
750974
987777
630118
791393
932433
739206
346356
256596
122019
387013
148530
312059
804379
502409
740020
638288
411809
744888
848203
215226
871360
366998
731758
365262
495119
333358
839677
996506
103182
126747
305297
780048
18470
353979
315493
554130
202169
488432
716038
897289
533773
639424
888359
960825
762896
743861
743012
689253
89021
488085
7675
852300
98729
92414
551750
486149
390090
558746
712313
890740
458876
76102
432477
803614
505204
183491
570444
526048
305350
45844
615030
154572
739954
965647
513228
792929
160064
698441
292359
258236
165989
908351
870058
705694
769981
646305
240262
243686
971385
429635
780532
947467
297456
610657
572589
912264
507374
182525
358794
418361
660148
712901
595397
439927
770528
381149
381991
318920
716411
777716
968926
391640
448463
524892
628644
34711
348672
223608
860504
840502
302569
338397
115709
75177
140104
900553
189205
871056
575474
233155
920032
944532
764592
834176
386320
173919
416762
473373
454802
698574
309513
131727
222827
771206
504276
917158
363237
517
700583
205239
601705
741714
412030
92301
683134
484752
789315
764019
439780
174303
875747
931016
231396
318266
968715
699226
889104
433883
688052
992488
609170
467010
663633
230125
340094
526159
381051
793294
571212
875645
173613
772796
336511
480000
68606
630554
500279
285840
674992
456911
249505
421124
551927
963700
592592
611953
779826
163342
948707
425401
135252
785238
359231
206300
931856
516072
984133
912747
682330
76879
713100
711925
498676
895555
497180
126233
26547
874707
351202
692503
692976
188150
175672
328089
139265
113093
687793
411788
365881
943807
798188
682562
878677
139118
138706
454829
202382
453126
212230
267876
951324
912044
965624
68036
340065
337721
605473
409178
956970
480309
876839
743237
564392
794003
784921
758936
252055
739885
170343
271077
737581
404166
553310
391364
983822
543376
140217
249650
781253
574519
565024
555600
175615
668406
651011
745622
397688
905869
700358
820602
452180
717661
820837
225002
331413
303247
26298
821820
406103
857386
484339
555191
273639
200722
547387
743411
99053
665089
774039
428017
735807
335576
883053
378542
559730
733970
170468
420041
331221
948424
389606
104498
558448
916912
713573
690943
190654
260388
667350
623645
114635
679152
118035
27296
848345
490156
615676
567240
727339
510192
452034
258729
845975
469629
639632
331427
850727
85309
675997
202497
852098
156456
976950
609059
442330
730284
135544
842131
36244
804894
559413
690303
919342
447074
36557
41508
341302
317374
749128
667615
243904
715439
123119
579276
86534
381917
952057
435846
745510
518559
655317
891255
32490
993961
313600
796352
745457
112802
185648
733645
388186
562440
84643
67366
312507
436907
326277
551853
369653
482266
238286
421820
964390
723155
459216
788534
86966
298071
251742
278997
377545
278806
345207
151134
543918
281120
583775
715409
285098
660351
966569
612956
313481
63753
908945
286348
252245
829579
651183
173124
853133
721874
401153
826190
947290
470467
989236
695875
699971
144376
874418
97045
648715
133940
392222
6833
887893
933445
636776
299480
702688
135982
816879
387059
685029
857637
233702
403755
526949
472205
779759
861311
965577
949512
813589
738240
193016
352127
709474
659299
283134
663758
278995
404444
370480
448339
762990
305135
932607
425302
166961
415450
565810
209221
718396
798916
442613
342302
416087
355808
817038
972938
81066
244813
871042
523064
513432
684786
271114
314486
750118
661757
393495
217904
18215
653249
454754
48687
718348
503989
142911
618659
347784
86489
885494
289369
341520
152112
354117
685462
207415
773275
537323
924070
508162
488679
4934
500835
505373
620469
50197
295494
267624
168143
740406
675997
743579
110522
790133
597967
418566
250078
829254
645299
464751
292578
194319
505001
483352
746637
598933
396455
168303
302028
221876
622119
445196
93353
695125
162876
896620
277232
129598
735803
6791
504492
381439
970490
231296
412925
476779
919172
817857
968009
743385
533482
249155
86241
699915
789904
153079
732150
409122
391241
899210
397147
274688
389109
359319
613486
911220
88494
653794
823795
56356
269537
82509
559225
587609
865794
795199
241721
946133
125325
396556
917599
557370
182032
463975
720319
922946
369776
437142
367420
207416
920910
853021
651290
526420
915671
295562
666182
209507
715600
397840
979003
511843
428329
346701
968178
847363
926710
940416
153137
22759
11559
241528
656943
778263
866493
478841
603014
781864
629627
674987
323645
136200
535520
353115
54705
706202
577004
645283
457327
631603
847187
547913
326772
718895
144198
818530
204926
210509
768627
549123
765696
565259
78454
195418
527920
586377
908429
741142
185942
795098
808458
902248
70027
340051
957682
124219
667209
707340
361326
83418
794995
170418
677808
981058
606976
799777
684732
43727
424103
198646
834936
519025
102356
17766
12667
75214
712444
56632
599426
540800
253083
203383
17297
164178
414898
618894
522113
353386
671787
747797
87374
342058
111200
942394
717986
729598
950492
242747
994497
359304
77289
915315
946995
711910
246686
799847
193945
226839
886421
743119
828347
625817
259417
433005
427645
609167
49770
621270
592423
70295
6672
136290
614770
682060
464347
680308
96672
887652
635475
309236
574492
45095
766229
128312
93265
854107
460182
327700
923342
926137
726147
70862
9843
805018
913332
239527
410381
547887
895862
577191
413806
66181
843226
96574
155097
127439
605628
247341
500733
87494
749170
688488
70660
519678
348280
510466
570020
744321
502861
968159
720830
606796
138625
568452
880497
698171
858900
303747
925262
970434
312365
323468
679846
14474
931001
480657
602672
248926
885520
809444
412664
360737
50059
316873
916120
246920
844390
535806
160629
937664
791269
521059
857962
557127
776051
239316
477284
448548
861461
360693
863645
813523
464500
368522
293221
76604
735297
676409
574599
816816
894436
733495
217695
351660
734478
268711
609340
504085
754939
441294
594432
627321
218771
647852
770755
610203
627284
318990
822569
934725
873564
812040
263606
250581
708960
548625
875681
657986
655611
973447
539046
977000
109341
714607
356286
621503
257728
9536
432532
178567
803592
355698
444676
893178
976231
466715
453503
528333
598705
507050
913534
725213
634730
309796
82783
420237
579950
534410
763112
741748
294112
183708
94368
908224
555227
972155
343157
656959
139391
524962
592900
801059
917727
461671
694996
100818
615023
236294
680063
814546
585018
882418
778880
651702
606477
875618
113033
833008
163982
406991
806221
386083
46281
419370
958996
715644
960689
532678
752165
513283
778555
589684
660184
632653
839637
327
764743
851189
93602
246583
391838
528367
319666
483959
9746
5583
654077
573327
128700
870384
999440
165306
34972
505412
649338
360390
212477
115853
68380
832184
970887
197108
426112
450058
43986
113396
816581
126852
371762
657050
971805
724166
12496
455425
696933
102279
419017
249843
236711
711302
438828
458626
431766
412495
939209
492919
282810
653547
502082
139197
264353
94137
906850
270664
117862
977099
673440
691429
623724
420816
744002
651657
126349
910651
102300
31721
938621
316377
335257
477138
626985
405063
839401
754349
618062
195302
66593
849743
695297
386547
933505
241648
375962
334516
520450
418581
854656
562727
19459
683411
257341
562178
117230
401153
347152
659119
736097
851243
380551
112853
649038
298155
667949
376381
198483
1136
727158
836266
490739
199793
543937
138409
761503
488444
836995
643529
202183
586813
767983
276913
969172
674287
572761
299188
463934
526970
673587
361644
662774
941354
129027
131861
211262
805229
411909
485082
428281
438650
731869
566089
78640
622538
130784
831862
727830
734930
923969
554065
337871
395270
468101
568077
418288
396789
490078
118382
196952
802640
494178
229751
984441
383287
77720
220758
658193
837326
427733
932261
995206
469432
778020
58049
929987
15252
571211
779127
660824
232535
37154
947596
55036
753125
14600
412655
856192
499826
863369
810374
380983
399158
854954
496061
977988
985484
938766
481376
957002
536482
884147
589192
572238
894622
313613
797915
127663
332139
543714
263343
555466
321083
335488
258477
54833
645308
816989
758855
874062
263928
642322
166264
205097
34643
156137
345762
979976
238996
411012
199596
574018
519517
650379
624945
544701
599358
866437
4986
80256
850204
61694
864905
258626
265080
665591
503074
418716
630324
45504
364250
5604
122360
694358
37741
68391
940454
447143
463623
779938
793142
73423
496210
726245
589385
700502
602065
361634
42277
179969
564451
684254
503268
367200
249936
45333
812803
862638
505239
900808
475740
234991
867813
226777
686551
319640
548427
162252
808995
538984
66275
244996
154670
21413
57304
179230
704847
865857
252213
513494
961198
145552
559542
335845
163435
582556
963846
514900
457041
906853
959023
131332
157861
20321
838352
551677
954634
515728
628422
78563
351868
136435
632829
942105
261146
520329
919587
321600
998240
108186
176602
471128
895864
308184
19846
264952
277577
318448
12518
316534
725568
443573
63620
356456
676554
113776
475889
840371
758371
130757
767805
296881
746592
697762
192407
512607
313872
900306
734292
185651
809995
204444
616580
716380
615825
630529
855310
662140
492946
115111
72247
171666
247057
667527
53857
610572
326427
43110
334643
440134
534790
769655
615680
400146
742947
692103
150757
883560
300619
317582
922578
357271
955468
240873
342508
241828
498771
743406
8302
69282
382417
848518
695647
706066
535420
841968
809578
472431
671621
403817
611409
49772
596206
846977
69235
799795
530636
149590
326058
206723
427262
147987
585126
27263
651606
787275
638076
604719
319536
968111
228770
958861
717562
493384
144071
960675
439779
720355
106789
205797
446088
682144
525695
546318
319585
924051
741884
345578
435068
914848
184457
824160
582228
674349
983841
568882
791384
195583
877783
115724
104513
198589
100116
428036
16
168020
458627
907345
19857
522257
208338
53750
789395
317108
264915
912745
223014
866492
176792
18197
40131
940561
869031
157004
319910
108292
950928
784541
351004
311344
107745
786918
236231
108149
99112
383367
618381
518910
264640
164949
876736
826134
493034
14065
405277
442115
140083
346834
48909
944974
205306
702243
391
248245
555309
355550
116964
924393
923748
439718
762289
971777
854800
913665
289900
265673
924205
355447
180298
211645
136470
510870
591713
500086
379021
760785
908791
459643
434863
859614
173859
404465
510543
573895
980296
837616
157006
586521
731299
850298
661468
714533
267131
224685
584295
816554
198767
92647
651389
606683
788286
17981
685554
162912
595461
216084
665077
223723
572178
825376
718426
645885
206510
174256
293237
564186
234206
155412
972266
974174
763303
773241
603939
162271
884850
241894
42262
450901
245000
247471
453403
409730
643986
530958
385369
982611
439813
577563
498224
415019
250970
487092
571248
221272
848188
65401
918061
605532
659217
952266
259032
568521
360650
792074
115119
550855
711943
259638
974205
207368
461059
539893
895147
508367
351930
751340
879449
929822
884144
567839
994470
305510
359811
506961
457489
916502
852975
907901
975095
3347
303986
914568
623230
381002
661021
338257
343954
589465
873991
203659
798377
866655
558101
266970
682267
750551
355295
339560
160427
205190
387220
245148
950721
940708
676129
540548
30717
420851
66481
415674
138899
716060
358533
292987
343492
320315
762323
643442
536358
218715
689116
83935
505283
541611
398705
662838
684136
998627
424627
298750
987551
492590
818167
906789
446848
939743
665997
859563
880902
10431
75612
711294
882739
139848
26407
485020
173641
104026
874486
541476
712293
277536
170573
581669
236690
34555
19053
625249
247024
149920
357951
424709
334627
939032
547149
931535
127856
582216
576421
546711
298361
359450
622398
783096
531819
544847
480356
755702
983873
695408
940023
197801
446071
437495
413567
232910
925508
52253
992212
759627
536825
602850
889071
746735
151080
67347
81027
986766
323769
830279
736863
619469
993861
801928
458546
108236
32565
239349
780355
640352
217161
544750
502141
956313
645407
399286
809412
953058
453265
214670
814784
500655
409779
957475
59656
727440
227021
796035
893695
363834
144312
910522
429096
933891
451845
811954
599036
770083
355263
376480
694951
114543
692935
767168
459575
437953
412748
279602
564455
218691
741382
840949
609585
872401
194744
219930
237623
254547
725309
772908
739418
196282
263140
362481
828338
712420
512231
578852
304283
549533
676944
278693
244951
742720
397292
966183
524837
132538
292882
872601
631632
851551
603777
806392
758550
558513
550676
606773
686841
542365
458209
812825
806751
82946
524592
763391
801147
689603
308983
852345
432338
133794
240202
149456
170359
698482
364511
796289
19813
465569
396252
191037
667197
604587
669878
354525
799096
602382
49305
994900
455812
331565
483408
360679
506381
502397
161139
750332
239574
115261
577689
196608
553544
33045
416214
202713
564992
440853
200634
950997
775966
173402
886386
137148
50376
996574
894370
96483
135882
821386
954123
380991
378212
83668
89126
22902
971810
643254
703622
610269
800754
465512
599991
277415
837674
745737
852438
79597
447712
347650
684140
444298
963294
883651
598824
229150
706920
267046
232176
209038
799662
570241
875032
679716
493483
555480
208250
1180
94324
426473
780892
50598
329865
62649
614422
151184
309828
652588
547566
921635
730730
960192
201923
121094
896129
473726
873634
396391
33092
493772
466010
472634
141391
894937
614980
436502
813139
710023
660201
496380
315904
818227
488430
239310
737490
965447
744854
346511
855263
581473
943209
46811
229822
312075
135656
135516
63791
692927
51021
784219
589901
798435
989992
919429
720710
7893
587571
530302
220069
345159
398693
708303
555678
686798
452974
285825
957658
960824
109618
73508
787940
12060
953509
970250
683311
33801
333805
786646
848316
554622
215476
734509
101033
99168
583159
309691
282230
76432
831162
581188
49084
540605
668243
66223
149987
580526
766258
82937
970203
630168
38109
210171
317365
242139
384219
265100
593743
758985
913546
975201
380624
542038
470033
462677
259148
988642
499541
495896
502774
190564
409937
443274
557459
783533
826388
771047
419900
691322
437995
278631
433238
576836
515543
223860
576312
438234
164924
129659
470014
672514
565521
679833
866390
569234
136426
268832
804759
278369
637664
532876
271389
16639
822973
899035
74714
839987
209981
982734
378933
933989
117962
650491
479154
920141
577401
993320
584249
700108
588049
491048
661905
639649
322977
71589
249065
986679
744314
246594
441573
818203
569541
35849
396556
802699
909703
982912
657229
381214
324334
646718
47528
339453
528533
473984
894553
686421
137185
179603
499185
780302
101109
50965
477248
222863
38830
335412
193158
399475
812116
745126
524739
5093
873404
528393
737068
787947
146161
210850
224971
199422
427839
601395
923608
735968
738454
792947
808897
927641
793863
253460
20102
64720
656301
121460
88147
522606
57436
124604
826184
61923
423036
348008
862649
962177
638872
352130
105329
649173
705045
74321
754429
443236
495476
456456
9361
251951
198241
642801
650048
709120
847309
120282
671102
71084
470168
875638
794203
17872
234879
332976
694305
107905
204366
663678
351142
921445
203724
215923
266371
591014
679394
907406
318438
616469
440484
195155
233724
292432
12390
424749
871238
124579
43224
790342
774047
162486
142575
877775
893459
169102
289285
351962
548301
165318
283117
896852
645170
648572
738430
376721
93689
657379
856819
472432
439738
170941
48071
359254
472735
111667
398056
26176
36700
91905
954183
8440
901100
605525
374150
200768
976548
258658
502256
280423
984282
350847
908454
170901
816849
276148
34333
766755
387495
748894
290919
44682
462724
172903
290203
551738
290714
456775
516477
374489
619745
883505
35260
467886
790807
73401
615033
60180
249488
220795
255960
611864
813602
869922
117584
579972
292705
260345
367669
992993
23675
923527
626970
821222
798475
180694
502440
209271
448206
31854
668832
552333
570997
327929
679015
285314
257743
554043
225384
793830
463821
617826
780009
159654
745918
982087
666025
724024
182233
760086
94399
203397
127577
17327
950071
921689
391114
494983
469495
421590
783241
178989
584172
456015
273359
544815
822999
888986
432333
522873
21826
96418
396321
720258
197242
407965
106430
723811
618551
287701
38083
643556
460914
311641
264512
980112
177489
340705
991725
522990
737344
443394
861660
187044
43556
325322
278395
984913
699209
819828
724783
593007
260889
116722
71384
933216
540360
351917
206640
267918
122169
14008
316839
375742
511948
198775
644878
73200
199622
106536
559178
164105
973139
367524
410626
860158
614943
902882
126154
671805
570002
325039
123372
885283
299060
97004
75749
26456
582995
265895
835430
402346
466721
626264
722676
573582
409321
784552
22357
474773
248986
493375
133126
390823
815166
740446
653700
182735
128421
543456
38723
305237
121910
156129
979273
978071
178133
992388
687032
875025
467305
552538
326827
85163
163117
484982
837323
944878
745963
491162
830300
298689
248882
962455
520149
385271
168152
261424
761949
751857
778487
798612
419177
133495
899732
917079
435693
538383
96116
703710
635137
779842
196540
753357
616952
48358
712698
207557
753015
93959
965953
106562
205669
109061
872049
726320
710571
748478
227463
813895
700875
865320
933525
533085
366449
830643
40106
826007
800569
996361
179384
961134
696342
452156
599307
460766
721947
803647
427191
495299
167666
234662
983867
229702
593126
159308
246732
127256
832896
968292
906833
221886
950855
259786
791296
106829
234500
436638
549255
395492
267289
802367
379711
724646
374170
688016
593604
332274
30749
382491
562865
746470
496314
872820
872151
363013
185151
169344
12537
9807
734666
45538
42289
775077
466714
866886
546103
90547
23017
103506
398982
286827
718560
752388
975979
41817
612193
831201
317806
820220
878780
630371
747526
778920
442630
751841
853745
141599
575999
2131
802197
458293
264990
829218
208270
409048
887856
62271
54042
976939
418823
560571
157334
600592
536051
88932
46704
30713
570851
921683
67840
411833
113025
263976
426950
15686
825104
273848
578552
784708
396108
959027
636561
559219
845247
531052
174145
86043
933783
924070
884253
887885
449496
373602
524556
713288
737738
262820
222973
368894
643044
736271
552735
138988
161576
981849
87592
981941
488420
514018
773064
485170
224851
499909
159925
912155
828978
554207
183906
716687
755692
97320
671936
10345
250826
816654
942783
557826
229470
49454
491703
114131
357796
193948
322368
913252
318033
313720
313945
899389
275541
67119
311711
528043
289360
425041
125425
198482
402068
600872
23144
457468
534717
397221
392542
360241
967592
704568
639535
121329
611389
294880
299255
431350
599418
891399
17478
110632
108523
224741
564439
874838
227558
703001
409478
944103
43670
425369
109428
749306
124196
59788
845261
9291
214000
742311
259521
958670
227904
247469
386211
24674
905700
762248
261676
857537
450227
122514
435762
687937
21289
629416
852467
187135
692695
487774
452224
65469
199537
571142
160784
992840
957643
413778
452924
250109
636170
937666
802298
383415
479728
184097
290537
677608
737913
552927
828647
373946
233832
589146
691523
374144
764701
632070
124805
749760
165479
217513
398467
389058
525580
352059
326719
679361
874000
194866
209920
843833
913427
994925
259336
437239
540047
920469
778430
584273
333242
869483
431639
572046
752068
327299
941244
344200
605558
318722
523066
560783
165114
381105
398678
884723
914574
46772
402158
54128
295933
840904
610333
521539
732584
301987
328683
145029
98095
909187
97744
249304
875786
137586
254018
883348
244438
881194
761393
588899
306171
248423
750950
343245
838147
426966
294449
754063
964744
12172
256569
614845
23965
627519
571376
538828
575782
378087
696490
231355
48330
932776
833275
117296
405901
755020
887375
458789
457746
485232
655910
41282
477662
256948
933204
748090
558459
990248
498056
231180
138023
599798
417722
7592
914825
200322
103114
603144
280000
920156
94317
782940
126769
400039
640138
279455
830304
811062
594544
452570
292554
162601
861618
657098
207304
602901
388368
166773
654403
790299
436006
577206
46678
653370
182567
821913
966183
690505
55787
207571
543759
956287
397201
598908
233057
994907
216080
836539
150570
852378
164232
532083
156078
364594
855453
372381
562272
572237
492177
858909
162075
187667
9794
392032
291316
264910
705936
921661
24325
889045
169465
261704
845275
19859
28874
786911
210711
489728
504215
762187
137028
497142
986229
449695
988633
254642
881386
810308
279380
631987
678855
654991
583091
518649
666160
230777
824608
292083
522769
963468
451411
632146
453562
48292
330519
597043
948771
547848
200639
252975
518827
141394
984958
604034
574858
692874
379632
245345
901092
276096
30187
802832
286163
822562
904887
762173
316680
184441
428366
407739
934420
967717
348660
703300
898861
910761
572942
588107
71317
69633
835157
290814
805490
306141
65433
105235
651561
993777
185517
170351
312855
591291
973881
709139
638268
124960
413092
996798
745268
466665
141617
999280
885180
725546
172185
917404
83583
548394
425736
953113
909582
808100
349969
972325
27061
606985
785116
682467
686744
861418
770513
926216
416057
594908
352830
409036
689454
900411
424440
380931
488467
824518
338540
428883
671415
927944
650753
293916
892940
834998
718892
77289
108744
505295
101509
695781
728516
745522
735779
401541
629546
32217
308462
294869
379299
651469
91142
87522
778992
548601
983791
262414
607518
283461
963696
297319
319587
685680
945595
985226
714125
201214
560073
410540
222092
322334
815514
442017
133789
626728
641606
189058
772062
85003
921693
444560
796972
438239
818925
762849
928650
357924
207417
372936
496964
238710
285370
480090
585915
799157
747980
350786
159860
163174
906592
556699
276289
23170
282940
657354
704481
797501
882618
728209
586803
289398
265857
392678
119663
784690
443766
497928
846586
930644
295729
807905
615577
756039
576312
361178
864021
364279
525378
690320
8261
255234
723616
34445
391252
873941
256257
495348
781928
205199
678065
13062
287902
135484
591238
427585
455443
792025
158087
432476
505242
77462
875661
329398
145400
248379
383432
438908
414114
964709
274352
849098
52578
357551
704772
5583
599102
291089
842832
924382
662501
740682
203133
646814
642618
864163
829615
946043
2293
205448
226996
97596
116046
271437
859504
220774
139841
215987
113693
886248
615152
855044
61382
810774
456552
435771
696512
451757
669552
950848
774746
737958
956492
991674
572067
133212
378719
964591
478537
566403
897421
674737
476139
293511
410582
175781
131720
342896
156424
618216
60951
203501
373147
201243
182376
416675
581648
246834
461799
451798
814752
412455
400624
771529
593684
526546
352740
554120
470783
989288
347103
868640
758879
9713
737845
538261
462142
828902
699632
290385
423140
505233
245151
804698
285884
54837
472008
201709
476643
495114
66592
322027
261456
118876
153141
832184
312049
338373
632667
444189
491200
161573
457463
327597
583631
460321
348318
833820
593649
640573
222189
957148
354804
726306
500124
287638
851577
691751
501812
263729
786847
463326
359407
140511
507322
987342
921980
159815
92701
976423
538035
829469
771973
774180
900696
337718
573235
782382
23851
584817
830904
969850
496427
342698
826229
2498
103438
836355
929255
668816
383336
10061
57234
582268
575023
525721
859588
948344
657290
73849
319851
385795
956868
648187
290407
81569
889228
457753
559604
125603
133981
689635
938047
3625
94746
741716
331629
788684
436911
351926
166546
875189
653331
588564
365546
798156
456025
738653
68317
101005
206493
260863
217094
503626
212497
138250
779825
838053
555241
300624
344088
119419
610772
230723
787360
236927
77327
517967
827986
356234
392911
926156
209131
49199
334705
883784
335393
318575
257191
945608
743825
276545
186571
704461
856274
475261
633379
655376
640397
639603
401331
37552
428828
367681
33737
738558
980065
118203
82641
968793
827347
308194
275698
33534
723079
197403
315399
243898
778449
363969
78535
636396
614455
582476
585878
106194
692535
835561
709763
530053
402427
191927
298451
835683
830158
624120
630577
550247
117945
772735
937422
331653
560975
86730
327859
514954
426865
526027
629862
954136
385883
497483
176861
351615
161794
107952
127241
710485
257922
845199
877655
6538
607214
43836
719309
946560
767184
955786
825401
700034
411655
850873
304478
78716
716262
391705
92582
306528
350685
261714
435791
475248
14307
542172
63660
505099
186775
778169
54566
110055
410215
649370
558203
473987
510130
537156
181257
219573
963572
241276
579156
76387
514433
386766
581176
133968
409241
148561
48906
286336
196934
533945
468259
181619
660792
600309
481020
193589
724470
910536
335626
529468
442784
442493
651812
454191
87544
176985
698176
347511
910006
937211
404288
368736
924238
470824
299056
849590
984293
372219
385115
322525
805015
212494
26716
559793
634534
835530
759123
407062
123498
18526
343635
152732
645356
520252
125547
210817
3972
30412
511676
316687
400595
652362
478925
284433
184221
724809
712124
203650
747787
340265
463618
139548
133054
912141
624227
57108
454444
913363
550863
565563
242417
216924
596829
790095
408567
806572
137720
855166
570955
612418
920729
468486
478804
652606
116825
902177
94945
464170
400
498099
656999
981673
733395
420427
861738
68695
788983
487001
146730
96342
870129
532472
836705
467228
714013
787317
66076
332709
959227
165492
905411
311583
148468
668245
3661
154480
247648
773302
154167
246526
479909
292644
905273
25408
580791
665400
943489
68176
903190
900427
871723
734655
437110
675951
34000
337951
171537
653965
707092
333507
298069
232675
936880
202879
400582
634561
679552
18928
625944
607548
293608
523121
244734
312596
85986
246154
775931
935165
699480
455011
322372
192864
761286
789065
779713
500934
578252
544340
521967
344884
375547
917078
55671
539623
782377
442640
870224
757641
123113
638061
814357
91803
231492
231163
975933
980195
65652
486078
309106
373366
840396
465813
533625
136025
201282
34297
557209
427064
706834
395540
611398
410379
933634
935731
226769
921480
897047
417152
745096
202700
987381
399930
96686
128177
695801
708163
572629
15621
72510
528907
676188
500200
274765
739130
103721
189529
924597
523710
991918
781575
318230
271137
409538
745729
302826
236083
297034
260568
71243
928386
957919
748964
853110
280641
420502
970701
683143
319332
721619
476393
744165
450962
480938
849527
370193
433101
241367
534567
579054
729285
325329
681064
322843
967069
72783
850171
289953
625145
281437
827289
609257
183575
193604
221323
259971
476660
241152
332587
332217
449432
739683
579326
992020
373584
440241
473417
343200
973169
642503
341102
866701
31404
697592
496981
994890
698312
596465
662100
119531
390014
797816
680168
923673
693246
159226
796330
714528
925585
341946
369446
958291
799899
579343
341614
370101
994042
514998
728182
636895
460975
531243
516500
541098
299064
925826
458147
4805
421593
198707
861018
72404
226741
324670
795108
940647
389158
297571
836566
686657
405052
829852
686525
525856
338640
786690
863368
992427
867237
94650
472278
561086
479488
946980
668479
261399
718241
151993
735758
165054
954073
888080
441025
721264
582867
362953
845610
885071
85962
834869
584579
714472
190041
574819
551552
199432
770957
382316
827495
770966
21683
108877
336774
500145
708324
530970
535139
131935
483491
673548
500852
476588
447530
38802
866139
603675
738674
948790
232446
835754
813687
520716
823019
323866
121510
244591
504808
586172
846123
911251
559340
885687
256454
226868
752274
514153
320515
626529
800222
132078
324776
490358
66360
180398
621789
8002
515783
467970
851244
357412
972430
727098
357725
715843
729994
491430
708949
191321
982877
825702
562344
765116
539493
222882
748724
188305
641777
216011
923060
484926
631107
893159
486541
239729
399187
455728
498879
854117
151349
129744
196734
377847
281525
540727
649171
5442
894115
851982
7389
981856
92783
97371
374374
702112
413522
407908
370470
71285
955055
822331
580395
934807
277420
52966
870997
736678
334469
861239
617212
773529
368795
329967
15973
83230
609904
827033
663960
222974
794556
549731
943531
621135
58986
626954
707897
811420
827092
169368
49911
266656
358840
622624
544263
206359
925113
720780
627966
193303
64644
249769
96246
107372
609856
752323
723500
210195
886078
782417
167114
17450
162003
274882
217311
65385
596949
209464
545158
826781
487763
101143
50250
355124
638103
747761
270766
305493
461510
555415
891803
107785
428640
265432
176905
999616
757124
501603
561392
957549
537777
46755
851305
456534
360419
235879
264234
917515
140249
968239
278477
596287
571400
837640
17252
955462
228486
979333
700680
505191
687093
954312
238627
900525
929005
854340
686913
31290
303547
596988
373839
15338
898845
96412
740609
619136
81293
468727
464689
348341
748674
272996
514110
440134
703772
572379
300590
923148
448056
255473
226077
485506
237630
420146
902404
98199
487049
37340
361704
197747
189480
856895
60423
649725
284473
513774
820261
944210
381696
121079
831348
575643
243527
352120
295138
967699
87030
738202
278563
117735
723253
897054
395681
699745
407438
660504
367239
907153
236388
338674
346891
660187
88807
750393
474520
691927
300384
851617
235540
204868
937608
92171
250925
555950
655472
120954
986346
401138
434205
238765
424066
540401
82758
446209
608
98962
8172
916782
938575
958056
515219
793197
226974
446677
794553
278716
342062
189409
370203
861359
464093
718035
347822
497765
493052
5528
937214
946338
866262
932757
611159
837034
553927
757584
116416
590089
16376
633856
471769
517884
317439
666900
131288
859367
100477
866114
591427
800516
678199
367285
446409
96750
204550
720676
307874
850692
64752
786901
339402
892311
221767
774904
674085
414350
479672
941717
262228
307532
584483
110054
636621
79119
779101
484398
446929
182901
395923
671299
778975
775141
555324
426572
728052
632373
52597
497065
792179
338716
809336
392483
197885
566121
291493
748790
470827
451345
484146
134272
729538
632803
823555
438548
23972
296934
237397
894370
668467
791318
685856
483762
532294
788870
703267
158903
950816
23459
988433
911745
783874
583566
911632
203952
297798
788973
209651
575957
58814
424121
444460
775746
521779
902709
330799
561098
231277
357246
345268
656842
431067
695672
373299
95474
236259
235293
278535
211584
458104
690623
566923
53346
77134
40074
710178
250866
413757
109598
990873
406193
842762
244126
547881
435775
711799
19658
949698
60792
900843
829196
374889
299889
483451
492958
609395
72142
778536
127528
632449
292706
215694
522514
14369
719440
392243
948540
745979
224109
822510
450830
925142
664893
608336
977894
291225
191369
210079
5298
8250
548778
168142
687086
786975
495726
614731
759742
574393
460502
126071
66215
511470
105880
447077
155181
204301
134295
235161
785605
268178
202628
380653
836955
429770
228928
976780
453079
703393
955172
758657
520217
670724
868611
736196
503174
566375
945799
311792
850154
646540
80204
217392
770835
119714
187696
498041
27618
535752
266612
470071
706476
371588
183827
341220
67981
305365
475633
133783
188794
681114
117467
814803
335896
758183
902150
681543
260813
460579
990217
944138
819790
90131
881064
203784
896859
360192
534725
99533
514306
362190
901567
736973
451948
592612
188516
943298
522687
234209
457060
725310
424181
886374
710955
43816
263324
778311
855593
161519
801628
995628
985591
126469
141466
640914
701655
877014
857237
178860
880420
453626
899991
50034
241758
408606
638206
729066
980670
808524
459673
628839
124801
255415
290935
636614
965260
718393
445997
803675
743854
401968
566911
314
557734
405099
253203
80617
342696
848019
924137
553247
659072
176519
290736
480460
959141
610061
888219
494476
542586
536670
61880
562647
768639
838165
977658
420542
464772
73015
2132
163117
50307
932784
709460
902457
132128
731741
357327
783665
364582
50880
83522
663468
867876
108749
839846
736829
642181
397632
162317
93966
979733
891904
940673
718355
852344
118450
75326
164541
68715
183163
220652
104794
656507
276694
763855
519088
535098
853371
885032
361166
144557
490364
360491
832617
84267
494531
219957
929191
101942
972887
113120
297681
695483
513940
620122
999009
937147
801393
452464
669519
29681
509609
729204
545861
334238
203194
941870
774674
590406
334581
303031
842655
103517
961103
789496
882882
192339
538965
943351
479294
454120
206346
271723
901647
110483
639637
166414
248458
139401
668025
480568
671202
305034
584709
820414
266414
819263
852632
429733
493835
181186
691262
840840
488212
544662
306788
239249
131932
366076
250551
677526
841115
964306
893998
974282
20412
427741
707901
741612
111381
710988
28496
344270
606990
883217
303437
508438
18249
970994
191292
680004
760237
959546
716359
135541
175758
162404
432665
982367
278535
126863
607715
495379
897507
580403
805533
360648
413852
518974
901628
964174
215068
941747
998924
297713
517259
663380
538338
837098
437091
244666
683439
900018
253497
941445
158585
851834
788184
509872
740035
188341
556769
710254
55460
177541
613917
797840
516452
851141
586590
993217
898459
362449
880420
712473
864643
40700
277380
45900
198468
281894
56264
792817
840842
443529
873482
704071
331317
42467
659685
676356
138698
48113
205677
190693
293764
909404
972811
243043
984964
32342
989044
481287
277869
59800
37946
635303
857983
371484
804550
43665
923025
526329
909667
688958
194388
326719
103149
568340
149706
167010
190755
477599
356617
12475
623960
879413
534306
393686
144122
538815
193093
653670
736754
919809
839600
553029
294511
27504
331651
129109
171538
305889
507837
828934
371767
465408
50046
470654
806805
917929
214125
304253
375682
792628
321132
550395
469341
617562
578350
493636
342926
158519
397051
356596
128866
973450
669887
310507
174522
900777
627871
204104
389519
896967
918416
444162
50767
848471
339979
181377
92068
634404
747871
106299
926675
870555
400577
428053
816471
688319
399673
379090
639425
889576
178765
118047
558266
931762
789582
385063
932079
989027
69852
767548
234423
270055
402926
50969
250929
89472
288739
516272
334896
158329
700315
487878
507139
575487
793224
245894
229095
732155
96470
119314
399801
408106
790362
497052
982970
977187
587349
302718
290305
720511
772043
454953
449892
160755
783083
164886
113962
893452
786526
774684
848846
425645
186975
556137
517468
96575
592610
114347
747560
774761
368527
230112
16334
409550
749047
681808
621588
206457
237914
829513
524725
349667
292546
479875
763664
695752
733536
695807
275837
957907
803798
820055
974616
536774
722285
836560
246192
677833
335708
597418
768842
348979
83178
25535
945044
413192
533825
464151
202178
178773
37921
446616
613112
296372
33433
432767
116247
489883
664869
835549
308305
454459
335247
385242
901733
708146
756870
591235
723688
71348
504755
177110
897807
447060
667235
98747
513585
941943
578394
8979
541692
147365
457820
985884
632547
362329
437556
382826
848223
963597
185818
450461
339905
477346
840205
129039
875289
52548
602994
612672
296333
758637
673837
540477
46579
774998
308000
71602
221213
862337
442844
977659
86178
309560
88994
9611
956617
950103
416223
189042
716387
185245
383964
39843
512284
85034
53735
337707
832748
319600
96023
327326
717049
113715
638233
87995
299296
814752
66397
404194
300881
444488
884093
326782
557780
215840
862194
744021
612372
605096
152179
375219
903768
122533
414248
248868
969605
458987
432506
736613
681537
889125
615911
36161
356511
581695
811262
24274
222283
11873
62965
390701
621774
789100
445325
871097
143839
376126
343069
231594
346837
181983
326172
623205
899671
486394
230892
58838
911804
327234
345356
458331
399932
582440
696467
383959
306518
432034
819564
857287
384769
910397
171476
526010
217992
221335
137010
652715
554320
225081
94076
658650
502893
730668
670783
723946
600421
26600
521102
905252
146987
685575
13570
479579
52086
928139
689319
448519
531927
201112
641442
182191
198761
641005
137827
629781
914201
574605
586642
377619
582990
281914
776994
790084
747838
101909
570760
370963
114097
945081
67169
632922
402283
332402
63323
242514
53227
802847
171626
441220
622939
125752
441178
178595
104188
641015
644889
716412
726475
999248
163285
761142
855402
706405
110142
620566
395681
822742
158800
369254
720404
569549
501875
112280
806066
748500
507982
719790
375899
89498
581990
96692
747162
394304
72218
466091
413940
307392
895318
525915
932689
369419
118659
402056
887721
4204
766400
158472
183023
435890
886456
208698
696317
783514
796395
720787
90442
445459
575643
254458
903240
164938
754693
578907
414924
655353
713645
68152
793152
180721
498014
221722
378429
389544
597370
667443
508273
968029
905298
861094
325253
134865
470276
117897
583379
46710
318763
154858
935634
890866
970954
599311
610935
393456
602709
450855
396663
760023
184072
245911
579788
89252
629660
741514
273362
544316
752400
50302
287561
12374
4007
148616
233945
900696
613968
97240
171574
499062
720582
643313
939928
362848
68032
669770
504711
328052
686312
695403
320033
899759
697232
463456
165491
245007
24030
921602
923514
653760
918146
997928
338339
585024
43449
700670
18538
265591
244594
845255
4359
149702
760185
551396
132404
245268
433562
987216
373991
83053
244629
508336
867903
655523
553055
205788
847036
693925
457674
233002
227919
541496
285691
250246
652573
442864
96003
865131
92347
703526
192180
838843
366290
599242
999398
416732
300652
76095
756812
674315
52068
563918
164900
266011
694505
811794
807996
173814
968556
70923
846598
725532
732910
199540
8045
158250
87439
602064
83161
483058
287314
607839
487505
326290
476194
299986
770861
119921
681439
650456
678510
112514
257899
573212
71681
148186
617015
453718
613716
781871
399998
490761
668973
493501
424335
111006
129198
499381
517029
845657
90637
293431
579583
837745
94753
127747
191580
315934
370828
608890
922227
840656
648037
877968
332310
443394
686212
779378
686760
146230
596661
578100
812701
186728
459351
189407
373846
800682
880734
960856
303190
513063
245630
96663
984081
357915
445020
493906
584384
396879
285046
512270
259130
454660
525878
19295
84069
648612
331351
588903
312001
777898
663775
25517
173938
646128
674415
752983
470812
132077
513463
812235
505301
320513
803578
367814
122689
996165
122028
545534
573452
208293
330528
85345
668417
666264
773050
734783
884432
252109
281641
124868
887506
224305
987493
307445
379225
90547
786646
557303
467959
626871
864203
628808
896707
450955
9336
687271
312009
64117
397816
433071
434094
226577
753223
284024
817603
567443
604730
785758
57188
952526
370740
266732
326752
511975
792188
656125
79301
325792
628346
184853
223021
734393
394859
235680
778532
802392
955796
384057
736791
628178
139123
607469
218337
862272
804411
89266
703299
367811
185812
250033
988190
186246
418747
339247
409425
168064
952716
143523
254879
825963
879922
680063
517652
346316
922920
41732
794807
539454
320342
563441
467309
775233
42982
743855
537626
824973
928471
240197
723702
392023
230574
762149
728865
369768
961464
961710
614191
890842
178858
568486
132844
702322
87289
315786
91262
631794
533219
249474
964509
587828
649830
480418
227246
498891
10617
575702
314255
232396
934434
44330
878549
703793
768856
163885
679624
452786
554614
971874
679649
308776
29183
451825
580822
391740
301029
649725
81859
101531
463930
813082
710690
762199
339951
382220
283489
846678
315996
338084
866988
442944
167443
372038
497808
529628
758542
771469
96447
792175
620001
617423
411049
570116
38455
774054
981878
808880
969301
808425
622496
620896
926550
298583
261953
230805
786444
602611
1255
294174
723053
16452
89844
967996
382419
579977
765761
901267
637000
11986
385863
112196
3359
471294
666298
937251
986481
288428
17746
67909
246642
854765
734456
719463
271056
731337
956986
536163
273307
839627
766407
269984
386397
408632
758291
47006
348920
197869
954467
96441
145658
354060
741042
665045
453542
732796
534445
717305
6307
734235
308648
883252
247956
575265
548513
592405
252303
265821
401524
800363
354241
904228
646121
605212
994350
443979
808277
242149
996588
821150
784651
976750
660542
974676
683268
482355
376176
763847
534505
18549
567819
160756
167461
641673
642277
349788
290718
617222
693732
139053
842744
303517
337555
696101
611171
962906
502742
107290
788477
751591
150444
544137
977993
126323
341942
894835
386230
195725
685408
413654
295535
611747
505216
784136
671910
709755
189652
767673
446918
63656
411556
45259
258896
185813
262010
992681
807309
176619
449971
285223
885654
213010
912689
789388
698411
448825
737350
245663
404585
356259
10129
874174
56164
903467
55023
144485
121354
973023
972489
606492
34789
903581
336533
824465
829196
832561
163821
486319
796837
488376
388826
995473
660017
397739
936234
887848
640616
468578
661171
136259
444078
874451
421584
698184
579916
282997
658750
525957
743383
741530
651661
687554
162227
819210
809026
653606
68612
746559
858402
347817
280377
456092
646924
742977
93823
374664
122963
325037
118925
843086
99558
698113
977614
350738
99032
680960
837186
141398
904157
122428
841753
522667
198987
474903
756129
551671
364611
752472
882611
69771
187805
378339
732622
547963
576066
504533
802194
158182
389959
240965
401075
872897
696729
810085
461842
854933
581942
952662
608214
478162
877058
966075
974547
688314
878808
614652
30874
831350
419378
43221
518825
382508
837084
175371
380625
400559
366870
308884
27042
642598
582064
498371
366330
641553
608500
393320
202168
119914
799684
906462
994245
722623
859388
428968
237811
939004
881320
758048
957260
876821
787548
606718
539116
210601
63605
339245
67017
191369
79697
185629
517568
302811
443086
156025
687701
298595
709116
469563
211336
564221
88871
38672
573768
292578
652731
813433
135126
788739
656588
872551
857083
301968
569019
750042
180040
267132
975672
313528
88106
38322
653560
190833
285092
167688
206341
788320
651574
456515
431734
920798
128384
257120
555594
145766
879764
380273
804605
173990
620794
341171
703969
677841
959362
239521
917040
149577
453516
781062
20273
979657
684840
949281
371150
184026
898899
995305
20255
986616
681895
722289
725364
422169
896920
772764
29924
723205
440993
682123
744798
861389
227454
227720
928651
127668
284121
215410
974569
527562
673995
866876
322857
480732
144584
940578
962257
723340
344305
606134
947116
425735
275372
583523
340911
206293
861228
697308
562975
91867
481279
289022
572551
295647
201991
277345
546147
372153
936729
565358
13661
718082
245481
12356
716398
519922
987572
782709
100684
251789
402014
428418
316785
508041
455780
700814
584843
216721
464633
733293
823911
144448
891398
674866
497873
852303
116445
653685
408316
16004
234730
479715
968338
629154
373824
23861
354212
289776
874272
159055
595802
6620
192579
288341
754966
417795
264829
151289
963957
893311
394787
835922
939144
297252
85948
35582
945531
109702
489256
522588
799615
456328
468975
644481
432602
310042
208953
690161
632841
500782
289251
495553
618957
889818
13842
185691
628087
891595
832661
510783
954345
3615
687531
529049
981190
781101
380052
875220
89034
659188
807964
629931
173234
748501
315902
339488
676455
252115
708995
722119
254992
200837
106017
407457
476138
817994
28599
766023
722528
709735
688815
987643
672334
749420
48650
986497
348128
211181
420225
568611
185955
237999
96619
296924
84441
708977
305989
628224
70498
338990
430073
155446
984153
816340
367387
744813
229225
75015
757609
316751
444503
896609
903729
172642
609467
659892
996167
513984
643491
629099
650447
376953
711875
45324
174531
768975
657251
472416
478813
447856
922043
938481
487367
456779
116398
455352
883697
21431
724921
303825
845593
530402
188138
17992
709485
724481
731860
703081
137340
83933
846782
525186
860960
772484
359021
448061
188159
782155
330863
112645
281799
475238
703366
440445
318101
878920
631082
826633
326901
746350
503793
95704
777257
850752
231314
959360
391641
543781
988616
428094
615403
957902
707172
541890
541492
783507
810113
262464
218643
770299
816198
167631
853660
284068
821527
293680
126711
760926
700235
785753
531179
529470
497418
623461
802290
21577
940689
754021
839131
587142
237363
192754
227451
696687
265970
153632
336373
58162
623245
882870
982485
434294
328373
249962
151710
104449
763802
409601
39187
687822
930809
829730
33663
371361
926025
65328
319935
133282
350879
360169
24584
408340
211913
739392
390056
416698
129342
677467
772815
181656
843180
422309
37848
622258
241826
324896
886845
551132
85228
96026
412422
425827
807868
567253
894729
575562
749655
194940
565960
40560
719443
427397
91186
544064
712031
581272
285915
580015
872612
183371
107476
159653
354507
78580
385171
271056
887430
697787
37232
393707
731465
630867
606387
609143
580395
265270
228330
515324
734104
77364
993358
736761
510152
155470
885847
219694
637933
65343
930722
434290
942114
834136
205519
86751
738166
785717
811768
338228
91227
912987
846048
106952
941601
657788
983153
804529
787287
449083
162386
890910
313109
909997
170786
169775
821615
559013
303710
592923
130761
803819
525260
750826
930844
709933
606137
999869
896856
258696
762236
570726
706239
796045
648979
929196
325625
911534
695910
315678
693080
827822
966795
605583
470571
58209
433177
911607
32360
487747
918099
370733
105295
791536
972144
279955
184369
143038
630455
648353
224924
324521
899243
250187
802604
836520
774459
780376
230070
323959
118717
43149
8385
157783
642607
317108
519705
451939
842688
551147
929778
392441
693827
521309
329998
959145
843107
893878
688019
961837
324413
242061
966966
588099
316028
734943
511928
904894
302570
369939
967923
812913
221858
880766
505739
917696
268091
815142
576948
259487
476196
595310
141841
710379
400225
574104
688112
471027
604747
980481
122469
215203
397945
106124
50428
250732
645848
951345
702674
817146
452924
162941
164572
457366
791153
915041
514277
298687
988566
211971
589783
983118
551638
111358
652734
879848
411641
62009
26171
337036
187013
865445
99975
391499
852175
287036
917717
20885
877535
524022
565770
125724
615082
119589
565123
897935
68658
14886
487743
951607
44659
611756
121596
653141
164318
364285
167115
259437
437035
462007
525659
98059
834427
993901
326959
950065
667924
74536
867885
544684
762982
201319
810843
614516
616539
483274
561616
597082
741478
689969
392147
665450
27799
672535
840506
71025
19954
155239
734759
404922
436511
497931
493669
960180
268179
249315
49058
817171
934838
514637
532150
474079
51170
493612
948853
893988
818915
43244
605489
723180
174735
823970
690294
605689
438839
33582
744733
267495
471837
937178
831449
726350
318675
63762
321383
109583
831482
402711
391492
935012
461619
752320
710479
354502
332812
224919
29516
485698
709011
99443
226713
488573
680826
676964
962676
492540
674679
448743
207713
440012
958848
695429
101416
504892
673176
877369
42019
620070
942693
973946
542640
941386
19028
529419
866712
130906
71247
665407
167003
93649
40894
943652
794170
93334
37611
178941
111349
151439
295138
690904
751050
701789
545107
696321
618517
288656
362925
255444
381250
493005
463292
571145
649170
358031
119777
882411
914889
317293
327538
847827
805360
708864
594186
725359
350089
245908
743437
260634
597202
482816
530842
704358
673621
517942
911379
583428
912793
654214
194630
959372
490450
668212
425969
507000
883125
346300
753631
463161
435949
369593
533699
930544
940330
751227
474397
442548
335611
192281
286563
678090
744025
268686
324850
437346
985312
310435
747290
991940
493054
595599
948837
744162
334513
193526
794596
783477
585400
400673
680572
728782
720431
809693
377426
842126
625228
394661
876285
682579
394374
411366
633645
190405
708488
625902
875640
840819
247772
302638
449903
975305
18760
609065
232222
901195
818905
927144
959330
404897
25717
678899
306780
842621
682246
273528
767839
879348
84433
8940
938463
333312
490659
146495
761481
564953
395255
23635
970003
986591
116265
857137
465001
384801
465720
305111
543488
32946
382388
490283
416811
106823
111521
72791
496221
171321
789671
20912
152097
15099
818015
4637
365051
972686
993123
758320
424743
769203
281382
601089
630912
292918
358674
503419
19699
322904
851267
158524
260384
508187
800564
167586
760324
229529
645080
932651
711505
910512
384410
851296
203215
969421
602809
685054
197147
703815
840823
442230
274262
890489
305069
935190
191589
568561
410716
32676
201477
254950
308997
104956
956542
136566
652383
912046
165792
545654
155268
118893
324687
94323
890835
28973
626583
51856
331259
185203
473525
604118
189649
402509
636403
369292
415564
988374
804086
64883
551783
575956
633159
679577
208412
379629
787292
93976
53600
407307
517712
117316
212020
938044
604404
229577
58314
949151
499522
257185
239320
530292
449400
652826
123941
955041
828305
166712
949276
572521
518059
918088
135818
735283
103009
600713
696659
747769
291969
882671
344934
983835
895158
199329
520483
797335
408397
57640
926276
262345
66349
518213
454920
599775
601254
968686
320982
107407
431462
367383
731610
34434
587833
122730
634564
649802
45643
605940
808297
107360
893230
173869
259698
753086
909457
220333
127949
579125
804603
866026
633070
380486
191498
389456
827245
381771
435236
452129
759866
30588
218862
682637
307788
58972
701199
136834
263213
442396
715847
434067
966879
296554
124318
91823
699992
852081
994072
207282
867749
669085
153449
25921
689246
211761
281829
506658
985367
795779
729109
36758
655344
962022
763665
489914
380088
779886
981377
945741
959106
60180
537172
684925
398082
819131
911172
423076
418236
967325
566893
411851
624772
92058
234714
595227
904153
464618
830583
809021
547628
399933
192989
522376
762004
518870
277077
467677
668751
188592
608451
111499
930132
36372
562158
648995
840528
819079
663950
594865
355886
642548
127744
161319
335789
464649
437030
566415
333727
349759
304748
95032
195556
492477
546415
803075
856433
981652
233821
914972
863600
244363
74666
362349
111667
443633
688608
386269
178250
525681
484093
445026
112548
486443
898678
357222
43713
376761
363968
678022
489823
236606
571896
484327
109010
724790
524206
96793
956542
566996
390142
851110
309118
68107
646194
502013
977787
839326
685970
553065
761
149768
992440
334464
397471
310687
710370
853602
561541
776570
242066
400210
637111
60359
23443
966502
725204
802975
561582
699952
706723
534417
183068
35029
155086
396401
651809
359478
961326
193599
745718
446379
66397
499424
956578
459409
375845
692280
531429
653718
493716
554370
465612
195518
76390
690847
488329
689205
584604
665899
787139
873714
97594
595986
687168
82014
587691
830870
960187
808750
54257
319495
226678
435123
698170
216346
172116
5071
306567
385502
613556
350991
190206
312475
491907
909175
981657
176290
936112
317741
8609
791644
887308
164646
129596
138932
954175
664886
576828
972448
267073
96989
439946
944005
961820
420434
410317
91628
766422
872861
319721
249002
756321
726662
284071
525632
392003
198818
73566
375694
702329
325503
612310
141985
469140
418093
301104
465096
231070
413418
780679
211285
844781
920999
299122
81016
182813
931549
913928
801551
751253
609544
375771
855532
813289
991446
515131
312156
801671
312865
714339
209758
818290
459769
758475
938252
314280
173642
215756
320276
698081
397027
985926
170611
783754
133341
37501
587984
834711
164733
484170
413679
699366
861931
246697
97185
260815
359158
923510
422615
37486
545882
525013
416314
15560
531731
96231
50504
560691
550176
202481
170058
808506
460003
984765
39658
254194
615702
519969
159116
703096
681404
466353
481457
43256
980115
39951
172623
570233
558256
403557
188695
549851
672222
21941
352540
245082
349357
13267
245585
764931
164649
865170
197405
685038
282300
891519
382206
102148
741849
635074
319191
73964
304973
153319
701643
228290
336848
263013
736917
37801
598030
958664
449532
643726
32044
498676
922817
309631
204936
968138
922847
627014
597975
859773
785565
230445
704921
600455
800110
906611
175134
110696
7464
379319
450991
392776
123152
595815
599538
228317
36474
160151
238769
561113
267400
69481
848464
93020
397094
194797
327357
77154
396602
922485
207974
503241
535252
684853
451699
715491
531302
196300
279169
449086
27251
38846
814744
315114
523888
5506
14343
577291
355245
772867
229063
848234
766379
420585
272037
534702
214161
429876
396147
613315
37979
971012
234630
835080
293382
379582
499738
174417
46519
321712
710462
725178
659182
544378
91901
268317
544325
175922
427893
739097
319689
269750
748790
962756
271077
615966
788633
779932
356006
800199
222919
372802
242118
49908
271921
587538
239826
190873
711853
692218
520970
343395
933275
949402
768760
890108
990136
367319
851866
346612
258872
965265
382333
575698
692271
275953
170970
351812
812568
835554
889113
134999
140025
225702
531727
755404
784099
286141
479551
806244
229624
363274
347245
343892
284611
152942
422296
243988
27093
13686
60990
613871
951940
839269
276710
780927
458133
925894
841193
265029
857649
96446
576059
400076
890128
916185
572755
304376
639182
385673
74686
63269
595702
562240
490551
938628
762092
67792
309690
794656
785380
995720
434329
880875
872811
1645
607273
462145
822748
784466
568347
428440
159693
885724
77002
574830
22439
999348
37381
688218
615130
735489
897810
215886
381555
90098
309112
4704
153318
105589
467470
729404
78511
965113
254346
430626
945368
636937
959324
837452
230476
21305
669246
198507
873769
458709
100547
881646
355776
947805
847425
99182
749180
676670
76582
320531
654965
529061
826801
215589
698080
319154
612122
487739
27045
498755
327195
191625
581129
546388
773210
671054
561825
503145
180998
885241
639607
472658
182775
687361
776802
639499
287933
2087
935915
929384
281186
815146
877801
958732
482663
16271
750296
192580
994981
5481
582075
189187
571454
622102
497028
808805
599971
178220
952646
169200
431576
701693
262913
946185
464824
176383
620604
555746
694731
38808
706833
145246
849037
928885
613508
692880
770440
326457
678492
336489
203164
59855
6845
680840
855168
114607
757012
713574
687124
366622
67630
110645
388818
305470
710870
301228
201125
339919
303106
311562
627617
697369
353994
166136
257931
466191
958070
866258
479331
488825
486366
862683
936587
28323
823999
983514
733764
661005
181824
267499
698818
961850
335149
777967
489386
390815
238026
598207
471715
270964
28186
989631
475905
676318
992331
732370
352367
101846
690792
911011
880555
634290
519136
984870
392227
426091
469809
972770
459465
936488
629612
198610
842846
135741
572479
705773
306616
124931
747885
967330
392107
270250
556033
686444
366057
875690
214904
682053
607145
789939
678769
607855
166766
181425
527937
441212
363905
648889
223858
92502
28733
328821
337765
566916
240836
551680
813203
982457
996375
809905
528286
648350
247344
505911
548741
319437
142843
349380
266472
665496
145873
554904
876442
197608
278973
443867
972931
146668
332426
810819
309479
86898
458511
929815
822715
685110
589169
718025
187103
458028
828619
795924
3376
364716
321648
737033
968538
96246
424879
395630
984510
529885
567291
513597
469758
231000
312074
870382
519555
398949
127612
487147
500522
944887
942135
787172
881631
556635
641285
875912
226820
634346
25821
924450
992141
337058
399378
762471
360550
18933
974225
473107
569240
234073
270654
840234
84597
927918
311066
916897
113999
287336
94154
328579
547988
985024
340373
672429
324134
352821
297150
576848
811221
898525
765968
755279
599390
520564
968014
814453
132464
383849
8144
850964
719875
986930
387339
60150
623344
559162
608642
205236
910769
296095
443647
546252
764404
654588
624288
492246
993620
985206
761387
677053
397422
932883
268707
608223
639585
506877
483785
152832
428977
705759
132653
250096
847259
60160
525560
116604
42586
443952
829580
258384
981341
272434
100237
302175
928416
902708
378721
259334
861843
442695
402099
171388
454938
939375
646395
441785
720653
215717
259552
853226
402123
493118
115923
788719
75518
415891
145130
600691
471867
897432
523822
973304
461996
356732
747946
389668
543081
103456
724092
902128
913061
961258
915235
910058
822598
965448
569345
661177
499107
407559
503686
613962
95611
795641
172370
205082
454774
970770
538499
333259
935042
917661
153483
591093
51468
229715
978978
453043
322708
84528
222101
672852
162211
636010
289386
22926
567814
308430
23721
640174
980227
262376
516703
97868
809232
309870
484302
900996
730864
468143
626462
751748
103213
2526
162444
723913
689769
92197
763355
360188
598185
314395
42455
427556
590969
103871
980788
77756
130672
832474
314052
950628
873883
456604
670809
434104
176212
107388
35401
148550
32381
8327
954645
870682
489448
592879
984083
249266
651475
92218
564607
43222
295896
232119
588004
532559
469382
628613
428750
631222
585754
340590
566532
113224
704458
477419
170119
167814
212831
89457
23927
813024
174274
821568
514181
700805
659365
190313
874680
168811
864594
630484
382820
659076
195285
732739
985583
659583
520215
855149
690195
961531
