461205
516256
313472
274496
412120
644742
958091
732450
407043
306237
299561
760275
828414
555988
315584
62386
256463
302194
663429
323205
799515
609712
932443
69809
412875
573986
327390
567829
212591
460160
868516
209842
369706
878358
838761
180215
904635
785163
333910
516955
41944
151463
223535
4041
887449
840446
80432
549702
477852
467121
738022
828179
689652
756461
7083
97592
450486
797755
250482
279169
679349
870697
822931
183720
372013
929812
343513
558549
550971
286360
653150
672090
60936
40295
909468
349008
831206
803951
302558
623796
927850
383107
454540
950291
196639
50795
60723
636267
597369
245331
626441
771980
107267
787022
426663
939303
404622
183340
728703
663612
348244
362718
459733
306713
268295
547791
396880
253239
301749
288595
5212
530028
407493
42874
130461
821913
547141
328512
178476
187273
53149
210368
362381
553337
75598
473627
533284
183756
483263
440932
889422
372519
536849
319788
769286
719225
366187
444177
324758
945159
745411
795721
593701
157115
671179
173727
628911
742706
17630
167827
789900
99988
758913
665135
693715
935958
727877
755285
582001
224234
65538
25174
811603
237344
620111
160794
269759
548349
608926
10145
50411
798513
809660
188305
230388
562325
413887
947013
343762
248690
367748
451809
192133
16453
133760
717265
914882
368096
716409
831517
906501
585097
546696
960469
879313
539488
547385
696058
324318
207287
89259
976390
877926
965715
813456
93276
121582
131753
155182
80050
250369
808062
964188
771443
469069
476025
185794
865170
916968
86510
785416
187902
613955
401581
269722
522358
296754
531118
993325
830366
371090
69646
326993
310874
250115
661652
580869
857983
524018
911228
162036
524871
285947
495954
143270
194753
359482
350191
902370
384283
946811
99864
219529
842817
663126
36653
279294
119130
770417
470382
948274
451683
195241
405693
249335
445972
880526
94944
53220
560284
905372
495987
768545
5177
14342
649228
637808
744032
984825
825948
146979
299565
511373
678240
761175
962699
879147
8991
642263
501947
151643
838881
980096
455440
423778
184935
878209
478420
623918
649270
582293
280338
272823
627839
958786
811922
102756
422769
544905
87844
987125
653295
315014
682981
686547
838222
982054
999274
471379
566115
566334
58271
405243
565121
590309
856525
22804
696346
586049
744305
76172
73836
751455
910119
844789
675506
752242
26905
664240
758
854232
520644
104912
89171
163280
956851
945770
890725
491514
481035
395494
448367
100153
223117
544478
981966
179427
422613
924130
758916
854663
337208
756374
828869
419236
955542
905793
295599
447017
765032
943950
760942
901880
174221
514054
843689
768921
346408
217398
247243
55464
581531
375861
181751
623283
261627
627578
794017
388091
41572
297934
747514
289373
63086
495564
458199
189338
756740
713099
954069
363474
719076
500423
653671
503372
372504
297149
121947
869821
44690
194765
953252
718010
416138
224258
647427
677638
438029
423514
508133
116775
989038
527753
76611
360711
382223
350432
308618
576182
929295
90349
709834
437948
410358
658665
24084
907572
646614
596397
245249
333391
807420
331354
35608
547146
401331
158995
401266
800270
448701
640115
620864
865832
223147
849525
403728
423559
638077
495028
244893
383152
489972
464610
385737
688061
887295
826048
26167
912011
84150
972942
184140
962415
321043
341785
137886
907469
982726
990045
372967
199278
973035
387105
334147
937096
26428
369070
70546
680858
494088
482094
718016
510392
493204
869953
766352
328676
226528
448966
513508
935181
371299
53574
10133
35189
716702
630902
918188
595544
533403
340049
44544
291929
636574
494310
155405
710048
486227
221104
444626
542795
197701
367062
39764
163502
912896
830448
911482
243968
136305
537981
664652
740959
609400
610976
23672
472018
258883
611666
828092
877240
325506
537419
415072
8050
589896
86770
44723
789168
575851
847413
625700
491380
581106
139306
425815
892627
31599
37466
695366
41190
13199
580345
565520
106717
496729
613
222054
212761
109641
102195
714158
771939
994983
442357
385521
640206
784900
974823
554394
56789
144257
186446
240776
681101
703012
2697
913313
611511
454756
372508
435544
476211
350168
546472
787460
682519
39211
503604
687318
994177
968120
653409
491612
613926
9481
477148
871804
775578
742965
240199
766081
296120
902859
874991
790844
793620
368118
268742
286814
90066
768272
445935
230270
260632
511716
889068
842082
859939
650094
633871
992839
899072
154222
971883
474235
126121
626393
569266
318878
744996
414503
631481
902154
954435
521991
799581
59692
45553
649063
527501
544297
18035
454123
877363
942270
422931
11333
302655
47983
906400
70630
359281
49627
99327
291299
106049
569809
124474
582828
455423
517824
861918
177551
797299
410337
641123
599262
976783
749189
799438
701729
376730
110529
892246
511541
18828
399104
780075
101897
770975
10553
129865
94601
217999
129158
218059
288962
112722
102481
289360
441131
33071
513307
997360
694639
667541
129749
653449
722517
153004
465895
890099
490238
793511
167223
273608
551223
600915
357676
61
829597
818360
263461
918705
915285
94503
439963
991153
844666
637938
40074
599316
199012
301699
97392
945646
315064
571433
756981
377864
796577
96428
784618
682934
829933
727538
539
736522
569225
59813
558542
345009
330486
983730
291716
603184
396098
741953
179995
172778
353094
10471
755003
978220
221489
890735
185554
108573
686877
541012
876362
55514
562217
909486
677182
906514
768837
218892
248102
772176
516000
622952
898530
663621
439007
921994
433074
195736
590291
702966
92488
427500
859033
932695
700107
474626
718675
766196
367595
913680
281146
23642
950422
540014
949851
588276
857261
573254
366572
476858
133987
983573
851881
259108
334096
632040
6142
497488
362672
511912
825932
200266
469160
682779
860360
286405
315608
462030
463872
802844
708982
44363
729871
218636
472384
774054
777957
801728
230911
921818
305681
605538
833200
880228
256886
209538
82852
558027
55958
721622
841246
990315
393013
505858
474400
548116
549925
821405
894159
9686
333705
789258
599702
267477
378687
69663
954534
572028
651915
95098
392728
143376
140208
937034
216977
829702
497015
482051
842526
388823
650686
716340
107734
384733
241137
569585
463904
426029
658573
41485
888247
705469
217582
214221
655548
570761
754276
315880
104217
961880
145303
148526
611305
470025
272504
321518
49503
783370
544715
267468
842060
484760
559666
618137
402518
513834
244769
550085
495987
886871
45812
831153
570915
538975
427150
608401
244783
429471
359121
865731
458450
240615
116488
513403
255068
18191
307885
443430
850195
281874
168133
908139
567560
403176
147654
416582
935551
568483
69951
883184
864671
86155
670561
347305
438524
971697
347801
871483
87114
869050
192121
761226
246881
743212
461878
247130
944616
243015
159959
34965
274200
938541
747130
712433
967087
379285
75452
333588
25847
960475
39503
64495
194567
549655
294316
758599
113718
699762
458676
740888
529452
326043
317350
147382
329703
496411
376968
964598
863458
500140
98390
461294
358354
21673
849588
21208
529080
503984
903883
663942
230460
337249
467431
466345
574219
561002
157940
420470
130798
271698
512739
358059
606954
270290
920015
587677
19088
137789
159007
199623
273627
135612
931987
571982
91091
900388
990660
91449
134094
307766
633748
37563
402373
807262
544838
891577
300929
340738
608142
805678
923344
746250
60858
534276
750053
864468
686578
796095
742690
830036
496172
726040
403897
948080
155853
166827
909460
157459
793384
538309
792753
654592
655481
166995
800036
639805
168825
632096
82722
883851
308430
213139
339500
486527
182089
429077
436371
928541
744894
721754
786428
35431
243453
322839
201098
86974
797098
707190
927521
16062
887016
263404
469760
629961
548318
258448
937772
912209
96600
934583
17933
767716
709530
520545
235686
379991
271908
107324
592853
462079
897155
678178
703720
388175
796441
859372
209655
374548
217958
157162
635388
237200
930656
813055
61148
182308
398069
403204
756988
759850
215057
220724
201356
896036
352007
274979
127311
280174
247441
700086
90776
617475
47880
359729
266245
29117
813577
424798
225210
703822
649307
292918
516246
894855
679993
776083
296909
236465
856916
391005
12844
50048
287038
312670
465916
607529
990621
142191
144094
917615
727844
915712
704446
969924
584192
425524
749835
228888
886974
520744
885729
605699
66092
575116
124328
407723
83812
186413
733098
914083
36695
189916
581512
767177
693476
741941
476313
773317
57898
759234
360832
218846
561698
282948
811982
475018
674022
603524
327152
172838
753928
647469
371521
193433
130346
945366
839799
416354
538028
234999
991079
590041
136158
704097
6036
229186
447194
255221
471627
171241
733693
930305
818794
616650
655036
913367
716879
802598
847091
707026
307160
118022
974552
457170
586886
297894
89597
147352
544679
659080
579053
27370
354911
19173
593287
68789
328377
969356
925771
376827
616002
699801
529474
316781
123149
886613
435008
692190
701033
919349
597540
487444
52378
623538
467607
786257
499277
832265
810742
659457
546230
426676
495216
972441
513438
528922
553732
212188
821077
324435
576426
659384
501761
103195
333304
864703
324602
304081
796141
420531
900969
775251
735643
506102
315118
779818
454038
495124
674240
402041
397105
65790
746104
56643
815597
455297
271291
276913
924784
343029
359617
81356
504407
956113
316166
783460
187696
272612
465058
193528
419468
687082
485081
575188
72831
33111
783805
887102
302712
599853
720574
61303
821248
644025
608684
298265
360223
950504
655035
538641
920415
576037
861241
854931
28360
360170
102756
592067
956820
455413
83038
835134
85360
422651
460542
524454
82740
226475
443994
897921
339722
169969
442196
598466
9288
764564
385731
311643
746542
708265
649156
746957
433662
259931
833104
647239
862327
961886
706137
406031
527345
568734
614604
739284
54239
132768
788107
433016
184705
729385
416467
879564
853423
627739
418040
42580
123886
95451
332922
886187
816656
766119
31237
888795
990162
102376
421943
95981
305717
214393
431285
335153
200910
491388
316449
952047
832564
257721
110717
450729
367398
657165
55781
669849
534846
790102
855905
411316
92716
298754
700500
17678
634999
734112
906778
71091
605082
107289
612977
47322
652731
531916
332136
309899
335250
508858
260719
775020
742788
303065
812989
501254
119709
896910
255337
647597
494370
91199
845093
519967
59625
756803
706757
68704
96330
84238
90215
912928
292012
870053
170876
166283
13303
80379
746698
375898
736657
246248
38392
798789
342963
427984
8129
450291
872869
699552
827129
802215
668105
761417
372088
598695
938553
523491
141640
463818
66501
676674
437522
210556
777495
285275
576710
566198
933577
566553
151629
15763
866604
10245
350608
60701
326618
149076
365259
827445
773389
335912
894270
475056
90335
857450
276187
297945
983274
968605
229703
733502
492712
182264
914001
601275
375766
404099
489052
455974
337963
378977
706055
811631
357821
138356
742259
524634
635870
449406
686503
99691
627284
794063
290610
411410
870410
11383
741747
70221
495333
812753
891401
686526
874174
799471
765549
434806
630932
517052
564524
625785
551161
699065
544453
122085
805806
667600
618038
278097
366986
239606
49738
962998
732467
426991
158845
674316
403001
914745
715282
17666
982165
703744
515229
222843
391991
402397
160480
571354
95272
92160
598648
907317
21332
647030
490498
152172
637089
459535
66903
723311
166084
211860
650981
335039
319085
98691
251321
595941
45224
814678
173155
501030
695512
730261
969659
476179
887771
150502
345523
105751
938821
726835
524626
95711
651268
171903
476721
982390
841538
741630
864475
866938
938584
831624
276928
758363
451359
632515
724102
423672
554933
491083
636897
926265
869422
910053
730260
268245
222705
475684
82276
69727
816176
276384
919739
775635
863655
549647
269817
237025
979031
236170
746222
989014
969059
596167
174508
239826
927041
610318
571045
932721
203862
956208
93116
956320
633595
243968
629533
525864
252405
534750
667498
219584
923891
903452
652361
313892
904810
501903
66522
794981
536189
818157
748365
459510
75375
407474
653596
2031
363100
58565
236429
418830
610237
841923
625136
991521
517795
85909
525114
354677
920534
440751
783412
638743
154242
837631
575512
723042
710983
930939
197956
398794
260060
778729
434119
903444
959008
530800
395938
171936
797698
542982
749842
916554
985666
789138
281104
310673
78011
601240
820800
897316
576325
380375
835886
735461
836699
859988
448802
894307
98451
812790
205803
266621
562255
333451
201102
433089
826485
708961
974667
363976
192129
231255
894260
30883
23005
223143
753813
169283
696856
872076
612199
955904
429796
750462
803179
845266
2637
148885
686531
980252
104322
3137
844657
188201
489399
88679
922978
561836
218918
407525
470930
928597
337716
684770
858052
249638
167884
495358
489856
892288
896387
218932
136776
417670
463624
513076
506424
117166
110835
173672
283820
656553
767269
712438
101840
34930
385573
824566
364067
728416
234168
436933
664653
437215
28327
837512
616225
477387
709362
617988
475491
354873
978772
188008
988562
432661
966877
569703
650042
406385
786280
595282
716428
69155
488547
170765
459162
45683
112672
989542
358650
513360
513166
857608
443711
949277
378436
184979
736455
86752
254037
211604
860921
873033
648827
25239
479532
783913
458885
786448
129216
988725
412718
778502
281142
819718
191453
181361
451777
17644
474527
403206
457786
656353
335974
958906
737764
917856
775583
355783
73756
278813
761001
442308
587701
204529
552615
387272
838429
770001
864447
304819
150403
910708
30806
274940
994336
51536
694926
882294
86842
881544
283609
374275
557533
453544
734744
649736
64416
557109
126607
428098
50690
163920
269453
671068
878903
586522
158186
931386
86772
180486
68918
646816
52000
42550
85560
262889
69972
817139
522017
101258
65202
926185
364774
92304
740253
214012
605682
443348
76030
726664
503602
185340
921326
501076
822434
437701
968288
143349
688315
297102
525001
978743
278048
121694
848685
407594
483544
479403
132696
233960
26651
722969
535886
811043
860983
62291
718
87388
142180
726395
14010
325330
427568
279728
942280
794359
681801
402178
131012
431563
419909
179676
958354
654938
367642
142100
246142
643115
954470
351816
505117
425643
392470
866493
143927
229559
862179
139985
521194
674921
70390
807168
465568
799025
54370
876891
562035
488425
177277
358799
66167
639636
142539
531164
742087
60303
531538
497221
735450
831879
860441
306539
486072
820603
381997
177492
991921
258458
764797
973312
443230
122899
736078
455474
118770
428733
109685
698814
147977
808489
388312
902239
439439
443701
87438
529133
542770
826693
340905
148913
319857
619372
8771
82121
868654
454179
228636
215871
526130
86307
172927
317824
636965
904851
787594
299709
399327
961504
528554
574153
946393
421269
696656
942092
300721
104693
841102
219620
592508
668412
382646
898773
436460
518171
404275
182754
756630
902773
887692
849714
550477
179439
758128
968061
3622
677570
597535
260908
382225
789309
689799
794026
971500
337241
790212
806803
844962
924919
566513
52088
31008
922106
560280
218525
560728
832744
713454
722797
857863
548265
697791
685676
415881
481655
402140
457292
119279
544063
661685
420548
589350
694265
990480
590741
796131
530954
253277
7764
390503
151234
914908
83414
135194
903609
605845
999621
814769
547170
144812
470595
850131
928722
274650
170029
775020
550577
772859
904324
611226
613335
882439
578517
530775
7533
428111
310940
224781
951779
748456
671893
606751
241873
99658
325908
45102
323523
753644
738413
783704
130667
934289
757871
980231
474441
658481
19146
525932
443632
236383
980492
529203
731486
618790
893159
968461
958983
314609
860830
857917
394729
966658
679175
203297
124553
501733
691614
375410
943953
384938
652254
134098
541167
147151
989768
511184
989659
730507
229845
16614
401455
730709
202502
380725
939719
140987
781260
707036
86886
784002
149994
296577
189102
874145
392454
43583
829628
472800
113871
288849
395352
460957
140635
314719
414470
129567
625723
171250
751173
778916
175232
136469
769646
73254
573121
921752
171395
658508
229808
312677
158393
907518
935890
486675
514413
181698
729920
309539
214595
594569
989578
359115
981225
966432
356551
778614
502192
579866
847496
905353
971529
613402
812622
828899
909740
16226
780018
557087
536797
324568
357516
82307
127228
333125
760159
841230
940316
749183
55508
307683
520278
169
520515
697817
111429
633067
576170
928743
160857
960161
179296
444467
821618
135205
984956
258643
440298
31473
44480
362854
708225
852011
825675
306939
705070
979793
176931
865188
396892
322868
437321
973738
754045
568765
450092
637936
14375
227658
144163
249273
993713
628976
200704
671837
406109
8452
448351
246648
744557
996625
416093
129798
590660
892559
464490
308185
939662
225643
461414
651377
490287
135680
23297
582011
584841
366541
367863
574930
147201
317523
434932
95601
65249
66611
939789
741627
432789
501839
5324
626321
625750
776390
536035
957168
17369
425859
757714
516056
610187
56434
596379
366107
808450
671380
113162
467465
735471
85267
70329
582380
591148
624525
454360
699247
444483
836133
110219
930026
841126
686243
871624
764870
883236
174084
222298
400219
190675
210155
411192
207988
967562
646525
77008
62201
23753
837870
47519
614998
615126
541778
678857
874534
444594
409292
74347
718464
410810
229903
402080
87006
923858
380038
665268
373641
844973
580977
645366
713325
905362
846831
736061
226553
202221
499378
798531
524228
189545
643111
915519
326090
337436
779958
107557
547969
533734
426966
610382
852699
334846
758443
646881
765682
591621
231900
900251
624267
814253
170114
270052
697817
160653
482959
390708
798283
73105
644615
626423
354032
891381
397651
645118
749932
470450
729306
779777
936871
384012
414839
18616
974349
690030
728816
806716
852921
672831
813947
261427
250008
488105
680670
845096
665211
666226
802466
433613
650556
519201
614111
579409
847918
708156
860562
469951
444403
966698
864012
711008
333870
905242
751048
624266
951872
495150
187872
156375
449202
723468
616211
939358
865633
761679
670728
63051
501348
834548
181513
988236
579869
510965
76342
941564
849095
664201
594482
265701
784743
773618
969586
646256
508472
728056
682799
283692
803927
749235
528599
232292
902601
340154
270954
426249
598233
951580
772943
353067
256264
636526
904994
181128
503354
366335
691777
240262
538823
271839
246616
776142
28633
644284
711480
751871
72816
388717
101339
153166
978680
339088
738365
393908
908323
553207
970375
702295
739489
122221
570196
788866
570728
741449
486745
960526
329640
566915
946882
964795
795470
67447
531188
811292
558367
855338
789022
446649
937216
107327
477889
566638
513268
454917
58453
970742
255304
654573
535903
454534
235297
27369
420760
339511
721368
903306
604331
238366
690881
484389
118112
291179
946035
159926
857322
748045
859012
268706
239971
554925
155315
595937
602432
447278
213014
891174
451065
3202
450850
48735
624359
559779
74404
494249
841475
679611
629366
408543
807036
1770
570
698375
900145
549347
605583
384562
193559
358836
161327
120972
297267
820256
664035
987907
641471
831770
131939
616126
342387
835725
629808
316372
752712
350419
678992
31048
14154
42115
887214
225206
957647
477875
555482
264921
420697
706344
48677
244541
907688
525996
711313
897133
391005
740855
917538
789705
825007
502089
663682
259955
554013
845130
5217
796767
66377
772568
214931
426403
436181
231408
32681
670000
19473
986684
379000
341909
307914
952075
936603
936832
355490
466133
798033
248897
354875
725635
160311
519538
862325
64135
137476
835378
624064
754649
553528
806707
599674
725449
500063
882836
701620
543211
751564
863862
922012
44940
428311
624286
429279
994388
199224
954299
429890
375933
810615
652221
583413
477608
575238
74454
348989
921957
235124
757901
918710
53718
682599
132255
846933
521755
4691
278957
388128
388079
274646
420484
569589
109859
567278
222044
221688
758763
971788
323572
989992
356863
880319
555529
31824
228455
991421
310719
539797
521655
810741
140843
474035
169920
49109
118288
720262
34743
456093
861505
566683
776590
389391
336462
418318
818974
724166
521623
185319
401201
40595
57901
235252
766957
247308
291817
962028
100994
652596
80784
51946
867232
34524
918544
527563
871334
336742
250827
822574
531645
918253
270231
838150
375253
134331
414561
210111
910973
126176
297638
795126
871108
774325
876063
567868
564705
159745
36182
721004
752044
853946
924260
63150
878412
110427
762004
849359
579453
783379
388643
547522
877701
404691
880003
101301
391465
603544
91243
645806
613441
254175
328253
855290
999160
948749
450912
375869
455937
269126
218011
292768
700044
273949
225581
509518
722180
777246
921697
828366
228963
854982
473803
836771
663714
817501
213508
444361
197350
457405
265091
532092
199480
636767
790844
230182
332024
315319
563717
996138
65398
9643
996901
553944
544525
202382
757721
637863
377644
635521
281620
503882
278347
825110
998945
759064
811477
33626
206172
739969
267659
319611
963854
845687
64194
746973
336930
450740
592133
545950
334457
177133
139255
625422
977818
833613
829090
422060
934850
962705
15308
60526
607531
96080
721723
906900
89113
303296
106501
735622
602624
636207
501931
754543
229935
939189
362594
40204
400200
902557
965007
224335
991752
158362
820693
365728
466730
140579
40926
81110
618023
174803
750758
146094
407065
707344
149716
64505
495106
303991
237023
207839
990989
257212
307938
239417
13980
844116
578320
531384
276021
131928
923318
792965
880339
164721
769176
978117
146540
851082
409583
64884
578320
833127
28941
869744
261079
529328
261334
60136
63467
3384
351802
745174
393410
599840
107932
788874
365186
363104
254703
281899
449941
761610
263846
380625
109025
445469
306534
443504
669752
894285
115464
374256
940726
648525
223327
654037
345605
438038
799338
854614
274568
437408
97620
473454
75402
7644
260008
982719
334665
376794
40199
83711
887303
401396
999427
460859
373382
777642
795415
650935
508599
721185
937584
98168
435341
19865
53962
887653
990429
20879
542050
590486
122203
980144
418044
240032
622748
596041
30154
108773
474224
9273
768191
178526
845414
330907
908421
577589
581613
986945
294048
672728
691952
394018
208490
507501
890502
628142
897700
416238
671633
589840
627999
273308
706244
412391
927228
841875
690630
503798
91008
739255
804496
263950
943479
918098
130175
736008
891106
967516
344222
551708
672596
602087
323275
809927
785779
341083
198088
320651
604340
974611
315001
961219
509941
172509
905037
997887
687573
865532
274316
155331
73393
884818
637536
481584
385720
925111
724445
474658
281567
438792
373051
480323
665177
157719
255909
261262
263220
558659
247797
383604
276051
809383
463418
321365
755166
450156
253364
277744
203696
92267
304858
211705
983559
273242
782349
163532
740186
947244
167870
232765
760018
347267
920359
537666
853710
155349
50960
847877
524122
453890
227692
52827
490563
709452
492830
388849
328314
689721
92766
203401
912902
244864
937478
908927
762084
800878
857852
560739
65863
430675
192064
617022
947702
94518
179579
575399
558597
270924
587532
413030
252774
162183
993497
775490
11371
47761
204160
399075
994736
855038
549595
513571
187204
944667
185717
351472
733790
697265
284310
917561
365965
852712
49132
800298
726985
633723
989772
550625
310193
662750
792908
571133
975419
910833
379639
282024
639284
356207
760385
800738
107139
687312
886668
758395
337917
197636
892594
205285
728908
912571
950871
201023
668544
113476
382155
871036
246421
832448
727927
633775
655348
673654
327041
53377
735952
165571
672967
715240
61618
364631
179934
748974
396076
658691
59819
856151
996734
187544
580725
704950
712196
625516
630085
151559
529889
795848
345894
233235
46561
734461
965341
292626
642515
990878
265879
596379
733996
857459
800297
380666
736057
589949
735163
355721
806871
828399
707937
915395
359663
166558
131939
95103
556286
215779
360518
668003
644658
34675
130330
855537
487425
326791
479652
840603
864166
481167
869511
702523
758702
889370
444434
658277
611757
807093
838770
527250
494731
547264
711900
596319
451175
1929
630652
262755
203333
369677
828591
113469
649190
762566
376986
611408
420180
419346
983030
153325
503519
633267
327133
693667
695864
664775
294327
221900
522217
861533
224803
491395
39178
480212
402440
238958
603224
489681
16521
506846
637937
799436
143640
927074
511259
414753
818370
226055
3896
71957
428869
812101
633950
785119
215788
201583
756564
911842
960592
888909
589239
159595
970195
583366
350427
847567
193588
227196
688824
770040
793580
48413
168266
714308
914340
202605
98194
795260
370855
970404
52804
666836
195515
393239
248274
769739
544474
972836
857295
33248
365009
407388
206646
690003
758879
170493
131210
802128
206507
854728
221578
653670
567041
690364
291316
538431
103607
648341
333674
375474
730205
191875
537348
203589
843352
166953
317227
739269
939385
67529
885849
927873
939471
69448
865617
373550
329055
679419
870629
184450
417780
7501
942372
165572
350583
380391
957397
168201
904876
590199
841050
349260
821699
195312
873714
511997
924047
458290
571585
390397
755114
46256
211419
670073
474324
803583
642781
302377
643504
