726980
818385
747799
947849
982608
910248
384385
721445
643905
697005
741501
399410
992372
743978
772791
967746
550257
286178
245166
783824
792229
708514
297370
206380
681726
702394
232161
748781
790503
233239
609480
818454
334845
512057
670090
899252
509763
203221
411881
314942
886139
134775
425858
126862
759454
476155
220317
530821
879691
283252
233461
363391
953806
865121
285636
728278
560974
190925
337455
136146
350071
473156
901699
326082
639383
430374
749730
356562
245995
479681
186322
217692
231083
611097
648819
439714
911025
507753
889960
562576
256687
705275
699281
400795
228949
401263
918168
870376
682031
164802
322615
723169
78749
407143
577369
636638
286549
582336
623607
331957
161566
568457
731543
817275
672165
44624
812842
233513
816558
406749
401229
305836
785093
643953
188472
975741
493182
831018
329325
375252
844692
1937
545266
738692
326467
608113
721669
922963
765470
214652
659272
100087
343283
302539
293510
785201
235080
524262
848828
115337
998036
308720
703019
193718
801271
476896
232506
638001
380436
611309
640212
740505
390100
568173
654309
334178
746928
584630
553380
258918
352150
872581
416412
108875
129736
727490
459676
195809
255162
903916
556501
567850
20579
28217
434153
93945
369700
786491
32717
185108
875629
282249
942843
533905
449190
721967
293961
192625
956406
522722
492239
109444
427133
390271
653757
438446
281072
264283
313727
235135
559020
433431
275912
839979
710127
313458
709050
56818
183038
256533
879526
722674
220416
817186
431975
34974
672359
357229
340192
49688
967735
78774
684051
583199
155399
290000
154715
472646
778481
463365
765512
422182
815427
618900
623284
23987
809946
441543
195278
883388
852859
702171
970026
426247
605118
585617
483629
242697
301039
435395
742349
818486
558145
427463
842122
214251
900841
636845
228376
383206
684464
387371
320545
696286
435605
89853
189390
305902
665332
290833
209819
792652
253177
511244
874716
683403
727383
695310
275832
880692
872363
285611
226466
733443
983345
338469
850346
565799
542068
35217
962790
169506
405833
54444
292017
28244
804368
398399
51148
160711
264919
828611
819928
82127
210255
580386
333902
218793
416784
69208
486414
556913
1426
727602
949605
912816
457461
109885
767313
112278
721775
269834
617541
567109
96680
795316
328861
143910
159242
199723
296807
441523
407849
714409
626163
878899
184237
962519
103797
24822
733410
755860
664222
634757
344995
451899
706019
67735
819673
317092
93184
182550
991740
469916
56326
317386
925999
543596
603159
184701
880680
749632
344043
897785
359416
836197
320822
529859
143127
205956
732605
731261
930672
358250
859922
889638
567533
684183
328797
581142
2666
610461
643607
200609
109782
639837
967353
255278
352474
937121
560148
865495
321326
998249
659218
290935
501766
401010
137180
504518
262442
841659
677215
599921
30491
395961
467156
272240
749031
851703
649735
38012
194464
209299
680773
393200
189409
242685
217520
838268
268036
316638
720648
214830
732018
810655
199970
457629
606036
940512
666219
887197
536683
818271
696198
670646
404625
329007
217313
788563
675852
964100
132844
479843
158382
322608
940763
968057
190490
798920
914943
650527
502965
344173
117806
978249
297968
281473
631547
543193
191436
524638
177354
865338
460779
964691
946570
137409
723349
200567
440897
63971
308663
129270
295177
754115
634621
241982
37063
59772
701155
531556
67383
443845
217347
883995
662151
568694
492994
654098
37913
996254
368110
410230
659057
682123
11340
416557
359810
769134
516175
181939
795627
352806
89833
958086
491569
429524
357502
588590
51058
609004
217252
530214
858517
926723
776022
433361
276837
35754
313726
63425
751980
579711
959962
150504
405614
566085
765462
929425
89402
289313
153448
791731
631929
223290
362358
925611
818131
479969
147938
137328
256395
779245
531500
466601
513233
493333
55336
340893
316351
916108
621417
990674
101616
181727
182513
103991
616733
990646
345279
674034
193057
498255
46264
901599
630011
18816
321328
388376
611369
306569
968552
26566
274490
135383
112371
35555
167885
640775
429480
777717
873393
938762
48400
796537
596934
851894
188155
765209
385624
113585
939769
929466
705091
59776
938644
305107
864609
581297
616907
286869
365466
398919
672381
290563
851779
379128
110581
943169
821811
405126
369262
260000
892160
799211
594831
154978
955894
570435
228785
395217
448116
102191
927568
773543
645324
541293
749676
454561
862621
712733
74211
86664
505256
131569
567677
156487
264887
721284
806561
821084
377373
690109
467743
612436
896475
482774
285292
262859
712732
114184
864338
801410
310228
514547
604438
908935
456211
408146
872686
341098
71091
295293
459616
334615
740881
481469
181200
120793
352786
248370
455943
81743
306143
186981
225958
984882
533766
980739
173513
74708
229313
496661
5249
556770
208984
777211
124997
351940
550318
926815
445860
583381
910128
669087
958626
668400
150636
361947
479168
793883
816018
695036
901784
851012
933457
324520
907827
738591
515789
35058
160376
810043
656666
202638
291643
590616
825426
521428
73223
176717
454308
7524
427851
932985
189267
31566
786043
954927
688696
975882
371586
152209
552754
117015
725507
102399
209408
700276
352940
331944
200623
879711
647026
909173
554011
961881
27792
212795
533559
353336
180653
245170
748276
760349
874017
716135
370686
102719
896904
806705
34188
583278
224761
3363
911752
369646
660313
883861
660286
344219
168166
267296
281529
453262
377656
575996
417250
822389
403797
486871
607478
514104
658956
540366
567422
294605
453961
742740
589118
675341
277102
233221
975965
715796
654302
971583
400138
291039
435627
873628
350406
914288
562870
910488
397335
495530
753408
684056
270205
815489
59975
231284
303896
715886
14020
944811
564195
118085
453372
469995
465436
393506
920236
296175
542333
944765
123521
149399
545922
847395
712863
202498
401530
906668
620845
510912
920607
726325
36773
833559
863298
545628
485235
277429
752774
955609
637912
112784
828121
923720
171813
793333
70079
549736
868185
13102
439641
906939
603046
725203
889872
185452
389871
276856
280328
399826
70603
850385
77433
100361
990939
41661
310661
22825
77397
100161
693870
298434
298923
316624
22792
16147
792427
466638
708170
488126
270819
141745
441651
53545
239228
462995
846376
753251
370886
634219
221046
120780
509530
882690
647016
834545
338780
422581
721865
682449
92385
225379
728604
285581
840975
959984
747410
985678
479134
310858
492157
999755
192651
194343
612966
597686
769014
957682
455072
929135
454334
615500
414881
251575
594477
295053
554445
265992
757335
8764
154004
780025
417532
214328
180647
659898
40360
342923
276647
90683
568659
299244
807169
406240
993784
396309
562185
359023
20332
124162
340559
758506
813394
993305
528182
620874
100982
437571
233594
134006
495400
282442
673778
414737
768103
99823
787516
662479
402850
194507
857095
745766
837266
292808
931763
599676
328294
861575
911082
462690
109528
56485
349564
276297
152318
357312
867840
29868
754617
110044
125981
604614
306663
232098
718198
835242
927488
584041
237913
654325
932556
775948
386341
115334
239501
536817
689066
136363
112529
173613
258484
181608
907692
944143
56342
860942
701180
714300
535007
173004
517813
419893
809011
871819
559975
242643
502598
465177
119519
628467
344711
956820
116233
95232
836678
394298
580953
752942
839295
850807
968956
886258
735061
787087
590361
103882
482638
522570
247117
303380
66464
453965
976617
595240
648912
22896
816855
587465
814420
834738
94953
59328
554145
424912
708515
527278
862987
698883
387824
38854
492382
552560
459143
95077
999502
349532
362477
20555
137509
937768
167282
174194
16742
922148
75337
409041
805410
515789
629803
711969
96000
75212
479861
936439
909118
48986
411316
259426
935740
349447
620685
901547
860004
864668
230819
428477
540817
684462
553788
743623
340991
216429
939230
887284
419862
366225
738502
207333
504715
948935
39166
312810
262903
597129
844231
920030
877986
865599
902448
54720
950590
48454
323408
888963
608693
646836
27066
389542
613816
236945
375877
187056
95302
251645
736195
810740
473112
380961
151409
978422
203149
509881
470111
133867
50616
584860
828906
286286
281591
945372
743754
236210
706054
660158
964712
127223
205369
311653
299542
123880
990514
546335
141035
739642
868539
920997
421380
471103
709292
682462
341288
163606
173194
211229
370698
682196
754527
974804
176543
936532
836437
7072
438123
730614
324714
944742
607344
849467
231972
286162
852843
584341
380216
663619
918864
553051
903618
842656
669694
564714
580656
116261
582939
1385
33761
900434
160391
304187
508435
294008
649261
564028
164349
338574
648297
362931
413881
49125
744948
190859
810442
346329
308712
314088
771446
29166
436346
815177
524524
389009
529043
306400
621177
669086
194880
186937
219723
91975
494792
292695
957856
728120
142447
540687
608192
178977
768560
535450
590382
307152
572514
870441
989248
664884
608759
228297
437857
147038
586920
434333
554403
419626
510585
158976
665896
750507
951807
597336
872377
678207
496124
945029
186222
168749
458964
24095
576286
551882
908731
453404
307728
837757
946586
200512
575972
803447
58389
444896
189251
40546
133077
26911
996810
596162
895565
12610
686577
127493
770325
565877
330748
67974
931125
745544
139746
808873
319585
824177
942472
883326
572227
364680
409329
12681
365146
298741
174681
859905
225556
511614
176327
42806
639662
578182
380868
967891
251306
690969
504078
629911
50033
440665
943403
436480
138671
30843
931707
160829
319121
557736
724485
810281
767045
733481
226297
840402
348311
848205
621826
753610
995826
758968
349486
436150
327564
78906
379948
322605
946872
853655
758045
687286
431271
307706
847049
240758
737206
564779
331173
641373
991665
626320
129618
498190
579914
732550
29537
374938
789129
23387
629673
183888
135170
92013
768913
965122
749734
359865
693789
491978
899729
618553
940348
826671
619970
784805
584172
66933
557825
942378
82973
175879
136559
171830
137562
348881
885645
954460
619389
697383
659359
758096
233528
240892
765535
960485
772515
752324
573663
707672
427094
266544
213469
661734
166306
60391
165623
952917
578468
156501
155200
408620
498807
504029
8838
934550
847710
30570
978785
632764
289805
522041
839922
853560
149002
46143
63515
206953
246366
518825
460915
602256
492964
285971
564136
774229
379703
285793
431810
833283
199747
854982
252282
620087
78891
726692
87341
963491
858450
691838
288838
642338
894163
910223
337836
9437
510992
708876
408379
791002
170193
193959
310157
988865
456899
871075
391558
636472
675470
803423
26588
494942
973824
297940
333138
597006
922731
519429
401758
876379
113039
686547
198992
330886
480598
212086
527500
51255
8335
126952
651878
158616
530671
135469
793826
642146
375400
413768
456263
263748
962901
919428
73692
498804
159644
312800
476188
461328
266038
309126
486192
778878
18731
366680
772404
604970
923575
29527
589480
899052
513858
467939
77521
884755
888026
134506
200539
247888
210681
605634
883107
349296
345146
73797
253407
529646
716827
201604
996331
735574
70088
771549
921247
338482
857784
55904
453927
481614
837049
304301
796579
712660
382146
963223
938823
72687
105404
209983
53222
515896
575355
109493
734191
662372
907841
388467
319875
954535
435934
901389
700392
812135
305913
63042
378359
603141
12627
890552
593789
55806
981380
908724
261514
532521
580568
480207
914341
321362
192899
886535
766683
620850
992480
121670
538678
228370
743358
392455
336865
212279
218209
657176
605597
644291
112117
341552
204224
772781
908608
665086
270004
145448
108832
41556
787509
387110
818274
13575
492086
523402
465573
2982
303930
456786
802078
13031
79398
8219
127748
646080
623939
930452
269151
889449
23019
914925
964704
539598
294421
675551
660490
215293
990524
948121
577129
682176
267667
446168
597317
881391
888613
734522
398048
475636
796668
823525
289819
376118
72199
658285
685717
424022
791182
606516
34004
655092
894260
649872
319603
15507
949324
369915
550315
863043
90941
204767
141707
867861
194050
346079
61030
709182
504886
361223
218068
427410
342090
725561
483102
893820
570669
477814
924356
372237
867198
999317
592559
568318
337557
165810
314774
478293
174145
76205
344987
517352
718831
939852
465846
238484
484113
201533
104116
111398
917733
40667
421532
684295
431
73401
21813
415627
614417
973499
494695
990216
152959
695419
272962
842730
939788
580887
506724
560404
996677
27035
459363
836827
314544
316019
474444
352045
690152
447876
644720
388792
665271
297630
175050
708232
887922
102549
999154
709143
325739
604033
701577
856704
784110
895841
203916
721763
258862
652259
333194
923168
727629
827351
297708
701726
349168
102671
192544
774022
94155
720350
916744
909905
336064
617372
141150
242481
893293
966350
479371
215224
866881
760909
163378
541828
634325
102928
365911
779272
377972
76789
190989
343106
642371
409697
340875
532526
783293
378787
239936
415525
45022
620290
188998
908515
941662
315723
521756
302405
975943
269496
760359
368659
770506
877445
17366
717937
688559
492443
913119
196647
628181
172450
757408
413427
136763
214770
663793
781661
209668
835986
470505
427480
27729
628829
815489
883415
224631
439974
394908
957360
347940
421355
316186
55727
4965
75885
65925
724659
310998
903546
716572
417281
360075
502595
71846
32334
36283
511224
95565
625316
763614
998364
635466
542491
753431
752726
450688
817448
627613
479893
831155
581462
720273
947414
58341
550986
827004
470410
165390
429965
41728
409484
755685
523303
187741
110325
259764
784080
335784
912449
964680
648202
832144
235600
184189
614931
771580
169312
369957
744937
638850
482166
421412
398291
761068
704186
652383
76713
710553
428552
937919
501898
940152
468398
764534
824174
339172
628088
837861
307573
176191
112095
944402
429966
171197
995878
584848
582156
556683
190646
565410
232026
811058
819454
817262
228688
224911
759246
851870
8238
773084
207179
214402
159142
251546
258511
722312
872356
86487
70826
678420
588456
870768
200071
988288
789463
199529
599224
609910
934149
294165
508765
141466
235519
938957
276150
239787
141568
42574
711107
202085
828871
141186
807718
900116
640750
947212
365474
14877
296562
372894
172678
137097
337755
671959
543839
856485
533045
937090
955358
305790
932704
844693
277433
298687
66708
230593
141152
942002
700713
983168
481346
679858
580024
799225
392238
497098
471842
156313
73487
409973
636470
326240
945904
290955
270511
224424
406791
693136
162466
59833
723940
878631
376020
878231
968975
961502
171981
940729
753168
972283
240847
966227
684062
478234
47389
1443
559026
256843
32380
363521
275136
845864
916894
620270
355709
758471
818464
15358
385683
445549
614167
670222
712019
778551
249626
474070
259118
92538
698974
205811
735592
364010
406348
322878
847857
356170
13113
404915
930705
639976
143976
619458
263605
616505
702492
380777
544727
395342
484133
826654
710886
192544
146795
39324
592347
646082
977396
920883
15731
633259
792738
872937
560114
187419
234954
922791
898826
415841
741636
788730
458020
989672
983631
935059
755545
147998
708155
108486
706609
709937
135467
627401
178970
983999
685496
610255
804933
929186
581795
498460
324345
404459
297998
29505
355994
165665
304701
164468
8750
32744
873589
285909
143243
688308
786214
536050
870777
858808
367289
948168
485711
347297
406598
852553
238085
303297
409498
618519
794629
546288
54451
210586
523002
638103
39870
820412
187072
96578
837851
606404
827762
488394
898402
620602
242317
716761
655488
865845
939489
757947
543495
547983
450566
15331
979145
776090
155188
371594
590737
344068
990951
35213
462549
598802
171062
266361
925599
267355
409754
434589
219472
933482
625986
863231
8957
151477
19113
262670
390114
436362
252861
623646
470140
895089
635438
808636
821092
273080
660316
717841
42587
812438
996122
716978
662111
604057
805082
514111
322827
185997
886954
934856
843034
527221
237676
734758
827586
173082
427892
729866
994430
739514
988923
642845
505364
308339
793686
1422
509028
365120
313486
513057
386410
549869
167520
640677
541141
356428
130394
130525
640549
847786
404297
665474
635088
680243
692779
262374
993265
462450
132410
963766
202409
80453
885726
940751
723872
836570
610847
500304
660385
433090
331255
945535
108564
595119
232645
368950
629972
519287
497886
77630
711066
365348
614790
523639
57958
142296
856140
949213
314538
693658
697722
766430
594290
155515
522765
670736
378663
203553
199901
966029
915107
798082
611710
419691
620707
642483
727784
722708
346003
631895
772363
822429
192016
472341
393829
824096
611562
951522
638687
716057
34555
535410
364783
124350
613798
891865
70059
801183
738682
852161
818086
574076
678852
75039
624420
219816
790789
631240
953279
621156
146432
736371
607604
706379
198936
490771
534032
727750
198118
946980
183746
961269
913109
945680
365622
807351
919078
920644
658337
409691
130353
760663
66026
240825
255431
277107
319091
978227
645600
953805
999974
974884
949179
258979
37477
861269
234007
253047
876438
995229
460966
98355
512084
292613
337647
669534
509582
696962
416365
929991
946749
45142
464373
570085
908607
264649
853733
977769
762109
597487
41992
5512
573719
155503
376363
815854
877075
945474
8972
456579
115010
888149
281159
653956
551830
332039
132189
671823
28263
477061
948477
205726
279065
955848
7487
172385
900725
740774
386727
21310
822493
479555
323196
525936
37053
542004
723421
854610
891134
546974
931213
196855
349873
778090
213448
138454
592562
335709
278050
683700
269010
652550
62351
940470
863341
571916
989044
262407
153633
893707
36812
730439
715770
821088
851114
245104
373109
419410
335352
542244
257102
730400
110234
300831
962611
238571
472201
322372
651364
436934
785909
797097
448228
264052
725534
661776
301165
339907
639827
685313
979156
408606
448565
690139
996229
117672
277820
988974
377392
659690
688284
989056
331577
93731
542344
619962
418263
939611
620097
293494
953153
577693
102585
817011
158361
565759
443511
921033
623632
459020
465299
487271
335039
441024
631236
741629
985996
397044
878921
669335
382169
406847
324186
725984
917703
999856
684983
43633
98515
440086
215889
89779
646513
452070
604211
371555
545366
536952
481073
384773
706486
989897
664694
237437
408770
780970
637529
70992
309763
933100
837781
690172
911521
444961
114684
951625
779563
215653
595623
610608
668743
198511
935807
776049
682026
379730
211439
202592
909033
277909
903191
562837
868901
140345
147834
905588
629966
303153
141594
719533
395695
442994
511321
828900
629957
492204
354051
560044
998955
152481
919780
815991
16133
551721
955986
131925
290236
345815
440600
884583
877979
278527
296558
834411
904558
262918
135365
79012
819087
6785
962523
790401
161722
572439
451838
175218
359076
43541
20462
87295
216500
409319
713577
17378
157165
89929
320150
989977
15287
260430
582302
275249
74657
275990
635726
233251
10566
683057
323125
919548
880976
415183
694395
829268
932934
963339
47923
497153
683210
755677
203944
271172
23050
486019
772302
751761
307948
284867
124823
423729
766887
974931
436537
245592
363377
698767
495908
809614
880398
774233
665121
866585
446215
277326
700555
920344
79276
781779
221243
299290
723097
620636
538673
162212
283483
790138
535148
43169
750675
132896
942519
717040
395161
829329
32780
871035
361419
485234
635182
182407
510899
776803
615084
498045
691123
203236
95588
386126
136717
213450
866234
390244
151111
733628
994227
321983
822149
861396
275489
492172
340630
453368
290541
421843
701945
753399
855765
658565
683206
183474
884329
977022
945740
111959
254295
625464
560115
390357
222092
448101
253507
459277
272622
255604
594099
628226
195212
469236
527630
385260
606544
328849
190333
439265
577705
760215
4761
241195
148159
564016
41211
663508
548348
981561
884379
509886
705736
530395
915376
39957
471420
842107
638007
716438
769288
638457
899484
336344
716003
525403
643883
724351
498757
851220
619228
222463
879358
852736
820457
6131
525117
712848
840744
226108
240137
261192
508160
576811
432663
743930
993489
560415
790295
453505
634042
915893
758279
241975
292025
162231
272705
739642
392760
23126
10782
932617
552412
887708
186283
419131
17188
272044
461802
575361
349306
60915
989088
576358
433243
585497
549670
862774
87959
335052
204394
439071
721503
131792
509992
857534
280304
628245
508280
3044
379967
350090
811447
852956
874160
924658
644412
646168
384500
818287
305192
324577
397695
187093
341391
607892
453925
540774
184277
440057
317306
437845
486340
380367
809674
332659
595271
5278
172961
351886
850080
29015
200843
454057
590211
676034
149138
242287
880700
91342
242310
435455
604925
642115
790622
988613
983363
509395
701523
501900
267602
895546
250342
242408
513110
229880
431364
472247
215643
419599
818939
300373
901325
803055
605960
394486
74943
865681
614090
899725
956612
599185
541895
938266
777985
701228
483347
486714
864081
703808
959130
591472
334903
319758
767186
215660
685294
702442
489020
612809
690787
374920
862530
55065
354501
434989
651136
750312
777024
123702
237728
472671
589821
988894
53158
739315
386930
916438
115026
567007
959627
112345
102086
560851
822954
58905
129599
82622
860431
274344
967926
263176
447242
72083
388953
877113
685484
495884
459496
138101
341210
650036
971579
287091
848240
860584
304325
715547
896308
101522
195982
851269
381511
259205
506977
192320
435178
243662
609893
29855
930073
726330
524551
793570
420978
612219
890668
389128
755788
472103
880363
997348
163643
676667
359348
9009
877374
312659
149038
300745
435234
979953
746250
941158
765742
805105
384972
563983
862602
633694
198510
463336
983618
92980
915280
257892
464242
646300
284876
553626
17325
829729
154413
181994
251451
437251
524338
396416
328284
55123
259454
815316
311538
480984
434664
345111
330758
595348
924271
179974
45956
91045
242954
224597
474568
32789
27368
260182
407245
90765
662879
576301
990527
758864
685875
926902
750306
105148
87579
503464
739283
315560
412794
385032
349269
762511
512999
934965
972591
728376
479769
931706
441769
280946
547375
304457
898758
781736
39795
903738
450978
428925
798612
584030
742560
397251
88135
286180
758529
83009
71601
920997
333085
632445
299855
2315
75667
350987
195469
799164
22479
79805
999785
662764
595600
889992
982937
20557
471328
189891
296008
139921
900743
529915
293064
660122
312662
680995
718993
992527
788069
686346
347657
495473
995455
920211
198277
250664
207182
481320
195852
454675
636670
824259
506074
937763
294044
455667
603459
582138
289695
619315
542287
732525
526612
452173
739974
70686
526125
247363
76504
330456
792771
310173
163880
310537
82329
254219
133166
416659
855972
373145
145130
621360
473713
485875
827134
158492
664003
377954
196412
370278
103893
566740
416185
632225
241105
522158
326907
481289
748073
412031
853284
482848
622879
807030
25560
579252
529281
609739
761402
79855
966218
575401
528306
960462
645596
160327
292226
883427
33272
611045
541842
576248
467271
362765
303466
170607
133132
370686
423804
492284
215587
437301
511294
792690
307714
487663
646939
213961
686484
773964
260744
647777
532960
213084
957767
87807
375669
152822
983894
829486
391769
185829
217412
502311
898392
856823
871776
429616
442008
691026
958110
161040
982044
495085
328096
609409
410341
508153
875190
557902
181848
151138
426519
970458
795641
104375
863192
607825
933859
139075
876620
416851
888394
898874
269254
256625
140919
844998
199573
810026
391395
418672
281742
804859
65541
448267
248406
706571
412105
530765
582495
663887
169903
44253
735406
672341
41539
334163
617099
880929
619835
648224
353745
79497
274598
723630
627720
19207
168424
299253
499023
53753
392703
284799
800821
415813
645733
456372
504596
377899
212124
272832
871015
900984
535872
418287
601822
744247
791047
10265
217512
915545
398375
337526
562077
463821
85886
731038
82353
781446
278621
81881
883377
682961
333626
824016
493433
79435
294686
691390
229619
634233
344881
729353
578170
637733
402200
604846
662474
577015
291001
272229
192111
120291
76609
245123
856610
792929
902749
921664
162778
57603
967708
96325
566990
805139
901897
170538
356344
761281
304846
176
963970
267328
88670
611117
660802
95984
448628
697250
966665
14240
744363
378243
607476
870557
600981
663756
475812
669004
666830
998318
510441
527258
245337
117306
606020
132571
485740
663040
135505
606153
359881
472371
909260
615783
463822
478559
900334
356867
79712
142512
511352
101729
547529
844819
357917
135201
179962
764190
89267
766858
801676
374541
605550
2784
942516
509586
252413
653249
250747
187286
885790
167089
866770
427740
432053
85820
960042
461267
477754
659996
566808
442218
761674
158806
148559
544305
813138
242082
716550
154386
36508
78560
264011
89008
85891
859330
711153
220637
178008
171663
174902
853680
110917
363558
107371
649558
270237
155791
782019
778325
8838
141995
552177
608719
452698
59482
739040
635548
958915
600638
755618
599100
564719
728735
840027
372182
810648
648111
127301
856774
263387
608046
541668
956481
39901
461761
690717
664197
463334
262427
864570
367351
242311
575587
648344
806749
496333
150844
157164
352872
964765
843603
968915
904600
558107
679888
128389
523423
440357
760235
128756
603934
456432
629182
657483
688283
599167
780532
708604
279976
266803
88591
972067
364968
828442
57432
440203
142184
297066
785566
320958
808155
737990
239846
159724
797051
542279
198372
9162
926193
796752
347971
754747
695579
753273
714748
651535
53589
922323
167566
171845
700197
738062
548443
986216
306860
771417
503099
523122
231493
563333
234928
277315
719689
880019
73005
666382
48285
587146
133377
900105
89074
23068
712104
34073
10097
635828
879439
329063
688051
795922
224991
203366
483501
491009
751216
278672
764796
401499
774676
699504
679381
290677
161653
471281
895508
619391
19124
619158
48241
532017
438651
332485
713594
802634
392310
410249
982405
209420
526661
42165
295738
275449
470005
482761
879671
264849
179715
61568
878911
804431
810378
555539
199335
726444
29715
415030
529269
670894
622315
680349
325220
166390
391244
847923
773960
72397
279482
890849
318996
312370
682807
593898
420322
73926
289244
720782
772972
152411
866701
381731
267240
484783
543256
808446
946469
248811
885220
991621
375194
674008
382453
476274
95825
361785
303221
485215
160007
545967
909109
404092
591066
609469
259536
98292
504200
945577
336079
304851
782317
379455
366156
724409
918843
519433
463729
537863
472208
710773
887014
103947
322242
337467
48420
212955
539256
381075
152948
488857
43992
428356
465937
386398
347990
641766
135970
986852
283834
879237
603948
304834
741048
941865
272174
296021
570807
566314
462011
107325
775351
522914
995282
523123
408751
631113
856281
989992
877475
780409
891800
16007
206816
696727
577659
530863
480855
156986
385116
8322
837358
469347
184485
315613
306896
682127
876066
417679
547712
809708
485753
591981
333456
997520
766189
531867
556224
489339
661407
314245
85952
2990
942197
953318
406089
21830
34603
814849
689239
118827
485968
690018
368965
596726
519074
868310
669220
301260
71657
41940
312165
545078
356748
727907
862226
361236
485978
451155
216551
593421
861953
819523
464518
971586
82555
947676
10874
415209
515502
279336
170025
817955
106938
163470
973065
675381
403497
496861
838404
93721
535954
15200
109897
332307
624566
729815
731507
99481
196885
286428
748152
298900
793308
559042
308971
303717
297729
697211
810338
30393
587325
254606
331433
491201
470309
95144
651574
120131
507789
503601
717325
105275
479677
60277
953333
125952
870005
627240
472185
991922
899231
242808
915463
562261
156039
805903
741426
686808
195219
224380
576598
377457
324606
286047
744868
590873
252901
781067
466006
361411
869188
455282
852592
534559
358544
341184
864065
558530
283297
931283
309797
646895
271719
34706
322147
507085
881608
300301
990871
819969
118229
856197
161685
369727
524625
26645
269550
909613
350869
491848
272192
783432
614305
157057
481984
510175
967430
74621
754511
421059
225029
323243
666528
511544
641613
929731
425873
981846
522341
318401
296179
791832
986304
23709
716409
754576
29564
15764
695483
789882
908569
225248
378596
174840
369719
849692
749174
259152
612660
502683
642842
750149
210096
216953
884309
568796
561082
390479
314323
677700
787049
289396
847116
944886
112692
841808
152079
18267
192072
184493
929018
836556
241750
505357
564400
386372
119337
30421
828653
12644
114458
325371
19717
52452
893575
446902
683116
847410
544524
305935
562595
724783
415529
299163
799613
324502
946412
601008
585163
720184
131539
440841
658731
452014
273285
224793
473444
285401
448565
682519
673858
437475
768203
40322
227912
905854
533265
801023
449665
373387
87415
610153
675616
246221
611797
760409
799116
576239
263806
262488
971818
685711
261737
984840
990653
11935
118640
634723
658744
879224
699764
968266
476697
69943
85634
296205
104235
956856
41299
635546
932476
256340
511007
169742
966666
983418
223269
600403
379445
314524
104883
881204
397484
335777
296773
573719
722458
330667
461396
427992
351179
301040
735419
556042
841652
220711
395703
94131
987462
705560
825629
998638
99500
210385
109737
80470
702865
475198
634409
116813
330621
97270
463146
533089
290983
455168
53285
11783
412349
643726
83243
127630
517723
259799
188230
440478
528586
226725
326777
6753
164250
802079
797652
860966
350978
734856
104997
371743
248856
578887
874820
353258
787718
642191
460132
293263
896254
900777
446179
328316
766593
655163
175969
267244
834512
65645
520592
616616
222481
301416
914079
169325
656852
631921
272496
147480
405069
71646
964642
487774
31972
825854
614834
916607
763757
568271
897358
750914
63051
493353
573914
535458
982660
662610
219847
5658
779795
944062
156400
57809
926295
897137
571474
911651
558409
319138
619937
181262
288207
792012
413358
864414
699339
279300
822968
592553
669866
96342
181348
421650
166781
570934
875204
586406
561849
96766
900343
549309
634834
522295
638850
365762
772932
146212
838199
640024
655848
967370
97336
647396
795124
254463
71216
2846
161163
463778
52325
453036
1458
523472
532018
90096
418812
298263
846306
369109
147077
776166
314934
568694
171786
715090
927164
621558
951536
951692
815027
80725
432412
348872
792675
188218
879212
403142
115915
276802
414840
822552
687646
88070
658631
661096
56828
195766
230746
754339
658404
687344
755142
272299
467648
187323
823200
308300
447805
384404
676209
885242
975492
480750
65000
606498
416032
510419
248865
130614
517746
222512
264677
180854
568623
175500
751506
519815
547756
347232
722603
486243
556733
239548
889570
745767
100504
388450
290980
43528
432672
534274
867983
38846
795697
871617
461883
725063
657375
848513
548789
561704
602454
802999
743248
94049
136035
474260
526206
834579
219390
349504
668738
148060
855242
671563
948488
189223
861228
611484
287085
241553
161613
432971
221012
22032
132706
638205
92746
626540
993755
911011
251607
485769
997717
546959
110704
669958
303324
925253
37976
254142
390489
775086
792031
521283
538967
990857
378202
171944
854001
57949
805148
724829
56303
491095
231524
154216
50508
599596
676250
523462
801211
789964
996181
87141
434732
520832
933044
380187
774319
288556
162563
336156
436034
854747
476254
927446
335878
707986
173711
674956
665423
104932
427284
244239
245811
599521
901345
713041
768428
556252
895892
78714
403376
348459
461600
616162
375646
251928
176032
931725
660302
936625
190021
909730
513334
50012
82912
946094
306264
861320
789270
152439
438213
425182
443585
224561
797489
956995
885022
141826
430601
125894
851948
891545
657986
8484
780296
743054
363172
521801
144335
556897
496790
537337
22417
618794
77013
563324
517891
316293
608454
805065
537142
424171
325896
905176
500177
530763
501913
208884
439761
157433
730996
324040
35670
518659
573957
813467
90894
980101
492368
48424
253826
177352
546642
5325
131137
462398
649227
931327
577405
245114
127967
803838
831499
693144
114182
618259
950743
96194
830595
669800
828680
52831
837673
546143
42062
850296
826757
742558
346420
243881
267921
986449
793423
116691
369731
734941
974148
389498
787859
937848
819045
284191
74332
626366
835291
558547
706634
921589
493414
525178
947768
237224
775164
665617
310549
555680
254660
220000
730918
258895
108274
171223
162080
178294
902451
781612
487519
981621
51169
281313
681213
87742
714942
15240
882452
416122
799827
836234
593781
783830
183058
592138
145837
495238
911459
869702
364170
576844
683487
724167
83888
648411
178284
147944
47983
723689
352098
202713
860703
356739
821289
305034
75352
127175
126797
377049
597986
732958
764862
716667
942822
746126
16426
84332
383669
537904
460099
937917
385399
201359
327481
117950
852089
498910
748699
601347
125817
529966
995676
695575
9691
99951
107741
688707
568923
438596
94053
498449
381975
821860
439982
272845
222068
12284
803511
416844
446745
88956
277210
278420
87759
970555
89138
447957
313833
82221
142485
453760
748851
774569
352124
161834
227966
248144
632334
331244
649565
619418
743297
178431
666107
555063
579354
512784
439914
137903
491366
26753
314767
404188
39210
186504
65967
55419
622375
259307
976580
649935
286426
592532
812603
351764
643687
362741
225483
851450
633124
179009
325808
643010
414119
239845
354773
125785
94524
281240
178207
228975
956133
185726
463702
186355
714245
242063
174084
117282
609107
336582
246814
492868
21518
162393
420463
494671
187146
755658
757735
488060
459621
421140
842353
857219
932810
309779
460145
843045
131857
341399
935452
39664
471571
835623
654474
494467
473679
874144
775002
775262
840743
79443
58980
491013
42809
391741
838710
137421
282149
697832
85874
538398
907445
127989
937539
974633
303026
778170
557123
872530
227853
315505
949499
301546
628171
894578
348441
917215
534829
657311
873108
588629
881478
825695
716090
533347
945020
113175
534457
456603
320628
128128
525355
404007
929136
118489
905895
485427
703940
30292
776727
59027
301089
347545
340062
493158
661564
345386
784520
712296
362474
690495
623913
350811
827640
590086
22383
495456
969478
967664
405973
35150
461359
455675
55854
877923
69618
482627
175126
504056
562022
408009
194274
224537
941294
861478
886820
773983
426418
651662
442396
823678
77018
569225
583340
485854
653849
77291
485927
685971
168328
48229
904506
938013
260131
60189
521538
49112
232525
518530
513866
1066
129702
389116
129778
139232
980962
518321
59295
812812
826750
921233
35910
979055
897592
370453
694443
682141
604927
256781
957588
968602
382669
897958
977583
510943
425338
290290
881024
770525
117439
617204
666560
146842
463648
332864
558752
433337
355351
927065
347910
885973
110592
310219
971741
832783
365455
499346
406049
595057
228684
838288
312926
339574
238702
957377
378912
21514
483278
293253
767206
334066
111840
208530
486080
64939
415888
501501
163822
62007
829318
362924
792360
466196
599161
497619
946861
778448
28621
586322
370320
93397
800849
487533
710624
98235
509630
497162
836654
298718
838196
382741
450539
988368
897096
392269
525
194051
184499
105818
44009
37730
511619
615962
929022
34070
91083
968940
962671
167160
252775
138459
86284
853615
247031
760803
143019
170408
847071
234110
130388
140003
406359
648430
707935
927060
479009
277398
300700
798825
922925
879962
499927
314773
491044
748971
888998
818717
446135
833344
668999
959031
229774
490631
668273
361210
73840
761241
945700
225576
601537
293183
494927
912316
814021
882111
790971
605334
862675
387948
296899
729998
251587
51567
295487
641174
425769
344068
229290
330848
911422
244746
890144
938339
86113
58242
157601
347923
311963
95285
55885
473501
269558
482491
789641
848065
256623
105359
81822
39242
439963
88481
658575
73161
798872
62759
898953
411740
626777
6019
938225
80558
181908
976576
680659
479281
362220
816839
873056
809998
517207
785569
856237
78891
350359
815585
589277
26489
310115
584216
808241
471070
399301
707522
80873
996550
67490
176652
123058
174136
264443
402969
172799
422828
555951
23560
359763
681747
179820
6053
242703
457510
804175
912290
485645
51737
581078
855158
392608
203268
469623
151096
639732
429531
170036
493698
473025
87771
765475
544147
513540
769341
302430
133493
840848
409141
370162
915908
818438
115679
611389
500726
879887
364846
820321
549203
204507
430275
170997
662534
317069
901070
165509
661052
966814
210198
684971
678634
596378
770109
108946
349758
863565
959508
623858
810551
975909
889213
235612
102688
836579
520831
169514
13190
769036
395228
817998
995160
169447
917418
429486
814327
487538
59293
675775
424573
672391
612169
983683
832524
264006
990766
20900
179192
862086
465134
477381
920360
814386
327093
473917
921486
879712
842005
981550
709128
916352
642023
988920
537795
621735
125033
307678
773688
866651
827265
594007
480412
247690
974294
946751
950632
150606
6754
412573
993977
837181
991408
145723
513825
459986
587452
249145
207348
219226
905050
840397
268392
895398
892671
720344
347839
97602
465111
860145
726407
802255
115077
695461
303846
538085
112865
690500
417658
300456
109250
516309
110096
385063
275221
940997
191162
838459
324029
741931
257542
219518
804739
28438
603825
504923
574611
813217
380595
897430
412629
573180
937945
864206
648474
141
406466
640289
865275
495746
724146
247529
337327
154643
428596
580377
804164
283954
424132
750340
917287
387826
217097
864722
817865
673487
17635
133860
163054
302652
748702
959607
244970
371867
574936
17558
907206
94063
210504
1919
710129
661862
840403
968681
137782
752812
578995
908041
710877
412764
200300
453059
963513
770252
380334
54981
863406
712820
641154
121026
769537
6440
873191
165057
564063
954604
178954
287845
764480
849037
970287
999407
969954
560686
81467
589869
181024
824496
786447
380392
360414
92876
870458
969671
106253
847198
302265
891141
240986
675986
991786
355909
917557
153958
795148
947173
531855
752390
845932
613381
58297
943313
575238
865795
919889
50304
224333
161888
644108
340011
550411
682825
892891
609521
210014
678520
779138
84662
927774
539132
933923
147512
5610
636766
506819
205064
261795
511427
888750
316612
908762
375497
610999
743458
459867
236199
786784
848720
808667
432661
8738
401805
556990
705426
775538
405922
46329
939186
40492
982433
62330
751347
942630
546173
265006
924630
438152
132730
313467
580816
622868
799917
110191
703147
851119
480321
317171
393459
551939
991304
772167
136385
193380
128080
942515
45464
76797
46737
410239
824816
476792
104942
723179
847604
859383
926800
572588
480046
846788
198993
713154
588415
914804
826675
372261
976817
493758
182630
21366
850698
230541
954742
280713
445391
720713
983803
56946
884157
668851
291456
567304
165038
769067
544239
74021
216376
108806
139193
563065
676808
612407
201336
121456
109836
971475
702550
902650
265922
329689
49188
160080
642288
153129
289507
43087
178932
381044
28009
581648
968426
903359
587613
595787
651676
886676
770648
579564
300951
528217
553364
471277
813668
42614
685901
470858
635262
380095
718531
102256
476153
781282
855879
820136
883017
904731
441886
272871
622625
472897
110543
34755
791373
916423
711178
379475
840237
717502
269886
417065
89978
602362
328080
490406
684686
994295
31915
780793
866284
110457
986088
244495
591077
505289
215461
818989
210354
847090
59629
432679
363333
210872
168341
90159
286416
286928
846089
226629
329943
754520
518107
659826
508015
708409
758317
455474
363603
202685
96868
46339
347143
448837
511106
69816
513951
938849
762860
184684
935556
147122
805451
971042
273719
547179
855322
101500
32450
458433
278881
3344
729255
67776
162718
551926
623470
289676
917168
71266
538845
144070
623942
63377
652993
798265
254467
573321
605881
330161
448281
16079
443717
294368
791167
765140
715051
812424
584072
482218
143966
549180
535873
347566
639262
786222
945163
330809
545362
172257
658383
777374
119694
930100
177824
39201
512586
276058
768158
511987
942522
800370
408834
509528
960170
594441
991983
465404
9358
78546
473089
795563
719237
193501
707100
979153
45184
244330
130605
759120
751807
60949
587830
146451
369073
972636
29539
560376
464109
237799
308212
758009
64640
629424
403701
895539
887832
498559
850178
917118
673139
880611
328728
36778
775951
145150
474816
920425
654624
961524
97258
365031
220666
484411
689282
875243
17203
341056
464013
101895
80643
360191
605986
592623
975292
26154
391505
265478
596197
789826
323892
824589
108688
598534
956761
937006
345454
370186
414281
635145
424089
576610
1003
406032
800114
696995
876897
469109
362201
112419
784601
429388
124477
932527
868106
968663
594708
840750
153572
712241
678814
10915
821672
718460
904002
885964
825568
321593
121454
548212
555639
766173
884288
38725
829607
979229
342782
861146
297274
292824
612465
610405
863736
85365
522133
940214
271787
291084
20018
915805
843979
409159
556880
292810
498916
208655
876089
443282
740483
3194
913431
253909
6988
388660
254707
82602
324534
697316
899076
558602
843923
183176
556666
189501
595421
288937
149645
460498
674614
271959
774095
831435
93108
380617
667672
989080
479454
66489
503553
128369
337803
153412
240061
986749
277390
510665
34595
985057
811379
23494
548329
186245
373963
945874
600298
202758
853215
511510
885860
656041
640550
679350
719427
717583
712798
651075
481275
694676
495001
96649
210547
931366
374496
754815
786345
985799
404401
120280
450474
531916
69848
540022
245562
470706
491175
63566
797155
746668
102669
873173
896279
421583
386031
786836
593224
271654
844779
763002
568395
906796
977442
11230
372343
356921
962606
163274
248415
463819
2884
328922
634804
466916
107653
541118
432593
887550
184737
762506
875914
181109
169720
328661
79228
37755
936621
285752
308743
322520
296123
566589
49049
168295
854174
352924
54827
35965
108000
584097
378323
16215
410787
762973
546241
726344
262097
577423
69652
195775
676191
170647
577226
799462
238499
434663
89290
722882
859891
4011
375621
356921
224278
176397
917319
75608
75392
653602
495546
805855
508002
145543
69691
221509
650283
436781
512926
224875
620221
929167
596760
271666
307063
198322
474838
321344
390129
328057
142755
691797
500289
788569
856470
775278
24808
94563
820567
281337
596462
911575
67310
589725
737279
893978
636832
226736
395113
16548
940299
506737
235182
341135
229221
72794
68351
984451
546730
284343
810692
613673
599902
530826
266149
458741
256357
756833
499909
396952
450623
113989
903059
945897
697150
671558
214591
196978
722089
850620
30794
510586
258239
366526
262001
527678
165273
78256
618501
456523
61551
374443
551684
886912
256290
924434
455423
430449
632763
622756
521837
62284
808299
739303
784229
327560
30728
189988
519515
164496
582874
233056
388528
687557
697327
13717
899711
775377
290025
181697
666977
372765
448440
454322
223372
450739
401227
367447
7588
127274
308555
477907
520950
876080
663986
258209
487312
350350
139098
735469
134984
223798
220140
339016
711222
167268
976025
377601
976403
234741
751497
747808
120505
220009
272203
498807
83850
940759
642549
46707
398576
8393
778533
385679
731408
592756
579718
623899
806146
303901
767277
21352
91519
727702
716365
815767
805268
50975
386213
967043
30257
516798
879896
993111
113747
466680
523311
816786
188743
931341
496196
730793
284779
42475
745288
197125
477389
548443
688902
81670
507544
669348
346900
262645
932404
281025
581325
185521
976440
983450
844690
525196
665503
360845
164506
849380
879135
727439
123539
768954
670279
424737
855962
836314
52289
505405
97203
604275
35976
775396
376517
824636
903365
972206
846267
257935
449773
508290
869820
221203
985714
586016
139163
385604
963332
846680
19655
521087
230116
766655
144004
173923
587647
718920
188793
903402
656889
978345
208589
192183
35957
137176
641567
863594
790123
771273
45808
614726
48990
271203
848962
854236
630155
773400
356761
367684
913190
136099
134258
613917
486044
292745
782436
712760
758968
319336
540189
147402
146109
703556
903280
293642
20168
438718
444027
889198
87361
21372
360962
992980
724124
377093
388506
316143
413846
669621
964359
876093
539915
644034
45827
51252
402355
174803
876973
502757
475650
379268
399957
32643
349122
276107
516351
566551
657089
707654
478730
215642
124432
477960
266021
175770
442493
514618
148806
552851
971391
235389
142102
818849
284600
413075
493226
810942
729345
664211
705766
418777
519116
212896
229235
566758
459884
719976
75528
442531
55141
514411
864629
118100
472268
857016
526477
251373
440067
604075
199828
239020
976167
407910
620930
545651
812910
654264
708097
988774
715559
715621
990587
300622
293876
568040
710753
403958
515792
713690
795246
801922
285891
164955
53707
6832
571622
714668
565130
675339
895708
471807
508563
105163
151475
300783
25815
549590
527391
620536
811444
637853
638994
373098
418386
313231
579842
738101
366877
426261
288956
283547
454494
854281
666444
292670
654408
662128
724992
573981
906319
108270
611290
186468
268791
725641
827745
636917
713826
778030
684126
507198
479350
770898
99391
770128
587460
882604
122137
82404
883477
758984
166368
790043
406275
53530
974784
88189
325879
148443
714530
557143
529057
839343
678505
251204
230587
789795
785611
565883
362324
843294
930549
245497
325628
826321
949403
73045
699587
920161
1842
727597
886501
41332
607320
40974
380749
532616
513574
94636
985794
492586
153218
410077
619139
157560
334930
628313
327571
805127
461350
98017
120070
39937
904869
562900
564804
279441
572793
912102
362622
90933
967506
911153
212121
584143
953138
326865
981087
425610
641242
412368
487537
554117
333031
417004
496214
560596
274580
391387
516098
417883
503998
989679
780387
352746
644100
813751
875053
478935
864652
893540
240754
969034
397613
662308
22316
287212
789597
804545
754142
64191
173686
814214
970633
655863
829341
946054
374953
837511
571276
471599
978886
16936
538774
529055
187176
501485
803156
816061
62699
961178
156143
346194
464402
35258
177665
496186
190494
779678
121130
491644
995351
13138
195852
89233
811129
54558
121814
789948
593689
737621
68397
790447
652232
854976
877176
734892
800677
450159
783535
871640
796627
441940
319012
696920
537498
752543
781541
974372
312679
148082
341189
21939
682311
803377
728623
21566
847694
223597
189117
72435
719067
560638
964813
58982
900982
773658
500764
622154
350107
866311
967976
712383
162565
542236
327102
733380
157789
98074
570429
257530
273111
785670
409575
885334
659834
597577
467211
18657
244627
57715
690832
398540
803996
148050
656458
351319
207594
244356
416416
821466
515606
249612
417084
665777
393390
630965
299840
470468
836413
366741
536029
831668
694967
852688
528041
973634
141445
681654
36753
198461
940654
652325
588269
959479
983781
7854
369405
463112
208737
921672
11132
74626
230662
24101
83752
977354
27962
490131
228768
345976
394437
530911
653366
927654
775465
818261
101394
333357
793844
687658
343096
737042
894279
260483
313773
550323
543965
398576
282987
392421
887315
662620
491788
481660
32274
592930
104206
800216
148969
486852
648407
269811
844587
938796
335706
812068
359296
25326
246044
745789
995575
843540
689079
896368
316034
15577
216743
700040
429086
821678
138599
297448
426630
284762
212510
574026
763458
719377
946640
464654
629104
222892
50527
665016
848030
285552
901170
139829
914281
619878
879233
660055
794361
44842
609305
549385
180636
157279
511752
6804
541516
997154
387465
931038
9416
633357
80777
536164
933763
606095
146279
234779
746870
131577
35032
154267
317145
176390
9195
502212
765664
649564
186962
359484
209908
819155
309685
704530
822483
50423
656943
518258
314043
946333
652000
600605
660780
865146
608199
529937
744953
952076
503226
609375
637402
63577
29957
302574
851625
942204
623737
605062
889656
186888
816762
647381
176639
933432
496590
428351
596069
449642
121561
900460
679206
983484
516108
726540
980560
452714
349522
815118
492796
738871
104780
628844
883809
299000
408580
931332
336773
268778
442329
593232
989958
986303
739189
906982
63129
224712
601739
10229
258905
924008
779090
887952
670345
536076
752220
700735
82043
486443
746029
198741
364639
336885
363775
632117
892944
784280
566418
293411
461402
587287
71602
78474
302051
403424
755535
172956
60303
994974
111254
372722
123268
908777
724105
313516
340226
217476
477930
156376
365878
201424
411576
928346
490958
468272
399496
816406
969536
739958
390615
929423
42928
710282
369092
131160
155524
547560
734942
258931
793843
405443
546088
331410
876269
664747
881052
766764
7980
267489
299037
405203
527652
548327
67937
394554
833920
509222
686336
464646
20245
140172
482947
965689
283782
286604
65433
133168
770852
170678
263750
79309
243397
151507
570938
63992
152913
621517
725215
598806
183825
645855
489635
158932
273702
114890
46910
638744
388594
453487
24256
70471
596002
802089
344007
429066
518709
589489
562349
846696
18789
23488
397606
651486
400168
262914
341271
623747
714205
99222
554924
522600
15678
713328
875072
8413
584923
327753
164249
308623
732384
832860
462472
243387
180352
435180
246090
692559
585106
967830
570115
232861
534800
806257
242233
835116
205287
644784
987356
915451
242329
189557
654061
850559
120459
735562
923331
399331
754502
244019
987972
339889
443016
730859
439574
557057
91728
913122
539014
167461
215385
378756
519635
455914
897966
324158
84762
861261
320447
480168
673760
534131
393699
316365
373512
821756
351667
612558
244700
798119
319634
307914
333370
867378
752874
965523
198788
585537
304443
98853
162904
705506
491492
965129
494033
185669
956434
851690
89060
735324
42384
87361
696197
592527
252962
338137
650502
428794
205560
627703
687558
285202
989668
162592
37039
626725
576478
804048
600143
396153
487205
963620
744351
365399
991688
303876
350376
271497
712395
339193
228359
997896
282990
437857
551187
850195
268759
562378
206072
682588
666466
419944
340366
895021
355314
133935
230679
679008
754174
358884
853451
76940
824306
437281
963355
486237
653191
592682
599672
58229
711263
852343
596176
963424
411045
33213
874223
32224
99288
752636
918076
254186
712801
159557
23946
83814
724586
167852
393876
850880
352795
433895
838480
466194
308492
855590
369026
201610
935229
169144
14967
851841
736288
663852
123877
620261
141013
43317
649175
1020
223942
592111
427015
409513
624150
517064
116431
192267
682753
780917
330642
104480
603850
344007
200835
32480
52654
187337
305147
491733
85299
301632
131812
884124
49492
462457
479741
796034
718469
474325
804374
344979
403621
181625
714430
370149
176746
858391
742482
340337
711235
90407
951145
375823
401727
934176
603486
760290
701178
701152
49559
133553
353930
491165
275079
467918
635470
863576
701549
330472
774281
535353
739926
676840
53606
872669
729897
519791
314942
503796
699906
161601
830827
304749
577518
539619
862533
715646
72604
729715
372227
491014
181172
878638
686252
416207
291190
302373
362850
785081
791794
981955
106475
652799
594507
209454
273901
361037
443377
319263
144295
259498
709839
75169
628848
556294
42511
629033
988363
905671
262767
945335
703933
510075
921437
97921
855824
926773
694690
54849
154935
696953
420095
410464
749895
515760
966329
900921
63661
728683
996594
39535
512657
394298
214367
847446
296225
415046
346851
592875
562470
95948
654113
564810
153027
313165
15209
287764
803510
483824
571111
332041
652808
412489
750051
146333
118468
121033
586993
635894
472219
995088
741559
227157
856718
314624
632492
223281
684565
653568
891530
8582
418574
660347
693574
43730
988428
56486
126704
456613
93286
806489
268447
430750
350408
506362
390659
37205
774441
246369
856208
527066
738784
521540
557290
911125
157319
539884
490964
113973
947808
763279
403553
756300
978389
124727
463852
260462
9076
327209
920218
113977
874518
533950
37086
879879
531565
914785
259497
50558
581420
730457
268716
249602
951667
295637
782069
135493
832907
437720
892647
778248
521670
609317
245332
376228
913093
771011
805491
698911
801973
801636
581489
615234
491445
483805
417396
370533
143998
928864
298710
210649
231682
339683
946939
866483
108603
426421
104010
459449
283910
804559
162586
208962
443246
708258
221453
7543
50978
244406
554567
524427
919275
387739
231649
521155
921486
569629
381342
373916
263238
104314
998013
967691
995299
22742
713190
240993
551993
8338
265880
241431
712089
670839
760659
268980
707635
169612
399331
335196
733679
220885
310722
932184
840894
305317
758027
923036
207172
596646
513976
482994
383552
112956
23291
491682
225476
860826
372135
163108
751490
641628
900140
38092
312328
762582
963591
886735
257609
475452
743885
427086
804768
930493
850922
705013
389030
874221
681387
421864
663990
441397
156403
954117
530887
674627
979696
463279
341890
58690
760205
848722
549454
154549
53650
798630
200986
347529
636815
540818
76869
179307
812331
477002
509499
33543
782501
312049
288587
758005
134385
792216
57610
629683
652894
995499
794945
756095
178756
218259
779723
51348
200191
57442
447286
69517
753777
328655
495073
84002
552241
312550
523934
237582
682992
237366
879852
563602
887736
328529
451337
853848
930516
423855
965359
693342
999801
364140
489740
355648
717078
325124
871759
433558
510089
18063
750724
186889
346384
521301
833039
832987
648836
266704
367812
39167
738210
629031
975874
873446
317551
796070
491041
673263
276873
929311
558103
688441
874779
910080
215602
483274
318154
695362
250502
953174
62206
346041
549508
539573
510643
422481
186881
176727
517318
387355
718372
246756
505337
80736
80404
243046
375729
703495
752839
180570
306919
102234
447599
449684
88542
614536
166671
232465
477190
124061
171705
53921
12763
890212
679260
233485
873689
119114
474677
260316
317542
500002
335245
53852
144792
893616
869488
634894
342472
193480
40786
817157
677871
586017
337289
574939
523646
13691
993806
768984
103248
958982
83164
338750
306901
224422
21341
17969
716678
596432
960155
983525
771129
618352
862649
781390
11802
881538
469995
475970
59445
725829
441621
797127
355003
509679
837564
874739
343420
44569
543031
289790
341522
517228
711617
258729
362274
777011
997451
583494
498701
641046
442632
245931
251204
661718
584337
756381
422102
180563
203931
626888
155396
565166
874682
281918
635304
419715
721561
865358
261689
35552
427131
232099
521961
596585
738306
230940
149848
86709
877321
437080
523226
122148
882670
237671
208531
307159
375904
4036
57904
289993
531672
160326
154400
488407
223292
498114
27445
42413
93658
875069
770486
831906
829412
39949
653405
2264
686882
634582
669148
655783
763221
946319
671464
725997
275652
360802
322651
488763
384123
540483
313386
16430
958349
560626
197088
483588
515190
719392
549624
264961
437403
270577
152006
524782
658492
414977
155360
269922
530501
673057
834259
224691
805043
908204
555081
356457
723082
601388
120143
761334
662476
782098
513424
143076
567364
503248
431429
487334
968703
650589
639552
164213
285220
617500
373302
687560
922716
348186
176453
616873
667211
27184
846757
671271
742465
293150
695118
41695
204110
727242
630231
599834
563901
369152
538984
763771
129230
333312
607497
114289
508200
796817
154832
978734
419511
829836
570138
621828
579018
994784
602087
947735
51768
992669
159767
248757
679662
36354
915692
158408
799908
14676
293102
521912
477151
386483
786384
861912
66176
70983
975252
628345
354378
998648
194272
190858
576001
125911
416044
239031
477779
758998
713808
648181
307214
242272
666864
535478
819075
610233
741248
7038
480621
830608
610495
294205
472397
444086
601556
705134
872908
592781
597400
920234
358680
626050
576503
474829
194141
772300
52025
863064
540150
973625
869813
556871
431896
418562
966006
420864
473006
267330
923027
210040
836059
650352
374590
151700
322958
875556
649125
363632
996232
54209
642561
771284
977324
660683
977794
114765
794117
103932
943992
72541
543202
942686
846228
174704
117249
711185
89789
775602
828132
357939
27633
25773
961671
633149
349894
528453
889454
51760
775828
510216
457129
676702
653689
88697
648682
736036
692845
641358
77465
12483
105083
923768
343344
97296
607976
769180
781218
421375
955973
817073
228019
466164
950998
172139
444979
88114
274905
699753
966875
551839
985977
601326
879289
583719
241666
342585
770553
554884
562433
127048
509353
940491
540105
875926
588118
516027
854697
688749
960104
598906
720694
714803
85107
980781
692770
289483
604130
51710
364702
860378
754056
847308
930145
498342
112026
841838
13766
464406
478107
279274
376249
910698
712008
760051
226581
182830
87007
338708
147539
674133
708915
547362
43381
894448
992657
792879
897070
158747
660021
579184
31664
112558
345849
915658
254738
117597
155744
858424
280331
727442
896993
116065
838457
647477
272343
18246
851504
806298
524318
563805
272828
210602
573771
868368
470849
362285
564179
689383
393656
490428
702440
254350
263344
131927
695302
685690
817374
211545
675649
852688
81104
506060
277362
819519
725458
617911
201137
915508
289658
459152
49000
449220
442193
271817
562295
631139
285834
985736
800549
495409
663324
530150
191174
888188
770690
150405
6722
752624
360005
866811
596760
88398
772406
556944
100183
514695
75324
532801
984157
786916
715924
511909
144124
755471
716898
951869
721039
314211
548180
268896
641866
139805
955862
823113
56424
662879
48417
904458
978613
903779
846298
237414
981370
989110
30123
636386
831484
212704
369834
396862
955266
545361
276187
969321
74201
491974
717576
295520
214428
754112
837632
821569
829777
359490
976255
239002
303243
367452
994608
45187
436300
16812
609416
5286
173702
218187
563792
953037
83102
45843
902613
513415
215389
337397
115560
18662
449124
805386
177689
851516
264944
923416
575017
506442
375556
367951
265767
125739
805726
363935
514124
932217
344068
220681
272056
240600
75563
154085
646090
229134
928940
905075
820462
942631
75157
986167
181850
484848
357212
871696
699697
568147
266167
983392
852219
787132
541606
291813
704410
982558
451366
960755
906864
832478
967909
146002
81135
555351
414535
503165
938587
559924
386740
912970
286062
458523
355026
85427
336014
223667
883678
826511
54921
437098
54766
105785
435356
171450
226700
980163
983903
332351
174916
480075
342816
981223
266226
592919
800594
263218
266671
340497
868986
875719
523263
94355
372439
622955
771221
422790
676010
713268
612974
755376
345374
157248
145464
123553
752447
383879
682173
740836
206658
335908
24511
734113
50538
61065
760266
965988
691742
345238
589641
631976
706295
485870
168501
866543
50163
923318
588469
20635
30679
356756
910915
959005
24987
388032
636633
231681
895146
490641
16073
362249
200839
870247
819554
495875
490155
666433
389906
940877
846647
922300
693105
136014
65765
170834
775539
985990
165345
820004
125997
143407
819413
588823
896838
857871
239423
436418
762835
735202
202431
577876
259180
216044
300010
615029
2977
630915
604956
141499
435924
390231
918880
274827
82051
370364
253929
659760
592744
665798
946957
799735
902809
515674
524585
336851
610459
395804
832627
956497
956621
712348
795128
571961
110961
526791
721780
104409
447880
223358
865867
419299
221997
425216
188460
310112
204568
697453
765270
723747
300857
215321
289221
958141
393389
735907
611779
17112
484608
624537
126630
630697
859982
327178
266079
969390
180753
789892
902422
828050
913201
265002
8338
161552
788042
259247
907007
735733
731929
120281
402009
80676
47565
457006
191169
698312
725741
338891
521645
128499
891290
496452
284125
491566
984005
50806
881132
457397
354513
118272
142587
783185
465676
921189
209953
342435
369195
344124
98835
178215
949334
645638
495419
317798
106390
504501
452824
402967
845535
358696
682286
76818
44764
170506
719368
594750
789126
230740
787058
372221
22272
355631
402234
386728
343340
415116
694657
678085
520230
532349
640220
402107
948153
792816
498267
310066
504735
139211
210444
472489
749534
789493
813174
100010
848402
586428
660824
559917
129992
119450
103693
717417
76802
301906
8529
820261
846188
241362
86284
875328
149090
957768
944416
717201
993210
908933
153299
294256
708258
887336
297144
617354
768507
517180
48512
883955
102029
244025
246860
825357
2785
492658
430341
723491
168959
946630
200554
514091
9250
908413
310646
370875
461752
440167
501366
607734
820705
441472
684543
183024
448604
497780
402958
578034
431594
492433
354592
376157
177756
195901
851603
913309
873814
157565
472199
164161
150851
196696
680143
146446
769013
61314
694729
775897
918801
777887
267643
746072
357620
11553
251399
599087
333975
758950
190708
739255
753488
445140
748361
214179
194442
41699
794229
122238
154537
797392
431985
345346
229261
268925
887545
153686
600550
390671
363078
942012
666898
968038
409878
799812
727714
315211
855382
171597
884827
125897
404518
572157
703403
697131
534228
576351
758482
256807
486713
251718
21242
306998
757312
488673
61380
557852
358201
588777
350362
177077
551535
872301
920981
686802
453257
410813
204775
359526
2559
8164
381486
565903
856512
838903
533772
981436
355987
977135
422571
962311
214093
394604
386759
124352
158278
455704
553052
337247
670561
246693
558702
199383
373675
237004
181557
596569
720253
510337
235430
347039
619553
260379
109499
660667
57716
498407
298779
704685
25712
712392
894979
95283
66340
25791
668000
731743
290913
406770
335580
264145
19077
84872
636231
651614
341142
112620
235307
750438
634575
826189
588125
738937
640436
779622
688869
661060
818947
848549
149147
86883
670839
84069
704836
540625
329879
129281
113185
891840
77261
532167
197272
452306
390440
156903
989817
918452
754192
358080
718237
488786
922275
464594
107373
114406
13085
707460
437938
953511
624665
997078
375539
231017
42620
132468
837142
480434
134202
881909
431941
436845
409371
631027
269193
978948
881764
748488
997274
654533
810316
713571
329231
394803
449084
138670
761129
974692
287816
645985
284961
27381
80088
857612
312270
867363
331790
54229
19265
771372
363254
58918
552644
591929
152899
116349
100521
120918
565043
302413
983275
647655
731819
600507
562304
716512
38111
431450
994360
782649
6104
863672
874869
492635
277195
954050
653254
242645
379493
720794
480910
363027
976251
234859
48443
562265
503866
741324
651124
653210
574887
525352
706225
300361
353584
976044
631821
82012
936639
317042
974408
420619
1800
425358
282450
364709
254084
128937
522474
12472
372641
335366
468999
321069
259393
937793
38132
543903
161987
990596
533889
47674
380253
903370
147500
75443
410719
520088
587816
319770
632719
542950
907664
345976
975625
955932
689725
813994
341173
618906
40101
834390
59655
858394
775188
129456
856250
15421
249945
175964
177735
5739
120458
700034
513650
653379
525666
900812
130782
632059
134940
27821
661009
698758
364138
888421
119071
498659
230057
91377
839087
919615
196815
896116
954748
474255
890460
784753
696993
468228
718317
796487
98612
962711
746156
512637
479154
445659
759315
835137
122111
95321
910618
741034
154885
434660
817166
903410
49371
854398
346360
605538
43612
817517
489641
845458
515168
219525
986789
324353
550704
341242
204101
880947
71809
840555
66662
424054
70803
980930
696123
234850
124332
679425
247891
950707
71187
100200
624728
174582
367289
100653
445669
10840
330440
711568
753569
803730
264207
370385
313754
652766
462388
320682
461736
137839
961249
899880
441510
344899
782394
777118
545485
249622
728733
689480
223855
308416
29494
613858
625142
432566
59171
953239
400017
121017
58658
96633
906560
523622
831144
594575
9884
584565
53097
16226
959382
688454
303292
238120
556141
908856
318387
14429
968942
735107
980859
190741
599473
496369
273458
983379
646425
23269
533693
744327
280875
548739
943575
497855
63955
65478
29593
259746
706503
635113
748319
865807
792972
408377
346669
656390
838893
354233
73211
755058
135531
470985
493194
383700
146334
760331
844615
850195
570752
667092
482344
976083
778310
279754
309431
809647
499561
118506
989102
242071
338112
411069
658679
941374
973322
166740
213438
830338
683431
696907
365320
226766
500143
239238
738871
954906
662673
965152
876828
297041
619389
435331
974379
100027
139392
909644
775459
780266
908999
653127
550701
661522
167863
199371
809255
476266
626123
444968
101978
303234
582651
458745
476930
565073
177696
447143
375873
676343
19434
206566
845004
560059
157967
462465
471143
416523
794730
539048
763554
379479
220487
261536
934874
980468
504274
350832
263052
278476
163764
200437
165092
114474
796530
336945
701458
411496
635437
363069
161886
353867
307956
334295
620405
923219
212212
747293
538309
993952
545135
619996
64404
119614
817082
916604
683463
100513
231933
656052
942041
32288
103891
133125
271836
465668
89371
368692
995804
266410
519062
979617
510168
267
537197
180526
187196
214148
653886
951052
302720
62619
512482
926848
834485
649919
675483
999070
466774
101905
715174
690080
250054
296592
948206
11250
119237
747500
814342
896539
55842
490574
764046
251806
773576
632291
797348
243170
796131
955719
708557
753291
657079
459965
676880
15267
524260
975212
224005
13920
784736
329409
137122
780604
747245
46735
802086
726967
568503
549217
255713
559153
320559
95490
804383
788938
890246
946283
704595
907267
915552
903304
988992
271450
619535
60857
21669
926287
275337
11873
177309
588121
783939
935160
418248
537476
873413
972424
617852
801453
457955
976064
378190
464965
153865
34019
164662
107868
703909
421432
541637
640669
808449
243822
492945
4021
149507
380340
98678
788550
351609
7219
188605
900970
310386
747362
305696
169306
11158
236082
562581
889198
985631
296385
767211
838065
283197
633837
949564
15284
756226
434727
981498
861429
961193
595110
197884
210278
718945
591044
300348
532090
962285
260343
151890
755743
578819
7622
384178
470593
33815
690741
374441
676562
825295
455526
250612
723841
485481
480380
175866
357496
34385
429953
765910
352424
974616
934326
92982
682950
684404
434
367644
422045
934263
839828
848654
968529
259109
189972
2867
645604
833302
678201
27182
413019
178923
931677
8763
391132
24121
912193
869599
395976
731311
127483
187266
977066
51278
983000
811160
542167
35834
380252
842259
359444
623136
131626
483764
28014
59311
588236
164862
868571
39116
673479
682619
60557
27414
365783
353155
702580
590902
716134
531309
385710
778486
150993
600124
762471
523861
509331
954322
809850
346336
385643
577007
994113
101747
457166
4983
707905
109239
575153
868230
25369
419024
757705
274413
154139
694925
470740
239520
619943
231983
370938
257888
6925
557127
201378
369894
990476
170486
952537
441875
669106
316970
353361
346434
920052
205096
738019
913330
489883
976213
938110
871506
651589
842969
145110
277776
940904
559289
956106
109642
22599
16047
279368
539987
356947
922229
991984
175884
783690
553188
825057
843711
168346
508929
10405
236567
827310
531638
986879
709970
912157
333679
160087
218646
305495
205630
294194
915149
612168
874959
130230
579302
125103
380977
122202
727401
980782
368735
345722
8726
840370
365576
95623
432265
801156
215031
878341
332147
167050
669559
194109
570568
772709
889776
363387
405922
975955
575758
356920
81423
86797
351992
570742
122743
803539
313409
809817
606298
370311
282582
863918
80876
340818
380388
524860
982099
131958
20807
947016
166411
325251
245729
292560
623569
297617
243602
327601
864946
444047
64193
479824
722348
882664
626349
346638
346603
616876
642073
907864
780797
702583
581454
923288
970971
762627
877462
360249
261400
518659
344404
849004
113718
698856
44078
347391
509942
903435
737948
924560
723791
333813
711126
4046
547831
674741
851141
936891
858480
75611
888647
305886
2906
26490
486
580271
796131
885894
667250
73816
781221
608629
81257
170578
201046
666430
983676
771627
828033
992807
2126
449076
801144
837972
112815
506708
45089
874124
540152
242164
197403
645026
224005
106033
139605
581502
524666
767266
863881
609982
919414
905845
343556
496950
704893
785505
477800
427128
910279
959932
363281
770117
337963
76681
689732
392268
596939
627177
437059
217537
1640
824590
286444
310789
373020
639762
938759
253195
488543
717965
1766
141819
291435
805674
367670
744846
369745
861516
24188
556769
92637
739994
71073
369620
504145
365298
291451
600588
987209
401186
392620
751408
640780
960565
101244
658334
815716
354647
989773
71071
22656
733097
403478
44455
471981
389255
207747
17662
444250
422698
798153
620325
862442
950643
649467
817673
20721
254104
291832
446545
653155
854236
155714
816389
920184
952926
266887
246261
886062
353291
463459
637392
605360
576973
34603
307328
525984
252908
481510
332280
320329
663619
612085
165669
70053
558103
995823
524154
985833
835836
235866
710375
939710
732838
846541
856839
67149
538881
517353
736250
894116
807428
652900
738957
540275
691229
105114
369191
242034
4709
955223
620140
44110
864390
933900
482399
442036
7814
570758
383761
337033
921865
202226
744275
979125
290323
713509
505464
533245
214305
515199
970340
32962
48144
60412
814393
277485
166977
964893
434042
841043
107751
923035
944592
768487
340824
69038
790542
941001
526143
623488
204311
230277
165856
960888
827386
776223
929200
119265
354479
669792
481110
202680
415848
656307
354562
208057
916194
685185
227833
718943
487046
202390
463069
980027
981079
477012
35290
275585
310608
857760
112945
43997
575111
519513
305410
521817
105428
585324
38288
63582
33118
937703
439813
664775
964231
120369
491123
181919
671544
440253
930823
539980
913348
884186
648262
979475
624079
755125
614325
432644
876506
830549
145607
484879
895542
724305
698895
4390
123447
163056
687907
469145
803621
699611
404672
386390
559486
963667
768886
717886
941765
138207
308312
183234
356259
898819
570157
412658
241293
649010
110295
836480
756573
809413
520367
701023
721984
897736
618644
390150
640584
247799
587778
729657
60014
932089
241904
981308
597003
637551
284127
169272
491353
662430
296233
560108
137913
626101
188316
746152
38425
729625
755093
674290
384863
895005
176916
227628
700831
952195
239112
218108
250767
168811
885212
226222
364805
660233
289862
199711
403714
57766
648837
569792
218802
851958
875048
541618
121974
625302
248990
789274
606459
214810
969547
40084
853653
46050
621024
646357
498912
573253
797200
401717
48026
790635
621279
939748
337810
728150
920670
702525
792891
1812
934532
42796
144442
346650
680880
231928
554494
591162
426312
96194
619342
220626
733194
900712
411757
235288
309838
106763
372189
332053
698786
531350
246501
920579
368895
386577
123880
233189
583689
724342
108487
150981
364814
951878
512989
434965
150100
531762
752060
657922
26581
30554
915014
658934
764118
657325
870854
851300
583874
533440
2437
98985
455623
724825
812864
435306
406196
524038
397591
869970
255148
255148
379456
805618
410810
293597
742121
336494
571174
334482
14434
184354
627248
374340
130660
357632
252081
256124
610010
160281
65503
925588
820721
134551
736176
567612
409278
630713
998241
992571
381831
558837
797675
453498
706943
962832
329279
729240
499044
992248
255778
882097
782531
985930
880855
337824
259602
53105
368140
550345
613158
674427
569687
469428
535110
760420
311653
287906
904238
850817
954385
202758
425387
668288
87721
724580
113022
611398
513580
745059
289295
119429
192542
141415
688808
101089
631468
693156
884321
46421
760960
666857
927804
784288
643274
647165
496762
669560
666388
9011
65984
467907
504469
47835
241781
929753
427876
764402
536393
174120
708660
355596
84825
715601
351302
430810
562158
69118
557956
714367
595304
83443
474938
459870
649400
904315
780975
960970
612268
823094
444636
4900
689118
415370
96432
922463
654421
400651
542373
709598
138903
850990
615779
522157
165314
606277
505045
657467
494681
517512
547266
262078
404466
355325
989595
483577
964831
743822
751837
895118
449709
303622
516249
540740
406090
399736
480460
477189
685909
620735
189419
537353
222085
308955
67537
584355
181800
447985
58710
248490
195860
26037
499358
665640
427364
723117
715621
476431
998164
267057
277526
345446
239279
613159
838020
349473
406852
688865
754678
571687
928113
127374
855594
65594
576967
497187
54981
250426
994775
674315
515134
737723
284590
907041
576075
203709
989969
297181
291793
1330
577853
635021
224143
729759
904444
937766
932503
501523
882516
96404
115938
350790
957707
996833
630827
371497
871815
634327
768404
804661
469640
327346
515018
44568
56003
505760
198543
431456
188606
735477
971760
151578
393197
834500
256850
709946
108735
108796
374665
307952
881635
592989
979592
235119
206224
241873
729783
780349
70161
975159
986005
571108
69017
162782
415777
672884
742524
154917
405651
801638
298260
739091
217369
884918
934487
127472
96940
341414
813681
938882
693276
971757
723314
503314
744474
819635
840502
671551
588474
70722
583439
692606
483830
826244
656756
892622
371720
777862
232330
537285
389233
792483
410899
526851
916108
906128
90821
888961
851664
609695
589884
876754
249789
334334
875866
55607
318398
674248
77710
711044
66901
588431
199313
749414
452353
541986
852162
79615
953992
855871
253464
373048
448748
672955
969751
800128
520581
520681
661908
702236
623228
872190
660891
496920
236252
642113
95240
519763
862450
993614
627498
84744
618796
205089
405189
457361
192421
650634
589988
113940
760312
361298
620020
980220
553920
748414
482986
203342
171593
172469
819307
339291
238015
750176
690247
14854
572791
865404
440520
757282
506886
589865
75597
868275
349782
791487
47787
954712
963910
195647
873454
438925
55362
248271
397466
543641
396128
930852
105716
809056
737568
878331
844195
906396
632207
767396
795390
834296
230564
812670
294195
422646
455986
808108
762281
107117
130454
259194
624528
901076
214693
782848
930366
564970
721227
384545
28931
99211
313352
506081
413281
749019
711882
715217
490972
61873
384043
386591
11787
249401
612703
632088
707022
499157
372294
2216
669492
55284
999006
907115
157394
850146
407377
937524
927402
149155
272934
288143
71374
85596
671229
510023
984097
904481
696876
113787
489293
404327
124931
489271
642063
350991
784451
861705
680620
54620
245392
304385
235405
161868
627536
500523
822318
301271
746377
399864
407765
684666
571554
230830
502343
321513
320641
137471
323234
338173
110200
67461
543610
54861
317604
149699
803709
565518
301014
150134
725878
573483
62296
598216
48011
687611
828111
140048
209675
803359
325766
82616
614128
517148
844671
563947
614696
857022
598268
800761
930857
947714
350809
602910
697125
269294
184754
288251
489393
764581
245584
256417
687023
25785
488
623056
25870
560222
221117
154556
556265
944804
686625
230093
675569
800942
303246
805902
885794
199551
815523
150772
530323
892517
323991
684773
122377
622868
927822
159210
473267
499266
803915
415986
90601
538951
527461
813178
968650
899455
674987
744673
655686
811471
206253
319557
802947
699843
43482
685757
157514
357824
369026
583792
457378
712914
641634
286043
211129
953454
784351
944802
461591
236091
532557
809258
610822
61005
491184
499937
591189
995409
945423
464218
466953
680732
643676
989152
111171
546282
246979
10830
303659
399548
278785
461033
349816
473820
541395
305166
698589
232717
780434
51477
200834
362417
168002
887819
511714
335854
364705
731407
111296
509911
122584
537714
726146
450936
994515
465729
829883
695451
767623
807100
722050
762168
422916
304421
93219
74489
436079
37014
204043
516705
845828
635716
927240
610820
693446
555759
565711
128435
216664
957758
580930
528040
468710
777327
195782
961820
383410
617417
572384
137607
467151
67606
997499
48035
668194
266734
526572
568682
453815
266474
526619
833108
92016
888899
264575
544386
91672
880581
2633
146018
69656
172499
894179
620994
675396
252957
383070
538843
265444
889035
312815
417078
559037
856383
422690
30676
347633
550889
638950
988583
872149
137688
562748
371969
182008
821270
101787
129855
193362
690506
521051
411292
651386
215304
633711
609916
347800
54777
866742
571896
145287
204922
970299
712146
17086
328012
652254
930627
241140
448902
68804
694265
103198
652870
970766
329345
306372
695460
652289
53678
701782
221328
796755
890550
996786
145694
453785
88109
985499
977586
123996
702883
367237
355034
814525
634136
726260
710197
223311
208479
697041
740174
123379
412537
302272
543145
707552
426551
380365
691884
938798
581756
414614
946763
507848
455100
592636
902864
410809
562578
100200
823871
520217
506500
745557
293829
678712
599050
74778
894982
188090
62196
519058
487624
563297
280452
647193
670815
418764
975048
360498
601968
147123
415995
89088
179884
520340
760932
441410
20827
169610
964733
277240
290836
665665
412370
466269
499091
954780
663505
40440
177182
94058
350875
16103
346288
363843
427291
633300
151223
916502
801979
461545
396017
753871
961685
891307
248426
357019
632241
671208
333694
214647
834134
619478
37377
308834
432726
683943
230313
549741
121160
893767
345420
638231
372188
632822
822043
676394
483394
793630
85073
811136
817862
559959
531508
816906
447592
935510
229160
129835
343110
777722
167387
964913
784458
806928
218059
704245
108160
369510
77497
674820
864662
450487
263501
546451
906578
570088
533926
147324
24202
21075
171281
487200
250440
421741
803410
321867
900604
150870
416163
854823
328921
813580
293318
632757
150753
561594
183786
50667
640165
993944
965653
11474
19463
46581
96005
578987
324734
168205
639685
524515
244020
918646
682124
525015
159143
583680
19392
35408
736677
331649
641554
851915
252515
147523
925334
829999
354182
11845
645634
478024
686929
718099
922358
321008
650392
190951
581368
196522
695661
108649
56323
99937
758517
195338
975210
802015
821605
902657
572580
948009
583326
314063
11580
895036
272764
561305
982179
894672
313898
169261
794636
905334
919692
633162
249370
512309
210038
490007
993759
223207
103869
191504
699394
148917
556796
741945
750247
175490
866773
391223
615958
278273
883726
796342
953736
941848
341112
998483
472638
423918
242211
472337
593918
147473
173033
421598
414881
30141
304615
154627
625876
14443
961367
558758
414544
660062
301832
679388
720441
779913
920954
679693
355653
939874
389902
676188
194034
653413
924415
10908
737120
246392
944867
132570
866249
782732
148695
10332
761107
813337
346199
734634
884694
843020
343554
223317
131617
596028
778728
338267
894566
495364
527637
687740
88857
827214
287513
578545
722052
86316
75025
363218
987581
572592
851495
741893
954475
820438
14646
58258
719020
232972
676523
491844
399497
569168
432334
519792
562263
414194
453364
378193
20076
567836
72086
935711
55242
671908
22586
242621
451199
19761
717695
564751
159624
562024
856330
3218
119703
868427
985371
866428
822240
685337
381576
739414
514323
228485
994486
17749
218649
670603
859652
348200
860858
21409
744158
20670
759903
904444
579848
21976
83718
283863
99325
474057
285060
710353
136206
200590
857593
453051
536931
177866
187729
355500
378385
392655
657940
920536
870897
138856
215804
179348
844983
918715
555335
972073
564500
882369
760458
708357
541897
107881
347757
344292
570173
695953
219800
254304
391096
763337
544275
698081
372233
524651
412352
225523
300505
900810
442068
840059
141184
531739
628375
145573
383850
761
385789
747644
314329
236341
296554
221523
223559
155826
237790
334740
726495
779126
442149
283744
737082
399152
581434
376301
273564
119104
945914
143501
290868
386796
100938
162003
488347
405930
769860
629902
162553
602361
183850
962371
115424
158563
901557
830151
770632
735682
424891
479990
597618
266
235468
971081
731652
179591
502569
659689
417468
507298
5880
254800
763618
901066
56345
661911
90633
562635
20952
87307
546198
573344
933061
622062
37865
21011
488485
303206
27238
864069
877351
555098
896650
516303
915786
534602
775511
587655
474594
525686
467036
416427
835892
301574
287060
137358
480893
980396
615216
86856
600094
310907
468415
120539
731100
731400
152900
275592
264562
552339
420036
35919
243461
953120
45046
268552
326147
776594
298255
965846
249893
575625
879235
873851
22722
679667
30646
127507
71688
173241
985854
455205
500634
341129
689408
763366
399486
467047
241120
715382
34787
486838
116063
392580
282173
470317
941309
638223
718612
122934
614399
410619
772511
290818
865124
465518
591426
875664
50186
779344
826203
128362
412093
539953
315735
135842
27149
133009
213340
967167
618229
468216
580822
902411
49694
103618
270372
921076
306518
456959
654028
775287
86030
71235
301353
376831
882489
478003
384557
413002
310642
425697
971029
173786
675121
398077
88633
970454
22934
205486
168694
7102
364183
497053
529624
832280
929799
297171
820099
487945
905420
844499
4106
214275
218999
697024
491007
935846
450123
301546
202683
908521
804470
521629
667277
929401
875667
112551
187367
924836
886320
480329
790519
136645
600730
817084
532112
176344
271344
883426
760116
557320
629331
10200
921380
426374
44579
405037
927203
834378
871557
922912
180957
938596
406165
246182
252956
720490
8922
675486
191780
569448
826924
883675
110899
842762
156619
870575
167439
693509
228888
546264
913171
556120
887223
116775
518551
560675
356374
400774
537655
790616
93552
104342
769497
978379
258268
891067
902773
21502
345036
625253
173661
297679
422629
707451
775880
208936
858737
334167
8086
466550
248980
933489
407511
610953
673789
432490
34350
138414
915576
274632
758215
580585
938506
744619
518535
995679
787926
578868
845294
661514
923896
302091
815019
528482
328365
67997
965394
252452
42937
857636
409668
468119
394865
537979
327136
773306
797771
397725
202551
69640
779626
994838
366481
360834
741582
313986
602204
585407
80936
822689
214692
345536
81765
195126
808295
676514
426270
731373
472737
535806
273598
163919
393580
119526
16051
614741
189895
77517
977706
178700
104284
226236
715884
774158
899166
431783
919042
978015
652101
253764
217287
979613
917059
557823
43096
550220
116292
952098
91407
947097
932898
595900
529279
288642
477727
699182
598408
643868
614633
244891
970210
261398
884962
251895
831615
524342
917365
433015
746549
275574
579075
690850
432740
590458
285297
493744
520894
619612
814216
970162
814765
906377
325924
460971
546842
410498
297140
49518
24007
119111
285953
645857
749449
594991
86874
158214
844369
816344
873172
740863
451188
713056
531693
863392
427277
867532
235854
160449
515975
408073
72050
340649
245764
42309
927219
859121
364219
302349
781247
688407
895312
933271
588365
209544
58117
120512
827513
212746
937967
492823
936644
360897
397661
301537
277009
147192
450687
382665
976248
607165
789832
836572
674926
374231
555508
184477
288909
77842
499601
414347
437006
530997
465606
119203
765273
548963
666105
352219
36955
521879
748596
713627
461600
266593
313567
664420
44365
846517
985971
543159
304045
544905
734189
334338
714706
633190
708646
767443
477765
213965
188136
283299
422947
753414
119598
923241
731743
262250
203054
303972
999690
886569
774353
543209
431457
802018
260948
802336
244734
409171
111311
57309
288936
407949
865971
995598
641921
9839
848369
423721
155921
281673
244833
871563
965724
348910
962450
157537
181103
44219
381810
461653
225817
547106
877006
66203
560486
240574
110832
359785
915219
130120
5851
248296
171607
992960
33541
443527
875784
491776
225173
280095
810398
92121
160267
623640
254908
587200
143530
824194
752899
511179
470752
79790
194192
537746
249678
120584
956101
938118
385818
105209
877863
999110
20498
27350
111527
206666
222854
319060
865865
851171
959159
90389
108851
186498
964589
706215
397665
949061
560876
904941
628657
26874
999597
225484
454617
910215
876902
415132
512323
97669
571231
788426
133598
509083
19907
546235
89325
143808
625732
129833
153644
490862
771296
871782
731930
318652
839883
581052
207547
9279
257709
54714
40713
388518
408531
197332
303288
735296
245454
186268
202314
263821
914763
896533
215231
408709
105625
478756
251615
925917
149387
917478
810664
399719
548335
170452
947413
916623
835579
322335
289075
252284
871218
407200
868303
893377
173435
553983
201790
247408
810271
813186
920092
147754
85614
927698
613036
187222
550268
596989
206683
742112
603551
94317
624749
720840
415958
578308
786482
470893
556023
470439
480443
307571
426429
604200
131063
382400
296524
857459
470463
636984
185025
230589
376384
606275
419526
431727
394409
903188
782302
174401
363740
944943
726039
456309
344956
477301
620400
596347
42347
540627
881104
829190
539716
296922
265054
488313
807743
205271
865595
901473
156397
582685
58415
857475
80089
255845
746964
879082
307531
616691
265306
686862
787444
143661
767938
341035
530538
525804
830966
261456
364365
329094
65352
115335
528845
934931
22490
588487
920814
858121
784989
679018
195959
942943
487387
923482
771149
687815
825036
669289
949653
446806
598914
948198
817182
521963
375399
943365
435918
771033
919962
590078
178098
541789
714954
596308
636169
469577
603742
241437
191098
58252
651269
494829
20469
167011
63972
987000
602971
684829
881465
777233
157252
675888
377155
952533
252582
108814
985787
794342
678106
200083
196824
953606
975574
589813
469898
444174
943153
841039
660097
574849
82127
697118
242448
509300
653091
165400
880513
273704
196286
101812
585208
220925
407084
437430
907524
393159
969016
534479
653420
222917
257365
846391
107705
914759
573541
129033
10230
145615
812301
594410
857905
366026
324061
254957
410293
388637
991191
86337
656997
419518
509619
865210
543858
381448
499249
4848
466967
683852
698971
978848
632867
775705
154001
287629
219202
26661
457294
330973
896946
673555
262595
670681
194691
226793
900333
937268
514570
612423
517961
400895
433795
854768
913916
787416
160567
695320
522662
6806
223334
560998
815303
407709
399567
587409
915888
319325
836632
834542
119792
788837
447390
560694
368765
323475
685048
479756
648825
690959
229558
806368
54529
131974
291797
652678
5377
804135
16954
516119
959435
369214
882906
22170
575792
569410
188548
934173
811737
263220
542736
477812
528077
483481
181755
886086
339930
96320
357359
941285
408577
108420
41327
770255
157875
815226
980036
78161
552382
535560
344126
458753
254200
287311
153971
257142
970466
4948
634980
653834
727234
957034
37497
591466
37969
378839
215121
169849
11817
284370
757977
143920
745072
92215
675694
151832
479727
13952
641493
180946
164330
916003
415178
57375
894223
726146
73091
744468
280098
446885
127861
222179
220566
882580
571671
558161
246657
111422
729477
212715
339450
768940
623904
714234
298079
127596
375082
394938
714592
940538
576996
581165
738443
120020
523761
674709
299862
564363
438158
931315
572135
217631
679783
785204
925520
839276
720199
298784
524188
15810
671140
617189
555347
749309
897576
116909
593210
978569
276052
854711
476677
695838
681673
220675
787843
863239
921864
50016
815107
1227
279524
789278
432841
481823
452427
818714
789309
793804
522488
870228
510760
187814
832051
845581
177833
731529
753611
674941
707296
373919
818042
391540
504196
87125
243429
910799
931539
770554
444704
337152
3441
687094
732247
961970
676297
880240
36180
754452
612562
167180
416917
227640
823857
905730
316561
454492
776440
590350
159272
290754
968853
197268
525186
202590
587173
13823
609112
978403
157651
242251
151214
879630
98977
438713
741547
232636
157349
89373
478911
726838
162458
395186
379251
390334
808466
290085
554760
960635
996443
458929
953154
980379
968365
859044
971842
411980
687075
243779
12208
498849
282297
975722
816371
727730
741694
532145
270120
129407
930778
569803
434868
405852
859264
19354
125462
235762
243131
149555
540268
571582
403859
922878
127719
603594
282528
147151
156165
696640
774425
957744
75126
867175
160893
534705
607217
636804
627831
750226
989405
222907
469432
465457
703136
908432
791493
2529
69494
192589
933562
429129
838982
397257
671787
885478
400105
360148
397667
345182
139149
867944
723240
517469
395253
959787
822495
634303
402356
672508
839999
302670
481781
960806
304979
883989
175429
918788
27340
990454
242074
468933
769364
350619
515918
3192
780724
452765
997390
212723
733915
852222
624472
498894
610541
842611
318357
174554
494392
21104
959017
515329
477435
255769
545073
968178
395539
936698
786837
238609
424136
850192
984577
874716
337194
126459
909491
402044
970050
868745
556944
863241
578101
464359
705670
363277
450103
651473
933039
123676
293210
666048
241555
291383
252247
990994
832220
354630
660168
96823
622837
570139
15926
861675
186169
159161
302259
852852
977200
160322
496060
159456
153402
171860
759295
783715
873283
30543
967520
170163
285712
444615
318787
248595
987199
308522
856093
756589
965277
512795
827389
286570
604935
789756
367634
756958
435867
510752
935928
904301
791006
524399
143735
607859
632980
394372
965764
710894
337169
922810
751894
135849
132758
228334
858417
711805
503798
161523
968568
510551
625542
818385
176434
664036
664829
216413
989887
148553
75278
128172
441730
563819
194564
316705
863837
622326
914930
376974
288469
573887
703435
776650
539359
142286
517935
62951
422539
867505
249408
992
471075
852492
606194
25705
272075
896025
727561
699305
184211
544493
31983
640492
127916
936938
343532
332592
687088
744570
495279
114614
503801
65425
490491
109390
960730
482012
146529
43150
132020
115102
282281
715776
345596
469498
25330
768710
955184
911434
104079
112241
849053
721685
872050
962280
848374
609415
382655
630149
949077
704104
657249
512364
214199
439163
515043
477356
852799
316274
481369
160972
658968
485389
966207
110536
109155
605585
876759
651660
677509
826022
633696
673215
963653
151384
178540
279145
784796
817293
716667
416038
252247
748124
836094
560406
784540
310594
58199
832627
239658
140850
123671
599664
802543
498580
936066
672802
385613
302746
486647
317795
345845
918922
511946
568165
632065
917316
415360
928035
223122
1179
905123
26764
344623
130551
593280
433146
140993
811781
107885
779013
560394
272762
778156
119193
945026
301613
123580
338812
875908
137605
504677
51906
25756
931315
957266
383802
282341
288100
394406
744358
320218
396004
555196
650392
9098
74585
383000
852246
924300
328189
943581
408927
508991
541168
554142
620517
145306
562181
444428
529457
186393
299329
328499
532893
939893
447068
772228
201139
955677
81327
670408
107806
528183
186912
164214
380718
122324
647688
710287
216880
209015
476774
882225
146689
640289
315878
997367
441674
124552
285739
49563
809764
24664
505959
84884
493276
75337
555069
133294
634517
13024
829423
425598
747767
48475
660100
109237
712843
263126
382674
397357
153891
79242
78666
7417
791
298568
641357
858949
967140
389849
5783
959075
820114
697390
806824
22059
40224
851361
14885
523935
119282
326801
580860
126463
108462
721244
488787
989601
849971
960380
312179
879201
377941
160793
681352
938762
495879
123861
267442
906351
636283
450746
56464
412181
371752
222399
494501
103746
848526
347080
818245
817297
922224
683401
844902
803162
348581
679430
313658
325317
803618
37778
434022
538405
959316
236487
338598
92382
450512
91610
183187
154669
604775
442980
512549
972579
606928
280493
678985
841941
319545
249839
981097
248060
150676
954098
130270
348477
138760
329367
97503
269501
680864
239807
219410
315319
922224
140514
443352
863596
937748
48019
644177
624766
702305
397798
461066
928017
44865
925512
37195
260716
517812
672052
818850
153751
231009
94999
217358
996748
714087
1459
378880
423611
20240
524720
79819
562787
775549
770500
426174
313035
706914
160584
252248
8702
539717
111729
22509
447778
709283
816205
334829
189648
221646
587099
605814
12176
237987
478669
38932
118022
753508
602114
726152
834596
561182
360595
800964
347841
603705
392712
638099
65504
630036
57925
708176
630734
943258
657840
507394
455208
237103
311038
12632
989277
716490
792633
158630
260697
12534
472194
347779
866783
594717
624794
727663
103845
396705
92640
935533
595715
820419
274892
677616
614332
896268
902999
908103
262391
670787
652178
769963
566941
202493
861851
592161
6630
749071
39245
387763
87750
520535
942867
370110
277527
521151
571783
559225
284453
896818
600137
483450
286876
143900
235564
225679
169430
896871
120119
451583
642785
861113
590888
307482
423837
359596
30530
440461
955549
145054
139040
264508
906584
231624
803807
851731
957376
484086
449965
300748
439382
219099
640479
613113
972919
214997
76774
270776
471407
967365
959727
358463
845333
706600
344286
428530
827744
530232
757815
450921
833557
121536
412254
12358
549577
503820
347819
556961
343931
381370
523655
955719
907865
626001
505807
934551
27755
746778
943295
899922
363181
522908
762406
76224
786411
685986
4900
77141
838532
782034
612624
931611
635666
325875
484646
837236
5842
851738
709254
936746
270686
356816
404615
277047
333507
478864
913102
128758
948099
2266
177753
466511
592168
221570
624200
386210
349488
822036
886786
933002
656294
570644
649613
411205
410348
763682
830755
882169
138039
910293
477980
494321
65946
849734
763613
551665
348585
44347
880998
926583
976657
567015
57878
512705
839718
709633
951212
264512
420242
805437
803834
770449
930729
984012
759839
793915
789423
858722
703490
3992
629194
589640
360963
430208
309844
595544
347591
842629
638247
562554
757602
413046
772742
507837
48
537422
170469
122252
876975
849350
333732
680897
479921
457467
853809
423295
2285
505489
971746
375166
853195
81757
308971
838624
718685
180021
48476
500082
614920
869136
23630
583263
119651
352451
918395
443946
711347
432164
18495
140371
919693
964930
496642
629826
292751
743091
602845
496593
556238
772226
518166
25691
765590
734609
647112
673346
856241
345911
196595
10149
685624
998837
707104
483403
646418
488073
31698
307974
106412
255554
160490
672724
871449
927985
222756
488057
746662
956007
432549
831486
649906
195939
498314
822127
228668
789399
78831
70357
561591
847380
663369
607390
289944
737808
102340
59733
625657
105651
933792
760049
318752
549767
728283
795588
609931
550530
623488
317662
863457
239869
510526
548065
272441
287459
451182
849716
919322
892410
63183
436199
256325
571747
97811
429191
133936
838113
226983
187716
470675
820328
919324
353190
909144
625179
163219
620294
627814
314884
786778
198713
325930
880404
52650
330703
433640
152446
425229
515125
753473
521483
541119
24245
32958
841559
975436
827724
268211
980709
810220
396045
553730
60805
618318
828389
411626
230392
509905
396443
900319
975426
610862
41692
206386
644865
86139
247906
123378
559142
516309
758999
582190
667116
600097
175300
986890
101573
519665
264140
600884
619786
49827
692183
385153
97400
540952
85311
82705
49711
233791
510649
856389
699271
150460
147257
211511
479551
97830
280074
179097
83508
360244
237501
630002
645122
883262
697781
388637
650562
899283
130058
234084
328532
750828
232542
672356
107291
827417
736761
638547
965888
42342
532234
169277
556126
917195
833430
404989
483621
564841
337005
867228
318526
897571
530566
751686
691171
229430
746817
93546
430445
451373
368718
238789
152881
189243
778553
145693
217708
395443
290140
296282
636022
915603
807234
48115
20497
43956
428796
656667
725496
876507
50138
842189
56313
435708
417183
353529
883786
58191
49021
606405
818150
936510
801648
298804
731305
530650
887783
100048
98124
170138
48203
876077
