732706
546687
349136
931228
229527
439759
523029
8654
456889
440814
541689
566343
146336
107685
226290
505240
173979
452159
403373
63460
512613
188452
663867
572790
206083
850982
393887
572790
301550
850713
85827
26967
924747
29342
908942
784162
701880
880214
853167
299134
824277
885371
805871
352483
675085
468961
406834
761163
414702
327716
440759
665117
735704
261359
721068
842872
201570
363058
392930
786923
164802
648220
86090
860109
493476
57310
183627
459253
53334
211635
909254
187500
756898
174889
350752
667131
299603
208116
393947
147812
322823
311955
72833
94895
197614
897564
401743
753594
273018
605950
251540
759602
723031
427763
914480
612559
648972
409181
151522
968657
761512
559943
75584
652684
883691
883785
228345
807699
481159
373574
396781
987360
639624
293655
391949
988312
480489
787151
280188
344708
239827
587174
762223
779804
391480
804084
600220
459814
82167
786656
380468
656815
530767
666824
512065
528186
220715
20421
739296
265367
248077
122752
951100
529606
28552
126098
122304
801808
782307
25895
59709
507494
744908
863686
839641
724708
958482
325018
497385
653631
504641
69356
796837
623150
150117
95846
767202
119572
98273
333577
332982
182941
784893
458545
122770
47114
766204
899775
324315
389028
545164
780855
120329
28719
644106
306271
911183
877109
671336
84833
390650
947346
925116
978446
409152
981017
849746
528451
641646
813864
507824
648308
709758
811867
358922
803123
174828
29769
140516
310717
477856
153018
829891
415139
912348
411320
795297
689767
498163
529606
361502
708180
377465
968600
484849
736125
384675
460903
544911
905871
72617
786103
641916
927098
546029
705090
534490
192557
656648
78088
327567
948974
36393
883734
379724
117289
333401
982066
250828
47610
633793
718774
384813
823942
866471
527907
663260
481243
235784
492269
578152
499174
915294
3053
934097
420692
910225
831546
441246
944616
486210
998219
730784
554060
694103
273067
989420
181957
280546
971291
59808
439630
746373
238592
172884
394188
6038
289233
555232
150405
86162
295999
912256
980837
659828
875201
434054
586208
227126
641056
94328
146531
951300
242625
739160
20118
969812
901717
668758
389625
625962
963428
532970
449783
971251
675947
877394
728878
76281
912898
33633
633581
217394
664710
439968
170785
843328
66357
175706
509401
617967
409175
211607
597894
298002
898208
711936
988011
56290
828645
442622
155890
508137
345608
690245
942058
104849
921532
308645
876028
447288
383365
907385
996208
927896
239372
390897
813289
674873
704845
339592
940062
137029
44088
60006
845616
869707
120951
604758
72851
884824
817901
663196
447634
940854
938771
603314
9463
309594
298203
885779
515809
111259
572704
862404
110670
849898
170737
359854
134909
984086
746044
131676
536780
764814
872659
997871
484423
110581
842949
974182
238997
93087
815312
668878
853028
280669
910104
415573
743933
675460
731937
475663
420307
356154
597141
260530
138316
307891
321092
340950
685278
301520
70322
861830
583840
912607
535060
958598
659960
951396
984179
708254
669811
329475
782029
532255
629386
667805
615522
621890
471375
20195
800877
97243
935809
640280
404889
356576
687311
489617
807488
88659
947647
543596
363616
634470
305621
421647
570395
53977
999670
920471
884622
62592
112924
903282
254210
631308
668395
61667
6940
695460
881336
54473
533992
18705
969864
410055
318556
401481
765458
774666
608997
572793
117915
635468
696270
443922
684054
329369
641878
203625
179209
659009
560136
538641
545320
825754
287270
945534
157492
971689
805155
53360
656199
507094
685311
24634
152746
418069
86203
619602
699479
958634
275811
666598
886428
638278
125156
596526
590894
83240
84116
763875
114878
606578
553486
160135
70811
976745
772775
753075
334273
541813
532521
357547
817521
538390
76064
189659
905820
806983
935886
554423
31155
693150
548921
447713
214948
641274
104389
499689
191003
337787
39379
787596
821999
320957
805000
914125
276691
916349
165045
585081
180801
123964
607407
465730
646821
325446
45673
28265
230653
534482
942377
808897
658357
779298
556689
871462
590380
326525
849961
921625
15521
638758
401490
209871
610443
978587
478308
917185
234192
67466
342691
245782
76527
125751
808021
150826
21668
968792
694549
831889
35494
22481
616411
689561
876047
387970
630970
443979
131099
49434
918178
670060
727192
476979
210287
386023
438468
836096
620048
85683
857614
993186
873052
388587
914859
577949
963592
127127
680438
465123
240629
955000
290730
989115
484635
204001
608384
426859
157601
241434
999692
217359
315490
840583
561717
735784
627202
463211
963861
751915
173331
71416
379901
444690
881682
311304
330110
973183
137003
552728
577243
199340
628836
927922
484832
720292
645739
965555
219311
505138
740435
867990
671031
391782
469387
232581
537891
649706
766379
161308
42404
862743
829712
797536
705693
106010
254123
676896
129659
43238
137635
750057
669774
344005
386105
229903
848797
296823
813941
492712
738334
3093
879486
849685
230006
456435
946440
744771
900472
968218
607887
812866
829740
256155
275441
156089
275319
191711
49464
452548
290979
322454
944535
998725
492030
524095
450485
149268
834430
905115
395934
164301
795098
751319
821513
265659
743846
564792
808503
927475
664300
148345
631360
29927
932920
236216
855179
547001
929281
419349
441058
975519
555075
61494
937631
46230
197489
97679
159794
833152
648355
497821
19284
580625
619413
179518
47038
109325
734690
587686
64295
415932
611962
318606
851582
738419
993769
4746
249438
996802
596708
272165
238562
82568
526114
754015
524172
187500
749853
141851
89130
961736
74312
932116
558869
206941
651818
3575
754004
587586
594250
317494
130164
139711
565494
991188
239302
350217
565156
853197
88811
260882
525338
413456
589516
761663
227615
640201
12446
272993
89070
13573
770120
146024
220607
382492
645276
579005
313536
628905
272357
504674
715501
64184
948714
657754
818643
430095
58666
829624
569552
380309
837201
433512
613706
882253
109315
238130
858409
649701
653339
766201
186888
351102
197320
786518
383536
796658
706667
235299
596959
7989
351620
690400
380536
16938
42692
905764
990956
752078
325239
148065
445361
672653
376726
555520
579312
389621
940371
720514
105659
67454
365639
64207
872301
568665
81059
103448
599522
926037
841658
398405
763237
566557
968821
403766
769766
336776
46706
742266
261946
522296
375662
776148
634634
358485
52259
515658
24478
547099
988353
907760
324009
262036
307099
699926
978120
933065
119771
417482
603082
751630
579318
741518
290474
520017
141944
271355
926809
619812
187379
408984
866997
792392
84695
954200
325761
460685
34060
784694
763144
599815
706965
365839
329683
572445
859192
229365
368267
558959
827370
331754
688602
232295
266935
788850
663276
68696
759262
928344
167169
700157
67840
637523
378798
863140
938461
810497
34803
496672
523376
695099
594027
444938
338009
905071
322306
487014
649115
264340
96593
724527
55284
559133
889838
593519
807999
768826
628520
810652
7848
472347
386408
312078
858125
597798
649473
133478
821623
673937
125459
525746
624073
966844
253608
822436
151750
943174
842657
350662
892151
545000
993309
460262
62130
808019
772187
674650
401790
826481
612157
140777
552733
648543
734984
706636
113819
744631
432605
47298
331888
966149
471774
397379
102334
785618
140776
695480
82943
977539
388119
836181
719636
899306
158357
758064
50943
905980
861631
200278
306763
39133
7944
934930
738909
70521
410366
848332
423410
279096
468419
75513
166765
150266
585599
42166
975389
75800
217435
56058
502635
528157
427382
727103
421574
240712
753846
902786
222794
399287
51587
582586
56268
745223
759029
443979
408280
305859
92730
176054
942564
728564
205971
321955
696916
693440
743884
32221
940667
196419
314452
844741
660314
85171
458395
456682
439922
564763
351101
468887
61868
628969
194707
187267
92813
677763
666625
965134
7238
907745
407884
808435
810172
717351
901069
155591
765529
817141
872782
727048
295719
339013
701451
185597
439304
234928
48464
221752
834316
611397
382521
819268
897338
166001
207521
308398
789962
161117
841734
34213
384148
402084
495891
919848
9514
499069
48607
396943
895949
177622
46810
575641
982795
984131
753895
462074
591903
951726
575799
875376
553741
106468
140273
296175
436141
512670
836059
403741
166423
833470
601474
290914
551522
482756
390768
467754
107185
248294
607440
570605
452382
92038
697970
371321
378385
179943
985543
271600
837017
987527
858435
892434
58175
416490
229222
120712
224372
114886
109985
750391
420461
742903
967329
645888
819075
213662
29359
353286
783698
910827
395166
932506
171980
162166
312655
261021
774728
170343
70656
89980
722973
528253
262087
895337
300881
739272
499028
444506
304274
550691
140695
105604
674696
716304
10032
285730
186653
323374
304088
500773
154714
904653
535472
104354
943118
230892
951462
139786
74089
438366
941183
779056
802946
674851
478085
390639
771343
659739
430023
83327
233497
149419
807896
874435
954468
436210
414417
393171
550069
876940
984202
808655
359926
236399
384861
705426
820420
239920
665147
294229
433955
894238
637620
877517
818268
89217
846757
40570
764768
575383
654086
914355
194083
176254
251290
462325
457528
53991
37553
526667
401442
713301
990024
986486
865080
115107
567984
839842
811682
692686
64466
778016
18190
39780
222987
663855
231520
254914
958846
128384
737429
268507
316242
485696
728085
351344
293282
855729
532383
381640
239411
722090
380672
689208
528592
819617
512515
763150
973972
296468
486149
578594
957260
771237
208016
836340
270989
525613
209244
697941
851902
704559
931468
492698
266929
219763
581378
147403
60006
968413
966189
122516
940190
247251
194420
899190
497295
396212
510104
696800
862160
300737
529806
411230
815069
194628
89467
727002
987332
354665
810418
474462
535492
87461
839165
153329
431726
372391
159920
814824
452955
533963
340174
709599
928044
748019
10291
767277
122757
653722
575710
405296
876452
553857
836060
954149
642973
481800
190763
197325
200420
351326
456181
32508
992231
880064
407240
668429
214693
399291
687487
440687
569653
816744
180685
824426
707351
767847
451581
525738
349702
383939
686351
269796
506032
528169
689610
962762
219280
679406
712599
671692
687170
675691
791111
206434
520397
990182
425115
93916
543419
486578
85681
89549
386550
760236
965741
221075
565016
848618
504208
137683
872915
511012
511505
741404
54552
233727
812340
329098
601244
681973
86262
906830
693635
77732
834702
229810
288970
385252
164046
29665
739894
214906
525339
284795
672314
769086
84602
203971
387678
296512
992169
345379
28503
304129
140233
436930
883496
308739
949087
155307
914824
765381
827795
731672
950165
226507
751039
107459
950827
917675
684473
574720
909054
613869
308054
269013
940248
437949
359704
833033
640648
47714
327989
945657
885612
971842
837844
620536
507776
409713
668942
456284
643118
719456
729194
916293
346316
574430
774353
51523
19361
58967
686962
983404
237475
416937
919277
863968
334328
72951
311650
477185
301760
509050
418315
377610
436346
753079
970808
253884
502138
119354
392667
109917
447882
687638
475269
174283
833202
855870
562756
28857
540856
627990
692471
112378
619092
915806
106261
504903
723396
319385
802105
179478
767418
956638
751384
906749
856181
453437
992444
91113
671036
49162
140626
126331
470293
699754
80521
578928
356331
650700
908580
406159
384664
103031
804975
904279
521100
949089
979032
264059
6632
253513
799587
227485
464290
674367
287072
697248
900845
427959
790529
452232
480840
867120
799664
840904
828410
215468
96476
141577
930449
415384
498140
551565
288183
294797
373878
88546
543025
307054
804372
6936
312049
228674
85254
726792
835773
989840
811628
852954
72598
72246
5653
597670
401664
444246
510015
445804
333224
139883
981221
409082
516671
913822
6957
487564
425723
121389
502678
643554
546534
404911
931705
385977
618333
73678
32127
867347
473650
84838
614388
416923
991403
448255
859918
366339
598236
763253
739211
642930
851933
564462
660006
895430
921050
138798
662870
871198
280802
63394
354662
767999
403925
559310
400965
591112
534971
853207
188370
23163
467363
880167
367428
443844
497814
524405
33420
211476
807579
303240
245003
276863
296904
253004
358160
530392
289227
849605
328495
785467
60676
779755
4553
235354
127837
179631
326382
194208
920858
977780
496973
255379
471214
208684
808236
520098
592045
884236
367634
701697
335360
890834
416346
851826
191681
909328
208746
460834
259305
352329
952606
871283
379826
106614
657
407090
339263
64343
543435
942373
917233
62640
547770
549692
703407
545212
816418
689931
508112
789657
144785
344297
918924
438408
454057
290717
603449
808255
738686
861649
782013
485493
676775
869356
130909
623522
138642
393589
608031
956889
117149
245955
194083
714640
864004
539470
960921
602390
987179
288924
579716
812672
988109
929743
359827
403392
244338
484996
250676
955262
312822
257986
2316
88338
670080
757635
559842
191412
654407
51028
98655
575597
536218
387305
840169
195758
943945
623370
710126
787658
304226
488588
338382
153212
176921
94784
887505
825457
602643
146090
777111
178809
282112
241629
801503
38245
181359
832749
158610
249329
939799
258823
300794
152673
261445
787111
73151
973266
142134
810339
154263
1080
969698
231732
862180
467618
628055
853107
815070
495413
351578
746383
132164
651140
338471
104442
596454
188783
205332
693253
729535
356089
795495
427558
976684
314286
74593
922807
570929
838627
791679
795498
711786
626634
288484
914325
234328
624958
667867
72312
301340
522430
590688
617081
947776
317549
1280
795438
736828
386249
64877
510557
915687
911580
481922
57519
303822
589631
891767
564083
866558
667572
249570
367216
185345
420778
645634
92913
975867
255207
136415
263795
524467
523499
774834
90313
987661
105317
789996
962734
988408
157510
735887
718359
933611
344821
862496
805743
269084
892809
459067
331470
422517
210546
850747
182729
174453
742161
156137
530143
124220
101384
741288
667757
7959
178438
899948
860725
717874
825060
975455
949158
484700
739397
857562
915505
782745
163020
752550
922791
931997
983960
769877
78422
66546
497484
251981
606663
735760
780328
23526
70774
99728
18315
40302
966169
596010
921722
490794
287165
76886
936483
406781
7097
989852
425594
907724
418794
165836
642706
122615
735314
298569
303343
728567
318148
283654
870863
862361
703860
184046
331736
544696
340563
696835
986428
198105
320151
14384
763285
209393
724918
932965
140596
419135
923420
492360
605619
261809
551997
738442
353035
19132
990944
85108
86908
537418
533760
781165
291619
424622
544319
206833
296860
287529
947791
789840
464611
152669
713939
643970
627067
980941
565355
501218
50618
97694
966626
581787
392496
74019
298909
131023
301400
900996
126036
935353
305404
345985
559207
686474
241904
727387
332680
756805
964185
284370
564432
157259
946192
763294
852698
278141
688301
402255
985115
495683
802734
88672
661896
885427
45304
912401
359134
36277
140780
158803
336512
251768
50926
555608
18155
584711
758161
519621
671969
448297
867017
957929
385712
97094
915738
938824
837923
396400
694705
285821
561321
334770
575056
221667
646392
243652
80940
67461
62524
957573
262833
424624
386409
258815
40877
109601
441796
268909
291050
370123
415680
904403
808633
591855
72972
941110
925538
768829
668806
923028
574061
393241
753935
878018
415321
82366
755559
138792
146064
783151
931038
984381
641020
536904
939745
754884
534210
934145
493655
482547
172392
270813
395882
873369
335515
812058
816521
377836
689346
376758
503877
921741
581149
41277
461060
938232
745045
189831
441764
14855
365186
804960
715446
978374
615908
524540
195895
450823
862177
765141
853359
502006
468106
34100
794214
947117
566830
68346
707136
72561
233052
89712
725405
917606
444839
290493
605632
115315
569084
436084
705650
527521
811353
480784
185913
178991
35532
938415
488594
726140
558077
886835
23726
668582
209707
363098
552734
236072
874614
430656
675440
591739
928030
271990
869109
707239
580516
403722
335562
887153
96617
713616
717858
940122
920617
796034
596190
301487
488954
86524
22402
266071
81142
39690
970098
726755
31106
770496
483595
667616
71097
249942
327861
688463
118746
968102
587546
794853
299031
656590
658024
90696
124645
481712
977127
865849
55783
10965
296711
941644
863064
52509
565968
770726
915060
135300
733853
144583
575708
997989
212899
403252
778131
171295
70572
892008
379780
706467
294173
101661
334572
968
943533
61089
646534
227238
546
33100
548501
876108
720977
703539
189162
959621
244086
716176
907843
950936
458942
970587
800523
114649
569097
222429
25192
996642
566339
889638
858319
353984
870110
330779
641049
947930
373861
217486
1766
536115
770262
374200
559697
743473
762634
880618
43419
736410
341232
758588
862784
431208
166445
640724
99320
154255
860388
989969
816935
613251
203216
231457
631775
783477
158153
665130
473047
165680
290318
485827
62893
852773
396976
396892
596702
223694
723028
499996
20555
656197
808060
291467
334206
258100
382964
492735
235066
809922
402382
908510
567643
113213
855684
798025
411139
112733
975871
472942
516113
205365
685013
77765
332107
605312
47179
181412
239554
127441
614361
534845
82571
813371
238490
120947
623716
864692
160011
53442
217523
759707
227777
576987
54925
737125
496326
311310
612892
95833
890008
629544
757382
560435
235069
352299
810280
290534
876276
15460
838957
824777
381148
973532
541310
360192
928125
317587
442856
505176
293260
480846
959892
672787
701245
169697
600706
743452
327912
780929
733768
789991
2931
227767
834340
78697
238271
875579
299484
176193
75861
940362
650147
867289
577235
28689
626179
10025
716142
601138
795498
840569
862001
671228
628479
177235
55186
657402
27364
974646
125193
141590
812955
74106
641445
139733
173076
207663
317286
173643
608487
981366
594766
358161
327578
755702
667907
568070
757367
661299
552725
363435
964755
832096
383339
31359
550199
343254
630295
459591
191751
407096
290617
374727
186667
683331
360982
465744
611982
156191
807111
355618
735562
740414
568546
6412
507894
726169
448445
541648
135253
521116
491637
216351
210935
117939
789128
594707
942273
297836
208029
715317
991899
219398
28700
709485
993217
519316
641460
862444
500056
27461
337884
19609
791455
767296
691511
292321
557494
50598
625749
367061
338756
697214
299852
146551
663140
610632
674766
735103
154751
447646
304083
448940
981981
63340
101507
732637
997682
817973
829617
91037
142949
971884
160582
711193
591220
436475
91374
68766
527753
125136
301869
447953
788042
404053
872393
627892
138859
946731
100610
325819
911017
698868
183833
553926
610564
759629
699785
178253
23569
345639
911932
535114
194155
418947
231723
12590
882712
928665
675258
309172
164987
152317
352451
611282
881483
442001
471588
360018
484011
356107
923580
522216
408954
858309
490165
112987
727638
579568
653923
403581
213888
359910
904775
306152
635945
405145
617351
536457
666985
235523
662077
58508
58430
628456
929265
267453
484109
929773
605953
918265
363216
281183
371302
280823
156034
291314
70884
83068
790049
678074
665084
840176
938783
365391
497686
336818
758974
914351
919044
454589
832874
139912
523904
131970
596969
763114
621687
788490
988229
266742
34510
638827
837984
856792
252967
541325
95705
348124
719583
162533
615151
976655
22635
58022
43081
159676
94312
90818
709377
434862
287637
918255
237125
720097
908383
382195
904804
117900
731169
964696
590185
231930
332699
225092
183056
624860
440745
797126
73395
682257
429940
240888
372105
618883
583119
738635
575308
955407
507425
104598
269764
814649
680980
694600
959616
924438
842674
300103
250173
612339
117847
539518
985092
893887
40984
793724
747657
566085
940330
770871
219100
511729
747572
326104
600198
755698
393207
740825
998337
345482
748085
78088
974405
602111
300823
412595
853407
547528
915983
482285
338446
811284
820597
225332
790146
288034
68211
6629
851993
573812
988
455935
558074
58113
548668
98456
666918
59135
32893
298965
593799
452787
625161
977006
985993
457530
395718
691825
825944
488198
311251
43651
773189
874982
668268
419804
895285
95589
471089
207402
212986
667008
918865
669176
300680
7651
187275
146438
197010
484504
189768
972894
836841
18464
419670
499092
834395
507925
514042
151628
975361
335279
939905
878841
480415
537108
28845
48075
449281
911848
515118
968132
147657
751357
57073
434676
310795
314018
95854
580100
246651
952409
879184
879144
481502
252019
876813
293538
215429
206066
22775
562441
119076
509730
895422
625762
716145
305830
585389
281964
328555
621104
943813
15246
192214
805850
973882
488713
560188
550188
696182
674218
365192
37137
502227
567625
938841
393138
934534
1190
290471
821136
334930
87044
580824
854656
908494
822074
29661
932426
634964
751893
850817
422194
344088
873404
862976
868770
261915
977835
320401
250975
872708
221577
437138
340537
507179
984348
414228
490632
579626
14766
982390
115776
547842
495994
13494
230259
863897
333055
290358
780941
578428
703961
580497
243692
791357
644822
116309
288885
243395
86850
951547
524366
712303
675161
361088
176983
413822
531303
398892
570261
808731
601528
67544
598402
253725
695264
900485
484364
681231
277918
876333
754463
589781
824031
356297
402853
739391
708506
729560
699773
59639
472734
239339
709791
350
898178
465453
448799
404608
861448
160573
553565
234721
172067
220813
684217
603152
40587
631875
815483
637345
837752
179681
476930
342234
385304
812538
633812
271916
531218
403432
514546
997918
815970
329163
486357
228875
343881
822459
691267
254481
297135
115444
957953
193243
903780
644992
995068
215738
490717
913109
423110
251093
948966
485731
874785
768055
880766
133400
775086
100087
570740
297215
231561
317489
929909
98576
238793
53660
987453
507612
543280
505422
153153
485871
805209
938257
5304
199879
279137
116005
954877
656829
48584
276280
340733
675894
74925
326361
828959
895634
89586
474428
817197
175887
510045
243846
990818
521049
340954
184912
351431
993236
993461
362499
549062
979331
520702
532111
273995
33175
283910
333387
983723
917718
319059
875276
382417
3099
975146
707095
638422
527229
946484
711499
598995
510993
790833
333525
31921
63610
531727
244742
918047
76516
708892
910572
474221
528937
811762
744712
205540
57026
807824
572940
929874
560218
541380
303
778298
318579
292922
746115
41661
951106
804886
483322
261381
892585
461472
874584
717451
925347
638459
99310
339594
729408
552672
5530
200508
530243
256043
867780
309310
838497
297941
590626
934475
658533
157413
709609
112867
234280
541348
133399
219609
760681
167093
237972
443297
363864
176667
990322
189440
418253
645547
442935
831023
578247
172474
404011
222857
649402
722552
823187
679268
370449
7733
783587
703136
578814
197282
673819
116022
494791
10322
788412
194077
309762
704350
602916
862015
388208
452164
391064
114754
836509
557435
901921
59379
373867
960421
145673
576157
49875
81207
60202
901253
160448
941756
289834
459940
390427
993036
814049
854486
533043
72307
758979
679285
270722
582085
941406
256722
659532
730755
544102
113534
195090
179853
357305
948628
144596
404396
86389
67756
76096
671422
802104
289597
475260
973707
184263
506902
800754
346517
64637
75094
609746
533039
405413
320058
446067
478737
873543
956460
110022
309372
423888
419701
988624
738993
132428
880380
479444
581044
564865
903473
849200
605861
998185
164995
546098
275936
818933
384492
821993
15465
943603
345310
30307
782229
936309
454537
389628
599080
14600
255550
974077
311030
869745
163428
669320
980145
731349
205412
388201
301969
291060
385163
261607
936080
135497
961224
202986
485983
645148
160228
826879
630950
255759
205303
939955
463703
105457
319490
917178
629750
32020
140037
325185
772522
192661
42544
74520
415608
206762
540780
323479
304124
200318
151475
331027
481450
629521
713367
3899
478503
162021
77651
113701
635957
418600
240117
472746
292971
309841
805723
304128
418500
588342
17281
847672
163510
861206
947377
34214
554126
224187
927406
629024
705678
638527
865040
70385
921442
93983
53025
975440
555271
628812
570125
382992
149883
153507
29466
89013
930443
656901
977487
347282
184538
77954
407745
224427
161443
521038
215018
811717
285280
311284
852724
531736
108082
504776
524031
476336
506115
307636
858120
361653
199750
576548
245434
401729
964221
876096
960862
421873
379819
601520
431251
825711
773320
309625
417215
484912
447195
780303
262562
117404
471169
160525
645677
702175
235226
644765
168381
224691
890036
275756
685760
793825
369131
639614
746651
971327
213011
869403
878733
943095
577314
178193
625023
479747
755572
913061
383799
291200
65062
491639
85408
664421
421886
352470
605965
929110
134056
408429
450312
125359
683118
459962
273792
353937
404909
748294
420449
484406
342859
507666
602838
909547
728002
782890
758055
850940
813679
724142
750985
880942
501769
997810
298027
780625
951322
126926
583317
879002
177849
447385
410956
543797
660745
407410
319372
291873
741066
468764
621498
270090
264481
291411
540259
993317
971563
514449
893464
301736
882077
65572
623305
972139
787217
431717
485644
800323
562038
440662
781448
367438
16414
284334
191460
831095
395619
453463
176244
398828
759206
558106
334060
238349
492391
764057
863807
75525
993579
791034
616654
720559
322709
784946
673404
51537
773207
138250
876335
454861
807309
540024
530274
861757
226182
201257
968384
320301
759947
508556
102444
571646
45396
56768
281748
804516
636819
520128
86961
104655
561658
813730
211594
282615
328067
722995
515863
855457
557724
173999
566131
453264
732194
860553
15353
872548
748929
490159
772030
277457
84949
867172
858573
342480
772598
66523
226756
761886
576143
191230
763028
560462
244940
14755
647313
516182
996647
715004
104204
597828
698396
377593
927696
953859
430280
314505
819802
861230
951960
354625
647560
635646
119499
318330
418601
604596
186594
855032
883346
319935
762730
806323
939804
470096
792727
823827
418213
201486
755160
428453
609852
405494
871563
760156
590572
966463
99152
13023
2561
182155
894787
925480
166168
314426
746807
539981
107344
244066
965044
28954
825216
585864
272606
326109
939650
799049
982304
815686
111299
661100
998042
628848
284493
937409
134056
419366
704258
54834
763051
480028
389661
422936
595169
95151
612369
718794
630129
356588
830824
967916
901551
490463
866267
758506
699274
723397
65841
994106
725660
469276
850507
645748
318470
742647
954112
999375
387755
499668
860390
930196
950663
434617
491499
217517
179796
916441
634646
413006
205184
904289
412811
217933
713233
193922
221830
939357
132634
416185
118817
457110
66513
389183
469448
53470
705448
692861
321030
185683
941015
4426
376361
321518
274226
257317
237693
399756
247717
398584
401242
200949
34713
407018
386881
728356
365241
765486
20331
289328
484527
536236
763330
70573
991608
302087
534275
483052
248074
169937
54120
256384
194428
614568
724280
193663
786677
75459
78029
960527
91038
825657
127262
858336
985434
943132
131210
224915
392333
588893
865804
590453
231041
26323
43269
458872
284683
633519
1973
286597
967804
388604
925432
369129
21510
491213
448085
399235
331072
40924
621095
114468
717484
318858
262939
844173
566292
239130
874296
109329
540419
28704
909371
156697
784210
392083
36058
540443
724943
516337
713221
105342
633873
318220
879565
839789
778193
581575
869454
597493
932925
139343
771460
481814
9444
32460
621953
392045
253890
151680
761929
223738
883820
438054
132428
150411
274271
815949
102008
404729
645829
851191
970934
57917
261737
875807
519376
487258
947528
687072
701088
504794
669525
228973
720755
704940
922688
206085
783579
249989
822306
285632
105531
93759
492014
448908
849409
232728
748416
770740
721214
163296
908176
114051
649036
720292
455879
875944
891258
423728
611114
423380
50290
496127
718096
957662
655726
261973
141359
483357
299092
271293
54798
558185
248236
244319
373524
459841
731683
524068
331896
624711
81748
651569
13519
250758
189038
617227
298750
609362
539199
15867
363713
720142
417499
896577
839330
33777
814169
797068
937463
364
90245
19690
155889
74340
690594
164761
338164
643327
758664
26957
572462
229361
907056
430309
412625
49090
784200
136853
84585
939648
784268
269674
569662
882061
966953
425005
11472
955074
923836
966231
34620
817259
276541
786000
919450
21632
870277
169955
895043
209658
12261
493710
484562
561237
432570
314452
229627
740489
359078
325964
186085
269511
558631
736448
50732
396769
345121
121933
911015
786068
474659
500700
458510
572299
592761
788431
233489
161481
871010
486445
408237
694850
482549
670455
171269
841488
740138
947036
809049
563721
791502
700735
700580
833786
994917
797769
305688
832454
732218
499921
605166
531994
287415
104957
359456
461257
101092
349134
520100
621281
787937
63529
782268
27663
200148
22974
908906
761984
723815
867173
408747
101496
750165
175692
751011
480301
241019
66848
457657
221148
453704
435177
362994
280125
304104
159818
703925
898415
233353
630615
895195
435753
942364
39543
267293
752432
832760
909802
603271
872773
491372
609505
763071
839
774526
163724
532944
107206
432295
775081
516835
693679
