728114
730684
973179
409491
59489
690392
763579
910013
766952
725924
700786
928868
150066
482210
14250
817212
759152
837764
678845
138843
279388
523723
300903
729978
999555
351425
404074
873108
610734
493677
397071
200449
879760
418983
301958
169437
651542
215491
955431
182048
546871
834
518003
484414
54729
366250
155932
84948
333974
2405
435501
791545
938768
175814
917393
241841
230061
446687
852520
437996
947115
450368
365472
53427
910830
595258
453124
365564
175217
976672
253103
794442
207420
697790
628526
69047
687290
263509
314619
326033
225553
147198
919552
194733
986160
731246
38478
411096
530326
845587
191571
523009
833416
939881
337921
300347
680905
753253
937711
952663
905034
267546
629092
182907
45184
69281
979798
592538
499881
469625
839585
660147
508459
632133
732598
136993
983138
796807
805488
76293
889454
187204
484214
390573
186261
110802
431756
970259
593434
540
217796
4466
963021
890617
496121
89639
897807
837322
875952
462088
440438
366376
571216
359453
397077
752817
267991
281180
889129
807833
826399
82488
280999
12833
145274
701336
469920
959558
767092
429195
228122
9700
67689
116297
119366
482992
561372
742202
603348
629066
863774
729768
47186
740423
771139
847384
141968
61714
432884
854174
933391
174488
732063
640158
571650
486746
567838
848397
874907
751143
630206
402655
488226
255993
420739
780481
734034
945693
765782
110815
771472
386309
144293
264685
628754
936474
135125
471049
738975
961233
927091
112942
456341
474952
5322
830358
454989
863993
303731
721475
165750
468883
152291
336175
901542
909096
249813
264570
973479
73608
121282
709405
979565
21357
385758
42057
873876
98300
41534
202735
203825
855047
884768
844314
466709
709570
965936
749222
691360
480197
515230
11696
741389
814514
292268
726442
904642
763501
732175
900720
892253
266769
398914
196335
60653
115931
82202
539423
237125
182806
643691
184101
178737
497912
823298
389704
444769
777970
627908
575231
390416
613382
336450
770658
155602
982861
569958
676744
182897
857486
662082
179613
781456
60735
200566
52863
75907
601557
63412
877648
585783
404803
696914
767398
315155
171368
271189
171794
698450
363666
631053
214951
617276
973827
132978
386828
259243
828148
173016
219388
557680
136091
630399
722967
612248
989989
530732
819909
801806
488149
877002
433769
906074
387895
645666
822029
665583
542459
78185
763447
875378
468235
776797
249783
624919
36922
10874
887215
111646
344352
579543
185442
903253
853381
789758
560468
138846
176191
564465
330436
30087
120769
952948
301695
351784
989539
173881
882724
385444
537830
409943
466852
883749
431493
294696
377111
885958
475745
25157
55089
360044
260846
349742
557083
356688
727820
778745
139093
254071
625393
305871
56133
226096
199290
938927
428240
531265
473218
517799
331067
172019
880950
872599
718722
688281
143458
966202
236754
326722
96094
745304
620295
49669
700219
356984
892289
14777
158761
134795
455553
418020
927642
652270
544762
954176
194766
527095
802882
634153
320
48193
655313
248990
906385
323786
192698
748869
633938
725052
995130
537517
737488
980399
801676
367969
222399
847957
408460
100176
133470
652815
345673
636674
570600
780401
816743
704489
690723
110207
769631
847917
517252
314301
974220
448124
638255
703699
243313
248521
134544
453102
887293
972098
714868
963463
838811
297720
915193
196337
629997
324571
439441
123992
234523
565057
901970
851783
769603
49701
542619
121100
242422
357801
706857
301090
83236
213412
322103
317359
828910
104966
433466
494882
342562
213171
665804
23062
667075
424338
405100
889286
332429
762342
40148
379884
678643
99639
377234
643575
639893
575564
509757
550440
113536
733432
743691
708799
712437
395137
734527
360815
610804
272740
597068
235038
823704
50231
383032
604710
892237
724081
364153
525877
528483
733741
21138
637733
59989
899559
328570
684815
215183
80188
419223
62843
965859
129520
86074
369886
156021
855502
430082
648570
702349
462550
742832
442755
464579
756736
145432
223140
300630
816354
468225
558732
66556
892954
23203
558412
470409
967899
368890
567680
604350
249416
422293
630306
732338
395528
584860
69686
207631
509915
9308
802830
458390
229945
743256
975952
97025
780515
463947
233261
939207
40893
250389
309828
390718
301399
259885
844405
754115
188656
224349
684464
498298
309953
420257
213232
150778
99092
482411
768265
243796
639792
823706
767653
575175
837731
410441
596173
615239
977061
114000
325485
122547
926630
645942
917158
302141
488956
620040
196654
892270
269299
64679
467641
845432
344838
755872
305909
521777
133522
781533
518119
994235
660577
976068
162840
327261
50975
514962
255786
106668
768408
72641
888781
666708
486629
908940
665269
277607
525291
956361
222891
516062
518882
421669
981782
75526
700257
297733
546532
769055
976477
263400
880896
908067
139819
143999
107486
89261
14193
697301
839017
858965
183508
859045
980929
40066
242752
149480
743815
454079
58302
211222
668245
325542
93048
272652
943339
173633
201746
901934
853983
950656
489210
685372
706215
378945
3153
653517
251142
630233
718755
951656
497400
386893
256729
224198
306216
936555
355370
270235
445824
203916
468217
848460
717021
345020
627512
509525
542236
299877
44137
588235
107023
5868
939659
509611
672152
799853
914688
629325
569111
164396
244403
31857
121550
424370
819945
279890
337443
154483
266098
384989
107615
39986
127291
208576
951886
440398
753062
967297
701383
644940
73792
755692
222609
622941
935731
374326
659814
947537
740706
646559
786634
109390
339669
688070
230644
101611
766552
672810
548119
385800
950681
374842
194158
67326
481645
352351
741038
604274
231646
257719
757752
58518
987290
849397
903338
465028
368904
353198
889421
505067
573664
738334
826559
634535
357560
434546
340061
117821
893163
901611
460351
257397
583358
471461
932074
129346
144718
535315
965652
457957
599190
155340
381267
509197
165222
547222
85659
630173
647240
89579
324580
861100
139193
775665
258174
732516
15247
856319
750025
883635
912707
503943
915559
792333
763902
681852
322523
81664
942818
198155
53682
919095
702827
655662
995423
328790
409390
447164
164618
15672
275778
433900
214389
822100
577681
229893
289968
763001
926687
981999
273545
444716
688757
156655
497490
527629
948931
180096
114785
233996
345896
536713
864595
615220
432624
889369
97848
694747
557797
777770
672938
102935
420321
54803
1119
642768
773489
903447
917872
847202
140576
969753
517199
92284
320427
352886
274580
793163
601835
501541
718804
678968
348705
524331
519747
850446
235764
445859
559891
443591
578123
471991
614967
356676
252103
185337
622788
300885
446360
186549
606693
392128
687208
608417
836198
538750
880636
569984
12211
861327
620344
834001
623202
294618
69219
866436
871448
523920
414017
439960
670934
968484
322926
947342
432949
462930
575375
676539
580187
928156
88115
624983
13944
207269
605170
214589
159438
435583
472147
62940
107394
281164
964111
872423
845440
918071
614908
991575
491143
378635
267132
378240
693091
331930
223316
118079
649170
917556
478194
988875
61434
756423
483565
280584
254154
885358
109737
112377
787558
83471
218847
76581
634655
426851
408085
936335
705338
968036
525356
946614
122048
359187
695056
880278
674418
448597
542743
168177
535028
669181
842067
773242
278013
815806
747778
468580
70089
556339
25958
75963
922107
872883
269164
3702
933104
611426
323168
800326
467481
443148
487851
477678
854547
770463
530329
978798
411538
13496
279625
555156
589300
359346
938674
393425
737707
677002
153400
228260
25616
32393
262572
890748
765487
462044
280850
41853
262051
183584
715637
969082
146992
285059
909843
566647
713490
508193
615361
996734
948132
546417
412484
386701
893871
933041
335624
78773
847903
659016
860702
401250
933754
326558
89735
257750
975102
43795
533404
307772
854674
613846
893485
678562
19525
719380
140556
298161
223183
9720
631369
390130
647373
84499
972735
870268
701792
923740
88720
50745
244591
866525
424533
845996
476971
802089
331079
449045
459967
456914
455174
38932
360650
603706
525220
838359
505318
365265
443834
666598
293113
281921
233535
3166
782905
876386
49009
965479
997081
149049
259740
261860
813742
265618
298263
458596
464053
183137
824872
592322
981174
167829
838659
387264
339697
450979
481546
449489
54527
274468
157978
309798
328738
151555
334184
126700
813527
653738
886274
303238
305358
615328
61935
252576
819489
89833
928318
966888
698430
131511
866265
525243
54742
215521
644017
646240
736710
180358
264436
795992
763830
425622
491778
705929
857440
465088
612615
728915
476215
175338
301283
981660
68901
437001
284683
29140
244076
334237
906684
834520
532015
227949
970315
597457
438000
770417
523766
171998
788927
663701
192767
783422
925541
868224
985096
480480
649744
590046
474939
738125
891384
808440
289925
6197
854012
340470
587258
37865
574727
932638
784765
998193
668207
402091
351048
554710
15785
350188
529634
826806
254796
154459
620913
883217
122055
186620
205816
207499
33654
181837
250937
572592
537645
590173
836101
828032
490779
245507
84612
795984
867525
719631
112832
216113
512179
969413
733598
93675
109290
494559
14878
623989
488664
447805
449787
275954
829748
6939
81773
314595
303268
606198
563970
698280
314089
53118
851572
116026
161324
225586
490151
243843
303688
417496
432170
753577
166381
880087
201193
237117
695445
437114
773232
736835
852809
649934
400704
649296
750146
815366
547800
788790
207760
298433
506864
562844
319773
471567
147544
890622
868213
864832
323456
498020
891721
927953
284304
479339
8923
345821
743555
102221
787001
270766
982883
680709
693926
24855
941973
712267
112877
18971
198482
709223
946282
487451
910751
333442
681634
68008
415475
649977
369777
243694
202315
410247
98808
459352
504266
410393
475574
3365
807182
587982
681190
727743
333901
912631
974136
437682
33324
721977
813667
195275
655973
907597
907170
845319
512610
811164
1251
521751
780815
414735
594802
132641
259030
141764
10705
890430
280223
565346
566832
583683
751493
615803
684618
883901
112343
600602
168448
976420
404062
119427
259262
567756
83894
832870
49947
681945
279805
195031
523872
921693
377741
145970
680821
320273
969084
39111
911567
789755
84140
594614
558644
241495
907912
601047
28463
442487
858226
151202
34717
520820
615355
157200
567753
769202
524861
327375
497045
867874
576630
809727
185014
967018
580057
615672
432557
121226
455319
897879
929019
309236
201868
812331
244517
647018
356487
499530
896434
921528
947724
130604
17448
80676
133698
324997
499478
109847
205344
828609
468634
959211
813382
401425
292099
811732
81680
959961
480954
422870
466828
338331
50650
340609
805920
944554
930235
72451
352994
963576
730406
355587
679427
405012
741915
529312
452471
301808
796199
627253
874937
356626
434162
218899
535197
571328
41176
932465
988078
284350
422089
866828
880369
222955
328312
49021
233311
567381
251292
551694
584586
58606
328501
376517
319573
121184
621785
531826
27928
116755
505150
139423
311478
93065
727361
549375
147010
98372
784236
80028
733621
525077
698584
714637
915169
331726
727644
333997
550744
142377
841513
582138
568198
907041
102958
469160
155435
810927
570065
690024
738953
989470
956174
769575
945441
469462
574008
248192
95912
35162
443122
369868
489576
610435
385679
419634
743171
438631
754706
590267
545115
190338
951063
424977
60010
291132
75310
750618
671607
670701
986261
812761
735005
993256
545074
678325
28124
412995
545325
50385
562242
573336
721766
970244
418030
940320
918361
98339
989745
567809
339778
910835
889254
911370
740581
256596
757977
737519
498458
298856
902485
204056
962214
463337
864474
753516
84136
700135
273644
240733
76374
788945
150392
713906
684939
719208
416526
986581
824615
607967
217173
635304
677966
444490
568602
709551
370519
961407
700186
916691
721842
837751
811036
802255
301206
678633
925263
24130
600220
764470
589245
844989
247268
66578
743572
28542
100154
601248
132961
824346
868158
972472
659552
221727
315179
933079
471934
753061
85970
14796
275631
157653
100515
917704
492870
69029
704823
657913
672382
452810
686181
237958
619433
300511
381422
309205
549295
122501
673262
214546
489162
768741
599848
612190
557495
274737
936475
498840
854023
416482
711072
571488
688887
687804
49272
337261
293859
816814
130330
354197
68338
610311
663210
380117
100520
304534
520438
981932
228087
62054
769395
768058
354871
231506
531651
765958
573088
501256
582018
114196
10098
92670
710592
353172
779147
318259
829800
480419
321798
569159
55160
741604
529088
178426
307821
244020
958670
166358
161716
29341
248499
275622
12367
336355
659277
773789
535949
748582
711254
402310
466546
654565
313152
207025
399756
969262
647560
901684
486139
794478
817348
938205
235259
978509
166976
989314
622271
376315
575427
728806
149228
506062
639241
507035
16410
928642
633413
467193
698520
520991
453599
286946
127478
918322
608482
198549
555814
873999
383919
715648
289022
76443
105907
424062
938251
118195
542972
4436
790818
735245
115675
963561
604337
766295
157537
213867
496144
534906
1345
878237
556912
83341
181866
785651
806396
537389
141384
841496
48022
873471
47674
250375
874377
242299
694694
415940
323092
971551
322264
761354
77315
339918
862987
113627
786104
604824
242350
266876
667285
720825
802746
70871
929056
613848
580625
546972
156084
22151
814698
791954
819149
901016
823919
36497
959136
468431
156355
652813
306955
322426
264532
916417
209080
14447
357077
575531
271742
211365
779787
336316
898673
39629
525370
778922
775550
707911
753454
965261
648200
903925
272014
914707
536380
177242
309706
432567
822157
368488
738406
840750
588922
59389
887652
267130
512388
140098
737740
482689
209252
732796
817069
140542
253511
923893
569730
894719
593245
8320
83253
247358
782004
296453
523905
833885
107429
245408
169243
884847
113421
29746
126295
600821
376628
94383
934692
369015
865274
867890
330376
285576
22198
345675
976879
735252
765535
659673
375885
598378
788242
540452
47612
408980
758468
459765
959065
781996
320251
876112
107280
480093
983824
827674
268839
548283
340561
432976
100764
251649
692580
435979
989243
919148
526862
86712
624740
989812
369649
516393
971114
332299
690971
138657
125933
267814
758915
565371
725353
637874
696226
143476
130038
690934
72609
171513
351623
968470
555525
780971
766637
813921
24660
157308
475356
111996
361012
82982
998053
420414
961372
118254
260617
709294
69215
116476
441292
196981
297005
843058
52415
667340
841045
436566
695217
778769
12908
363404
8234
821829
163932
423415
896727
293427
70957
745283
476528
426149
529611
915449
980587
175624
590040
396329
632361
125155
260202
964018
660205
784224
987659
243799
15223
781727
513039
386436
231580
428543
875071
664454
717200
497852
655042
870737
670910
689413
812709
521836
401005
354447
475876
868267
316101
661555
875082
379252
294900
460106
266841
337057
654736
144652
409700
266425
457960
527063
264113
342259
158287
993575
665526
632042
18839
367355
682476
833111
893083
102440
581098
311309
54837
749212
917520
740578
96501
685497
261351
938646
955766
49210
56864
855197
326394
786485
866347
579322
566667
761209
119441
335379
99923
499971
552945
453379
969665
398391
641821
781166
534585
246566
961021
157788
130411
772627
407071
233046
354913
948611
25366
490054
470188
878010
111946
542289
422496
515910
380789
822459
540530
676966
324771
669974
414022
883955
418799
772101
888148
210721
280043
907397
34182
594030
521923
518540
715068
922607
678439
462134
666425
266186
246936
584248
67607
994289
359681
875850
336996
391071
272822
199445
22264
67848
26708
202486
984114
1939
815313
545932
371936
350550
179503
355488
499420
391762
713603
530056
389433
47696
919404
342989
350504
604393
693916
192670
918273
230456
58040
885899
226714
695048
982569
41301
87536
355494
193453
732124
16581
1405
196528
52331
581610
22746
333608
77212
18388
5881
591248
645432
425852
60125
532201
482418
706067
148022
464746
282549
910697
603561
783838
352168
817575
93167
937283
320523
138209
62639
225591
880802
131720
29411
507053
143600
845969
815765
351604
292196
26252
308495
282153
374390
828366
845805
980032
89068
970496
696566
204569
261919
816646
605096
55098
741920
25757
976727
131332
732977
310050
933258
889508
450289
913402
320653
821736
841583
842078
584761
37466
167716
427526
917734
663441
819479
632893
642221
226762
400416
168067
442893
91510
215412
998734
573482
787649
191278
492113
962515
277451
667152
528869
160953
775179
820554
742519
770245
272450
62984
1754
982237
128928
922508
20489
891826
300441
39414
661229
813550
911954
797582
67519
142098
115286
999729
282545
995626
191757
497464
409453
696785
495850
979332
46938
962692
467628
125497
552809
704317
85954
841093
113992
617510
316932
528438
838051
397742
908371
155610
367596
155505
972977
512033
400551
903524
647643
781147
913826
170022
426929
863396
471370
630436
782185
441826
483091
865673
828690
239964
102857
976011
637229
224582
350582
553133
23393
488512
985867
152697
312790
910650
5089
584568
550467
924413
504251
439806
689697
25008
309012
64568
745125
939669
207334
942969
515459
232609
444397
323778
845268
130468
407283
945014
52454
981998
189921
508061
441195
496598
824089
871651
251711
354846
484060
968716
436687
27583
410086
917381
289223
877524
72740
138403
600456
267110
590037
680862
602345
11380
501016
914317
189258
798937
427569
569459
662276
913115
547213
510670
493887
530393
785205
872370
654266
165813
410072
839868
411082
999750
791939
941708
440312
337495
874281
890961
196766
36389
97141
966641
665243
647192
967662
26304
231708
176866
892917
6428
299315
29169
43914
893112
473666
307610
10690
203216
431094
163732
97350
92040
627876
604229
908780
505142
924516
651077
60650
558193
978587
489915
690299
228633
743762
248407
606226
470383
739189
59538
783037
620372
215245
920244
954272
2508
756201
317799
351459
898110
641142
125037
550829
737359
556801
135161
513819
877810
4771
640875
317955
35713
364358
795681
265080
153461
514792
399681
622949
401910
589869
356517
300828
391820
331548
493311
525177
988358
652189
933372
710124
265098
629043
478044
278763
886260
370601
943565
545065
10616
971144
819415
581160
264378
54671
425200
607596
19210
839136
875671
651184
774638
665661
649310
696978
428526
266418
137835
708691
504705
603828
711528
226136
342041
511874
97821
975305
626240
771563
643144
52799
935186
21628
254089
441224
251050
778407
870889
402997
972274
502470
684033
499539
659760
386733
175755
276200
973312
25401
901496
182270
180795
405039
219986
968367
961356
295156
670603
882193
880679
107239
564026
748742
883546
758679
376791
376848
842765
471634
121183
268526
963142
998757
811541
478626
550536
365230
648538
411523
496738
431833
764378
362592
24799
67753
330448
389017
795400
333973
67915
637859
363517
184655
936765
817168
100318
881754
496659
277020
478957
225154
865183
823422
274445
717834
681558
126915
275952
432915
733559
673317
504862
46116
735961
844787
67288
230600
61837
299473
482039
608988
454508
438325
541842
372686
582530
619528
790036
274787
563197
80339
215491
262575
435516
45239
454868
123951
128736
735911
347372
916621
692912
405412
319098
280211
600581
29780
796789
728853
940480
797664
390379
86700
154481
277806
217524
772357
722051
748580
611527
764717
493941
570059
841225
821567
318855
659698
9873
532654
420199
362313
25992
913008
275195
342960
817208
832442
865509
288180
374456
678895
928669
898947
868571
702486
272063
779426
221779
748295
664262
399534
800257
498891
387437
108915
27185
95411
30325
573785
932651
488121
659522
347592
253113
114418
284732
310908
53253
143947
603899
441061
307973
321050
779320
325524
110292
334827
420383
987121
210656
865396
526133
370032
943642
235655
852826
83169
814556
195145
779085
444499
861231
194137
902125
590973
323842
72859
74406
786758
922054
541836
853289
541317
999729
561891
758868
466047
776995
844764
539784
137364
532797
767654
832823
322594
483546
46010
652729
739419
498098
730913
786328
550231
391779
136813
708767
719371
19070
936028
694161
738317
599967
858955
196915
982206
45604
878391
724448
907132
534778
104216
428721
192008
410015
565009
187597
211745
567307
81181
1978
415209
732353
1702
858796
492786
610329
629600
854614
518789
415740
833295
848017
754157
770437
440950
3816
684721
295505
585708
591497
742849
825224
54894
651410
256184
808751
45985
716188
583599
534408
471824
759133
990479
901087
117105
425129
111266
732035
888720
890999
109129
773159
202622
623316
510229
996451
28236
973853
282032
488013
298188
413265
964138
725141
819014
866689
313922
645739
305946
275268
82313
84992
304432
901857
162045
41444
198822
785360
608465
465929
186199
157151
992842
185300
518415
569356
99888
713132
697582
808221
379219
173786
837383
854902
297028
348061
317798
399275
613185
544812
802705
168001
90964
674217
864533
90120
338518
460616
594764
902840
343841
760483
675909
544884
66637
677144
50508
938704
544721
701830
451617
11944
96726
330459
463850
540216
296322
90285
978009
930971
21768
249939
484738
915965
591072
152043
288800
529064
80482
148720
247498
242215
378158
658831
413982
582832
946154
760277
593080
495145
946360
413385
23712
379780
306259
741921
398960
429683
788734
633199
861488
988679
473943
263096
310568
578454
204881
325922
441177
320929
337851
454554
745705
835804
147275
135558
631408
332168
234875
554079
920955
372926
458675
75649
618267
290513
701346
726545
957102
820933
687465
534846
356717
667088
933006
255987
479274
157730
844331
891203
279647
646412
127196
680840
667468
249019
381664
412516
425879
340121
420546
705546
298850
886933
38652
342607
566006
294031
762548
503776
10797
252353
941024
750237
164731
828398
709288
530373
236742
172177
390981
939962
910977
660752
849848
938593
885531
675188
654339
837791
159071
261372
413443
752286
815690
125344
996627
453512
245292
269068
133113
915111
105192
215325
848776
903184
79959
836905
28934
790564
646254
68098
552235
523482
117997
170643
937152
528474
290364
183997
260256
546333
126828
446342
105187
77878
591542
717396
514584
84428
15183
481594
641387
91546
237675
448545
748739
903082
345895
966309
346154
227795
888105
891448
438662
663842
564619
320357
567480
723641
971965
180357
645151
829669
140921
414513
619047
512444
846929
135644
267949
426098
949307
996705
941373
551980
874202
375952
741564
331623
489496
22733
156880
632325
725954
521461
667064
73551
582150
365260
997793
595661
947909
729654
271766
201895
878911
819331
223470
640625
241980
924504
494352
26360
866785
998944
663965
24469
6906
755621
113208
583576
122428
234341
356976
452970
955347
356438
19491
426180
515783
392398
373918
596338
426603
666593
716821
395429
115588
133558
704756
979229
769007
898427
511431
197327
946571
698386
921924
648168
887093
617376
233546
153698
654709
657113
959835
430249
4611
363508
354751
746142
630375
344903
692546
305910
149708
42516
478580
495545
185803
181502
70517
452404
551245
319675
645620
414586
109885
901288
635101
995892
76413
29128
354240
504177
283062
224616
882365
174642
79778
972592
897956
502792
663648
95388
974795
161777
538984
289403
334085
285940
45017
164091
298063
906348
296603
3635
367269
828988
765091
236907
225823
77430
55786
734002
909342
424693
315554
412292
850602
886682
497063
778046
720068
582459
618363
675617
534079
489927
171279
945437
53396
953318
877393
916249
293056
308492
347128
763383
558276
605141
557674
726891
553095
986909
980600
692061
445448
245153
923529
861839
29550
638989
983015
404687
641340
693799
638733
507076
141171
96248
766186
890484
726725
611053
803850
560531
733546
162023
663377
588911
966484
428172
526574
896857
847926
866050
873061
678642
539946
562647
692178
926068
97168
10442
573957
493827
633427
957425
921574
643218
165571
565447
570215
274480
225935
426738
330873
917567
17619
475609
876548
936501
898462
731396
640607
899012
724521
806062
957088
186688
628237
166240
962949
287538
558676
241601
986667
359463
588821
445538
559089
56690
501272
512740
444306
751599
239150
526658
638582
196575
433852
605562
389041
567703
359424
834230
415144
581287
500565
639947
965551
33617
151714
513272
928701
643056
279248
988423
396331
922377
685972
524119
570608
296831
266638
918545
236997
918183
733043
272302
649269
370008
492149
560854
313755
968684
777390
251854
96879
401856
715601
394210
473776
233759
170061
375818
923360
200966
565028
947863
804349
391118
667498
658463
932167
247429
976874
287418
556692
804766
347223
115023
510683
152118
688540
384345
991076
408789
123101
734968
24599
658067
965848
162893
579401
551814
997232
328895
683334
468018
901761
203225
191700
967424
930558
466706
773269
572009
861063
29632
197429
979851
463986
401880
822344
433918
363924
181238
821712
799274
827874
2496
381871
208213
336968
286611
41760
41922
477128
936375
204115
414878
833922
315692
786911
909677
385159
197995
556726
688377
263913
481061
762833
626925
486475
149060
379239
316710
588484
106094
842393
986265
229632
688020
239982
337800
61513
529995
767223
860503
129921
907195
820192
927140
502297
735009
125346
435286
697267
541907
176347
966301
272935
914960
635155
278104
391835
565529
580061
603689
641014
808398
9783
899157
96530
126632
307972
260514
314105
350858
586990
848428
170377
928952
465930
498034
533758
845720
72399
135742
266560
46728
672694
567477
254197
302451
508529
89585
614986
83033
112555
636379
844121
887121
744098
812942
794090
396730
552890
118799
642064
758120
31324
144881
978002
815139
456519
205761
650240
551861
263896
548879
843116
597578
299162
382775
401772
685042
807379
746057
878461
455671
861692
253294
937909
113927
91596
330286
791161
666360
656547
875425
888096
536349
888189
912338
113146
993277
32051
199732
52718
6628
947906
851256
242943
507690
830943
818006
950553
230849
302361
991070
129140
526659
655288
411379
540898
46499
411994
845390
790332
833392
98992
642558
805655
486755
542181
692456
944624
148850
264313
401557
181816
313731
881426
153183
103558
138694
378119
903218
172223
305032
793664
219242
508959
753140
815196
870553
290686
485670
224163
100219
146012
666862
723040
742387
115544
328580
185980
210808
760005
78610
987229
366199
550403
386770
705974
237328
20708
719186
169511
754812
473927
535566
165120
665483
874569
448603
646124
404469
481799
156991
418840
640605
303783
2002
400701
751552
132609
304516
663940
63943
830058
959465
895077
981911
170698
450110
551756
218733
151571
395628
11400
462900
962174
250187
584184
820000
289911
888431
822815
689587
171941
176406
91851
303608
410719
911901
162492
577831
871157
938021
602319
266145
15946
582321
744315
17368
533844
491802
797417
832687
194667
414202
248846
135079
658040
46617
621850
955042
208139
926299
879200
945540
452096
900676
472243
986755
804601
215515
500889
293126
357971
925063
725957
558446
635781
266587
582927
775629
245142
571515
559072
370933
569987
882656
835637
873712
650668
748293
141420
533341
680451
284041
236954
446850
158607
857710
561119
681651
597358
813983
304695
362519
223543
240121
488809
267869
853518
345015
139391
8319
372810
408702
211087
916910
325010
951499
491105
119893
753100
317568
66271
732974
393768
853657
539743
767216
778297
250525
258314
271446
145895
2836
96900
143607
37439
735429
251678
471134
990726
127676
771720
728450
322015
431687
529427
542533
254123
913462
808764
451138
12152
354201
370405
788885
677368
97091
311410
838265
240328
514837
634182
113912
563893
741279
140873
581668
118740
639871
636321
439
699384
525266
793414
411254
424
150702
500136
290338
116324
645532
680560
7574
513471
600589
957559
295484
90639
615153
741127
641337
2769
128507
259246
252359
867135
897081
790313
343912
610132
49673
142284
681816
381550
985480
67670
449308
321288
402133
369548
647255
21038
478109
890928
640998
85320
544034
581965
454375
982886
195488
946758
595677
38146
371857
37656
97772
531706
459689
707578
773733
639661
236975
717140
184280
970476
695079
888270
463609
388075
573309
470469
846619
479656
819744
932982
519136
720114
856709
925644
365936
565289
722248
480920
707939
711342
465404
561976
153980
272129
365917
461778
257378
251321
649728
609943
433199
769260
678435
999513
569721
886105
206521
796566
553437
269375
506367
701858
750346
819836
214545
755777
927094
132497
454553
146560
715777
944391
92022
80831
279335
95795
924522
624844
256494
348883
913626
400684
70706
516401
855245
991302
508068
669403
210610
770592
827006
277881
945907
783765
997615
930093
134269
832209
719054
92346
995525
954399
516177
904684
165514
491138
445596
170050
854399
259344
914136
714919
479215
772259
344848
644876
221728
405823
603180
961850
862767
748264
769505
193949
583281
182769
144408
328835
344220
578436
982124
106006
197147
221333
417672
709192
567944
543252
215805
274279
3225
5243
150515
550612
874292
106084
385188
945638
120609
814891
740383
527582
122008
901921
784144
586451
824267
509033
582980
361841
667751
165440
405646
782630
772887
676671
860148
576830
276599
414131
42608
973743
903583
109913
119673
55058
466792
441793
65509
470659
667535
859061
44029
60629
23571
71123
23698
311194
580515
816547
119601
955424
81238
764766
221606
771397
307401
985953
61690
749499
226838
233719
319674
997840
784883
170716
409947
710912
110018
423408
511755
174267
812095
243367
965331
68539
104395
696179
782427
686415
608906
258734
471800
584360
721391
302976
840213
509300
924980
352912
249270
519055
466744
24129
953893
606394
538560
62200
914013
883140
919560
501464
871766
651653
378669
272673
876139
179968
394900
147950
617626
966806
751421
278905
750454
628617
240952
813732
473080
474747
308818
140175
846692
109594
13254
434652
935048
466032
469278
916651
769412
549043
73702
966973
985007
824525
650470
383675
399818
916560
163679
342785
119276
765261
368960
914167
33045
244543
304879
619581
225431
81533
292007
839788
944287
284363
476503
569261
320669
669788
840639
18704
509539
484401
368394
147578
157719
447836
65668
47888
499708
8484
891189
640873
552729
406538
203443
566228
680092
902656
693199
166508
94580
703688
472786
58775
46215
89502
957166
813602
5026
99307
194259
742117
348576
230982
2494
197647
400975
711904
282935
142658
959444
923158
567800
750693
333002
775126
519372
233489
387329
866736
625709
13424
33239
662226
117025
344369
899107
339332
554876
981006
884648
849058
388582
514545
398937
590681
673376
555720
983330
639621
473465
938422
685986
130857
443361
760801
746412
628871
317301
516811
115577
25041
177788
985570
832437
999151
85989
472288
393599
511410
640781
183217
92725
147852
542663
532834
306755
773554
481920
602629
882794
806821
177068
258746
277350
327095
861149
303018
416694
682769
709545
339102
700762
238313
814242
264747
841211
748361
192489
64141
922630
322486
16931
227806
331842
586066
907729
465572
159341
9242
868916
506388
327084
966785
767286
471776
900744
693830
757463
959068
440681
803432
869084
548967
722447
634143
823585
557832
131213
94488
53776
803573
182918
725414
940340
403712
363234
962535
3250
507063
537631
162284
288862
667008
266842
747243
309056
316633
10322
305386
64172
161343
118735
417183
217602
344197
239441
158777
538915
530969
554500
5857
590536
200854
73886
319938
54003
203536
653725
342948
521555
210352
890798
634797
757389
853107
100476
880972
720398
862917
889965
713941
791996
9003
875933
625984
927750
948442
102294
427844
315897
556539
115393
87027
784745
768899
469785
797283
899490
777058
90063
324295
740746
911050
301521
854719
444525
183142
357559
368650
735523
546651
239026
932238
682423
712460
119993
736077
850479
334014
767907
817062
615643
841592
451568
441251
856046
698331
752947
977372
901713
887782
14843
720291
602814
642632
777775
285425
161660
657186
137329
551901
498712
265805
726667
559190
522860
383486
22330
113137
783038
959439
115008
404970
339430
235840
741604
531105
978152
391990
665155
431228
377899
789614
645109
773627
538729
917136
742809
729618
745578
33604
739149
566818
664891
207256
876868
107524
351539
870550
394629
103919
798062
528894
118102
229805
40927
343328
881723
858891
422896
85991
357106
783529
674422
303873
345002
605273
198533
496373
143458
194622
55177
386709
307920
31155
596048
281313
20310
156572
484667
306134
166247
735033
541114
875951
391356
403510
790341
770477
210111
375586
676524
412033
993921
679916
281061
599988
619759
954345
103072
837596
378039
548729
155363
616281
222786
997733
324132
738920
584346
437055
109352
216778
439805
615007
410188
196314
506110
697612
890047
101024
4911
685042
13188
888947
327590
509551
361618
265391
783060
479654
138605
668436
157690
836302
184996
208611
683452
770909
347444
256741
936237
368433
186186
958705
323637
496117
641790
616937
811265
428516
37166
345719
219300
706048
726294
11085
431080
730218
960423
404792
875321
622136
281359
992738
397595
371301
772309
855482
771986
599238
241858
381590
477030
516080
438458
258345
940534
743051
587791
699251
57228
500562
594553
953318
638035
204901
675068
80696
490970
715610
613069
229592
750429
349831
617670
665490
578897
493557
198091
291737
859973
883311
362075
149123
539401
358620
54752
636145
431134
196974
159414
182137
266321
957594
110379
779855
834842
374809
525093
842266
660684
648927
396331
474602
517063
85852
433596
160329
127443
938635
209556
216081
280525
587487
591076
572925
779633
407678
814733
937423
52327
140526
34986
722333
943059
94499
815796
266503
903558
914996
713541
32312
282517
296969
560254
630661
354344
654091
728525
558850
639095
263391
755845
151938
923977
104256
115727
888442
456371
55258
361490
393854
772031
856707
674461
229146
979734
739546
407504
204705
794931
271991
462987
758201
984572
357597
813654
446435
30059
446219
953092
74202
238555
691027
552695
498046
322853
403191
624083
683348
768370
52870
590527
398905
33096
749858
341854
127504
177876
418784
387951
665532
783052
35916
867888
245050
825420
669099
371178
659020
368788
221124
557223
717526
136886
882573
883390
236272
432739
599500
105477
396710
630889
712426
131599
114033
541009
277645
356019
642169
501668
463845
738214
131964
796106
548859
919148
941200
335025
742829
414247
257859
325216
86427
23417
278371
776858
898015
745018
401996
316912
446827
608715
946950
521702
926490
429763
479741
802671
512785
575219
796703
7821
770130
304439
579390
366078
900521
85822
158640
600054
133277
300037
727952
298480
799876
727755
912207
28075
632619
989080
838739
222720
926087
657719
461180
151771
583893
239601
330160
162606
453235
581893
199150
666632
658421
295774
985166
178234
212658
987761
509667
196683
871195
636981
955060
95439
878861
337526
164755
832422
719455
457431
190951
781415
265849
205133
4896
37837
434846
455762
45815
741975
886901
521185
330583
373048
829842
652165
551898
663106
750367
661228
513583
445248
663227
119395
516834
137900
756953
674945
983812
473240
862353
774775
462509
696967
998576
435296
120464
250087
149356
870270
136326
478909
322889
523989
431014
885929
79722
295341
429616
7936
84797
79385
775772
378009
425847
600482
225310
662827
169850
537374
253858
218550
952178
151299
657900
223476
87885
977872
595394
627290
141410
289229
557590
233852
718741
739873
338442
251303
431510
561903
781030
49753
116254
471347
537931
134955
271260
554246
961342
514870
482360
108295
763555
986395
461201
513083
764083
805798
164305
126440
344700
403630
182245
877314
92039
276217
77251
808750
294034
623224
240222
488264
881955
300651
925777
697523
721332
305180
508122
824384
412125
722769
380746
688486
91467
460625
407775
205939
482836
476697
132915
270850
350740
671762
65872
760766
647237
529083
339100
555913
57007
753018
582522
401359
934499
559787
900106
738108
681932
960625
888839
964584
675109
767807
327848
928640
8988
249533
377509
974884
527420
994554
367871
161621
158488
570759
951078
462594
433225
930033
68050
935957
442865
764413
229227
457673
751316
384616
771557
244190
345377
607178
202635
236495
127293
569040
123324
646033
44303
248424
828756
686062
268348
788168
587840
875105
72340
900394
672933
416349
133850
879181
978028
894954
556833
711009
924610
597178
315857
390720
388944
376891
651634
917282
362803
576050
826579
518215
924024
439226
339659
781891
315876
606725
771151
808321
61423
90265
581306
549145
829329
96986
996034
938492
850186
859767
61746
653749
192442
687265
782990
721505
800130
709122
959889
901564
740954
521250
677339
323692
692293
453996
838858
22133
550546
895091
979929
162142
410550
205939
561073
511971
125554
123194
326882
560652
414257
213060
716803
161325
320710
597125
374122
552082
530719
447038
225084
192040
951315
785415
242405
518217
570519
843676
46802
881501
508652
510984
647569
846790
646976
188958
837339
696347
307016
628799
513424
644122
515474
948606
967834
532093
672445
812571
289722
157232
651407
174600
42088
416368
156008
199948
204737
145624
172879
641108
692413
320978
755573
336293
261616
915642
239164
685524
495298
805446
562892
980094
692503
268787
934248
833295
564098
383146
304835
443265
26768
781042
179850
838362
183336
667723
397307
72764
973688
903104
558617
142547
521268
349699
87482
814255
478652
402576
860519
325170
141299
951628
47723
576706
858148
724064
83901
477062
72929
645383
33809
241966
621180
104200
606146
181349
921827
965396
419530
702323
871134
688489
846900
994358
553147
453521
151491
473857
503654
882191
149301
874093
384655
803801
747734
911076
85567
947737
158060
729922
948318
725512
897489
296505
108362
810949
392792
561886
260294
69475
934773
810978
283031
577853
629928
948456
369736
646719
984272
534569
388916
736813
490163
618628
686478
141093
985375
117359
273014
828690
628680
274921
753442
741113
677265
862296
321723
323530
918414
566977
464325
410760
939552
91839
736104
490731
629540
426103
696130
821131
13132
277334
418254
976752
692307
334206
984168
971093
133121
634287
445630
508530
623845
932352
409883
23969
2932
150784
634765
492964
97721
835571
68382
196336
493719
65465
692977
107723
194719
363295
11771
483712
69042
802284
27372
587624
904776
543614
842398
370307
176450
885671
9801
127124
50848
48834
398601
249885
495269
841798
263481
451998
850909
687732
96106
475133
868292
943781
302519
583301
632072
882197
874684
696247
530659
995591
410666
495520
812344
82173
613083
178128
614879
421944
288121
426374
869323
420307
429119
659628
977985
83934
961575
641818
934269
160991
946931
640645
631207
196648
855837
825486
534491
944958
205797
207555
90602
264444
241091
44840
788813
97945
174950
301635
980066
714250
165482
380672
710696
903449
846291
228564
755858
39246
26380
187650
693174
718470
484690
437497
714344
168498
55134
624767
711790
261634
583710
410625
848935
870899
517243
30042
727110
266411
486586
252855
563165
442149
404671
6482
377434
94521
270828
176010
261856
685604
660147
729720
277036
260007
579215
945153
668953
731186
90824
431303
829020
949160
312230
608588
410091
887471
195822
105007
525517
259664
33799
837160
658057
237764
31792
743990
43160
226560
540229
690519
260006
381326
24781
224932
131242
61503
555516
730386
20206
509901
42500
63690
721385
401249
501680
81483
95956
515484
617191
114961
737802
630168
990303
140243
749991
261588
321821
832933
764946
100723
16409
78034
67694
460724
581155
727922
765608
17614
179912
309726
793640
845507
761325
991383
538727
491476
39513
589947
407818
855777
874068
37269
39234
381246
78624
753342
168290
619136
611831
59605
320581
815044
90991
740025
389504
321042
218970
32589
843911
840815
811261
696091
898509
264489
149453
129900
582315
313146
67529
488387
97680
418717
396676
766131
34230
618396
523507
120777
885511
602243
981786
520721
647171
287516
799526
455226
974533
282054
69174
269373
843418
379797
983771
190833
91694
12108
160781
280446
516533
570895
493981
965039
466668
950947
168261
429471
818752
708499
239071
970512
688419
409561
492775
278499
53982
649752
748097
396327
74952
104421
701434
99414
634390
978474
486464
59015
956107
979307
770797
426902
748656
212620
213770
249128
347391
611566
978041
748915
299177
379111
733259
423381
298217
80083
432506
910797
650877
658370
582870
451887
177195
280819
883758
994348
509415
545324
961889
747237
122374
606677
585897
800144
380981
838989
851138
112939
3236
670748
809300
116041
890737
686213
520805
821915
831136
7848
419809
566440
321748
598813
540916
332953
427155
891212
619527
699769
4738
877850
761016
50269
489106
394468
1367
703881
2525
906793
353356
320919
745249
572336
400281
802904
492582
288700
59256
270943
103635
505601
352312
457631
946352
410508
391959
720524
385534
930484
832260
774228
33230
705878
121881
854800
111340
746630
341157
310325
716134
637054
118365
46771
182119
970587
210682
493296
436008
491629
880119
196185
445885
263234
180018
233145
959813
982975
323450
149619
844349
311430
525825
950390
308366
597149
59958
271020
387843
972771
211512
230907
950983
27485
827461
939167
586301
467463
661719
631803
932099
259065
242721
367196
307002
576078
332851
185031
252912
122285
21802
145468
646086
876889
557000
792019
241215
639607
379951
378503
371910
444062
319309
797661
726595
808357
549344
343881
427057
449078
325237
123652
770671
878103
578301
805875
639649
476287
26948
582251
624465
338557
418930
995498
81859
788776
176827
332812
115115
54544
953210
44998
328101
219079
83742
862507
63023
195326
32989
122671
786959
764378
64916
916345
710613
238088
47005
640457
78802
10428
706373
499399
310810
963162
534521
525619
338296
771125
35782
716836
985119
340008
276951
451322
238363
615538
165052
733801
504331
534555
998492
755849
404350
233522
868677
640041
42811
176650
829581
286089
866435
758043
395015
432651
357795
239077
592207
822049
854128
141600
497872
890066
312924
970073
379171
436928
172884
763417
313000
204199
550599
891391
166427
145985
468208
763664
944504
591324
951759
559954
649316
131830
879388
370619
622232
535611
869667
835080
337163
940956
904953
32004
754867
278913
665543
742273
676447
559307
101115
304323
56845
584901
886292
435644
294815
991040
758156
741542
973362
3038
304777
566850
514852
981222
724130
554032
116557
664375
842132
186839
304685
62629
555860
324175
738772
442572
58085
248917
720098
835197
965435
139112
68435
244708
828007
265869
720754
397952
315235
612245
386397
978827
736850
221760
899023
707170
833210
430426
95619
102928
155871
227249
928911
500791
825841
827572
231755
952536
478895
559509
337742
967465
92127
976714
733888
696118
487877
965175
561749
734803
387447
24978
907111
753922
2595
581858
554042
306512
17555
581726
758767
722744
492577
624394
803423
285227
920224
969930
583703
3652
907271
716526
682577
423791
185326
701788
147712
780059
700082
72960
598572
713052
709205
36817
425204
41825
843158
243175
921096
644496
35470
375498
542073
53632
799522
113030
48410
274750
9856
157546
394978
419314
732874
844080
231223
893536
650271
892191
428512
823210
156400
746424
498820
646942
688722
739207
998072
70806
466336
10603
303937
853377
420521
293734
508464
160876
942159
341088
427142
665590
512879
767477
576311
190797
120424
97619
730408
160906
579019
663027
607151
328228
729157
867235
456648
129895
974195
338125
351915
573991
325870
382305
565218
904273
675591
85222
656826
952276
125118
782323
509386
126314
443439
343121
101356
746606
973881
631210
866271
192400
301514
690192
181925
313055
752121
214890
195119
584103
398277
309644
248856
999707
177177
790640
177046
432557
407465
955166
66048
224933
780990
742578
449001
515452
534078
899000
19108
237172
539987
856743
647864
279519
426328
379874
29513
537654
648605
105125
859709
517088
23058
19604
608420
928727
462124
619867
676910
1429
193371
366208
497761
779243
115292
712379
521222
88508
288830
650596
638212
979315
807970
724792
777271
367410
753929
47936
14533
911400
745478
31521
342237
407544
671638
862083
394909
49007
158995
217097
230612
169297
758739
920140
84697
746823
646668
269368
727836
892623
718547
644714
263171
883247
875228
661154
422383
137442
998751
192533
619988
328551
592647
414816
37746
289299
294425
364274
656070
455102
634715
661481
489455
329751
985508
130700
231754
447620
468149
807907
455078
215971
355050
60595
183236
934996
79006
466214
883420
964773
642654
179569
888732
180651
303814
513336
872491
915459
941182
736699
223081
563810
428084
450633
46984
703546
326102
126221
551059
3756
389263
296178
372680
829177
292296
650475
521514
884316
999978
404709
690022
672019
650304
763768
165899
203027
561707
696871
491766
373837
432734
627109
30054
141643
946071
777932
367261
401586
270735
282206
935018
28736
847736
342836
155835
3161
430958
884763
546554
425471
411939
300962
976402
973103
669638
298828
627751
868771
623906
908938
335233
587874
974815
904235
718734
563470
525995
474913
134269
250469
57115
983596
674349
263045
550519
631622
899252
30206
555964
161231
631821
445004
630015
284379
777354
82413
724887
893058
441253
657320
805065
935753
176937
947720
608878
809131
515429
371144
427103
295087
829300
3172
638
377635
568876
122091
60572
56798
969426
597000
736978
972523
388395
756000
253120
275435
997584
987366
838515
355248
439883
262808
516773
439460
567319
267544
550476
134394
974239
907132
418493
353541
362470
129120
401350
880229
364757
341473
754217
469156
131797
692765
542967
642179
341169
704716
280652
439520
416205
339777
737908
415561
852701
596093
671156
506423
444013
285523
148122
155122
282212
600505
855873
269461
532244
415918
825569
471163
163395
950723
573493
172206
257054
94993
598383
417929
842341
508002
296814
828278
777386
234615
108787
373313
356086
371262
246880
203715
197010
784611
583045
243196
957086
434979
928651
968051
611229
368010
342487
781799
706135
928403
987335
676787
964419
192203
646540
617259
88116
854701
655123
359910
57912
28915
475622
741767
204936
432608
424978
64292
520817
887738
259915
454105
667953
803302
221110
560271
499721
812775
289871
921374
69452
179692
421729
28014
312071
443521
178772
37066
410729
613180
523798
843076
106905
266125
404610
802769
569641
516026
699380
777235
158787
557383
430662
637597
790952
539830
955446
182353
306037
294394
584778
686216
283581
205759
215760
637766
86517
373950
968598
433663
445706
333053
797639
301673
564524
858842
36141
467471
851012
385872
421615
723819
929236
304749
303916
348760
915000
116416
245903
372839
200565
418943
23325
298981
471317
233475
976391
928933
470036
643464
632986
789082
18857
601867
972954
910158
544698
349894
900319
627012
484097
866899
149330
495215
534402
678804
253431
583662
297298
410650
633916
196050
806154
205421
466284
931676
707961
951228
705123
502952
777194
287984
643691
547200
789584
828396
374677
476755
48211
120057
930576
419453
299954
523497
317720
891707
876973
969612
554812
645819
516648
762256
428016
367495
26431
544419
643758
275762
285799
520285
715344
59331
507810
123796
874436
816127
831840
362902
891443
343492
933473
349972
327554
558331
333064
693591
649339
525063
875476
700006
352502
921341
729175
576207
800661
453861
302885
890620
615916
773056
281625
499067
34038
83107
612902
881225
763672
188007
336306
791839
249117
200503
455200
767987
847758
837511
268142
497495
465681
230397
49044
71422
53694
66047
322424
955742
326837
157373
913533
413982
719430
930532
442310
336356
224462
503098
259508
807212
237084
58352
497025
733362
101808
277395
990948
426998
734649
738400
868089
450637
877473
942982
529346
844794
938560
401694
590144
816967
481524
73745
294999
726376
644825
511646
70995
780570
600156
246069
234152
514632
294360
194647
40566
970723
113393
704845
811351
720808
208926
91845
44680
889001
341691
296394
413277
730240
699576
78768
165923
380048
879474
7433
917578
678442
268761
621085
432501
108282
660767
702760
737076
3971
971521
81987
220542
945630
896262
418682
464071
575087
801988
638683
326962
779600
277146
527589
463119
611807
938887
258628
703231
106977
42888
637971
184514
8592
759854
383633
417014
711799
660295
202096
178403
517622
384700
430144
366474
865281
33216
571502
470216
802933
402049
7069
48077
33144
705428
781254
261079
274896
890339
484120
84471
988197
988642
110959
20086
198678
846917
900933
616688
477020
367425
96341
37849
485691
232480
372764
224552
312836
242921
165269
5985
93042
502086
490309
768153
507378
4956
5609
85811
732847
403618
231257
130419
924755
268217
859333
177487
803820
993764
345537
906125
180593
825851
427868
366686
428066
62805
972856
492413
143624
173689
914333
652910
745166
268200
212028
392847
29642
828673
684565
135845
197932
484129
998777
930599
92786
609133
942681
798646
655152
959056
817017
321226
377068
195907
682800
288440
599903
676457
843402
72371
461571
704574
969424
328362
11069
585772
534589
297573
646765
981636
194126
93659
808773
227250
898042
978353
647507
373290
45666
238029
208343
39448
493810
167637
694387
702916
29214
670552
603557
727695
72259
819120
620417
308687
32066
641312
573599
194282
956807
742047
635825
678679
324540
119992
301365
217527
567018
806674
526094
393136
763723
686055
627505
744599
110847
318745
637243
946772
807502
488343
680920
505690
581400
535143
240022
467603
4539
145631
384588
630997
675538
879116
104810
706175
640324
950440
894038
141591
113322
499733
823305
932549
332375
537861
665484
556554
527144
583160
155185
4739
981364
585772
117222
63837
80171
235253
24594
247085
735062
683253
882077
445344
645886
697744
261838
877973
926841
618594
952892
291610
289137
797472
672884
726029
408775
804396
588589
229493
422013
652515
117899
290239
559956
402378
800953
13233
263624
381250
843416
967348
577014
321598
864834
712658
395286
241400
746481
3311
213258
607855
595211
926039
744736
633003
804432
443053
377849
30447
260166
631261
244406
58075
454799
596296
925092
87143
317151
415301
138665
723728
149594
976240
170137
898426
31378
67869
451193
209702
895812
336124
187184
475220
555010
804015
160366
761957
906249
186687
213701
764168
756483
659273
619277
778512
920056
55101
234835
970656
361028
910591
711927
482975
289305
46466
881560
637797
683922
910535
591507
536304
312848
989456
845412
192351
427243
172234
643693
598550
176824
164045
118421
510196
837606
454014
183335
215027
35988
401811
410747
40759
360006
869054
325662
818807
111605
825636
703344
152826
780004
66444
22673
211969
508656
651782
668428
532308
164798
360428
639716
219411
85187
987285
538734
737338
267368
312608
160934
618182
656317
698533
644032
129091
844561
245643
518621
867321
897468
913870
579682
858541
935587
872298
904379
633704
575031
847578
195877
483188
169262
963201
932215
6057
326651
749002
36600
351387
341200
224770
521726
905034
822994
821738
754659
676670
90652
893700
132829
502438
490982
706828
367149
435046
32550
607959
522705
889448
598328
360238
480530
730191
124023
423440
913848
118171
430010
286612
68406
76492
255356
148460
408566
27024
804853
494677
391944
573879
179694
386077
303513
443026
592380
473708
648753
595083
979757
32293
360403
523927
375557
746783
433598
519707
931705
719763
650605
405765
173425
158850
297203
749688
563339
383090
448485
68694
115803
817955
548235
270022
632948
676050
973748
198371
307180
402413
91202
284666
83309
10650
455221
728403
125320
707648
780427
414518
113001
994226
351205
899497
613961
730548
41661
7805
431239
821305
151250
79863
252463
259822
1021
920787
998274
691247
410754
839236
211292
384643
589803
929826
179212
758247
274234
719800
416261
741719
343120
168015
215933
924895
281450
538014
863035
276650
514585
361292
525033
256672
380945
599011
106343
198623
37301
158265
617797
244665
751621
917286
727597
290999
691098
828089
829234
333605
204672
592529
611826
956024
896374
693493
769562
930687
525923
659118
600034
242284
253569
299594
776448
451186
991345
359466
575096
971348
500468
244804
664204
507978
815755
963602
297962
935365
779514
149649
988034
804910
677868
586892
690692
66981
71972
262723
657213
501624
228421
405510
62587
200003
404181
215267
573413
353320
614383
92051
408716
82223
212490
642126
862304
569278
25846
250554
965713
304820
399008
632911
844853
936787
406538
299547
894661
556264
138769
246326
408355
677521
928054
94017
455555
895564
812805
57370
617778
139016
3567
92835
721385
193071
400325
154963
242167
307048
794271
505522
601563
187198
21837
21982
273091
912882
385186
605456
323063
437025
409244
609579
980863
225489
495994
77290
271005
542268
214883
803403
109469
838545
948821
906918
495357
382054
918718
479795
116840
904267
161423
33538
415462
492135
567822
296542
623634
788648
801129
951164
90285
368263
966867
484788
431480
863368
666549
625146
588506
567377
225985
525410
351758
259844
120095
720231
116579
461066
599127
364440
919071
932541
269188
502568
100661
527879
122540
690383
288362
225917
235128
843094
684692
503411
889172
571904
374717
267873
355364
391866
608457
311716
409233
403461
429459
683810
285980
346345
451246
2324
239770
775669
87631
187464
705446
127121
597516
4357
153542
252225
74669
672793
762962
748036
814701
47417
544429
440097
163121
453369
911852
765645
446046
221788
146925
300110
726377
505241
198731
704052
676295
946949
161988
348486
841148
209955
325415
436329
409463
636209
557144
10523
233149
720959
609062
853584
902572
608375
147061
980762
219800
956175
161794
849221
832958
621863
584619
24431
427278
66387
231173
897333
952565
859439
419441
915531
363233
151125
635022
822403
681949
15366
265138
494356
960814
139680
427879
999316
272463
124197
11411
1540
220108
366421
60018
728491
821648
992097
371013
341348
955627
91452
565425
571556
645986
525263
809272
734779
20594
776961
897489
559141
233313
686668
308731
436390
887225
411825
6736
313693
452166
598669
160427
146823
732764
556631
389238
954932
993696
790143
470270
666372
577974
365503
267213
108063
602424
604263
610113
438582
137446
406465
610603
416097
20879
923805
72560
798151
200343
202538
819259
900734
864676
387787
540755
16970
932134
418081
790452
471771
961508
465419
141277
933948
147719
869848
529157
358877
807774
216244
372126
637337
187040
259953
56525
853500
877835
190117
47303
801419
488925
937165
140837
876365
244684
339130
422581
865572
173261
193943
307717
154205
608386
378304
20041
57674
477591
141539
689908
440050
818723
996410
394184
685572
666655
182778
621285
973090
200577
153194
985350
414216
364634
777353
989010
542314
486629
737831
739959
443835
218954
129259
983169
567378
255158
934908
973930
304204
571071
755363
278326
571553
52666
841059
567802
566942
15526
577505
81845
566193
101347
998612
603918
866838
294824
590135
32563
64297
728432
26390
861138
497671
338730
319221
338232
379013
847176
199614
771151
677284
435520
661651
198755
96834
253102
715506
934306
201330
641804
734729
64158
877448
773377
796973
591589
764055
797620
919312
388682
979582
623372
93172
411488
607708
713600
575308
816299
269706
2225
103545
885772
563095
837625
847179
921497
622583
933650
645723
722909
531502
67777
704629
798572
560636
443874
468651
679746
71614
705575
209309
647317
887913
352035
538829
370828
419403
65961
475783
542305
285954
857789
451398
797438
648818
725459
799835
281840
255682
971092
601867
904309
873983
330296
842917
167443
368574
42417
835334
275845
172953
766091
113142
548761
149526
761155
395524
502847
258267
342474
197242
654120
370243
158209
68776
40014
328998
461156
979484
651438
701235
716974
672708
605314
355252
974290
354920
568733
962850
536883
181460
874933
824302
976232
120109
906589
189619
523041
764802
631462
23370
359275
691369
859625
536498
552657
120709
404380
407400
807768
438218
782649
446652
370241
543371
191999
506105
965382
143200
911418
640571
894817
480914
840754
810111
899036
889406
29226
446548
237212
980138
816927
530720
224369
633474
406721
884760
702619
933899
703827
965955
669627
344760
406254
214335
793990
195827
413707
435193
785627
352582
519481
615948
677293
764316
906236
620291
505251
35774
92632
631339
884557
700264
324999
477597
999049
115372
161083
635049
475801
938908
916119
341427
244448
114503
442180
892840
975171
933946
267266
331074
824450
40118
167707
348241
832833
277484
335455
972754
610254
507973
402603
430250
901115
778835
433711
654703
126483
425786
631002
636728
372008
114219
299347
830315
609462
116076
17101
725343
123639
787145
589123
960708
730217
712750
704620
884987
489068
941944
86251
292750
657055
598659
93346
284848
535532
381191
547424
861345
586339
337475
840243
514525
987335
99150
374988
334757
963827
270251
147750
524665
756748
640514
757101
915706
877371
611340
593965
251607
518307
46091
589564
79874
752560
972446
370491
435756
59619
949246
575589
819221
381802
183484
689069
628456
243429
330283
950762
476307
896251
627006
69417
777741
446705
226043
60909
317532
595605
279596
181735
31628
982119
887449
300571
258910
348793
993667
189879
957560
159494
379534
420298
490073
539023
203550
371620
553861
123376
863572
513294
710541
731071
256293
578428
353439
337903
847788
522349
770694
972252
507480
863556
66831
82635
54060
118866
520093
293161
74648
458815
241491
589738
283778
308927
943873
442501
208799
994834
507871
601047
685563
98749
780841
862249
35601
584954
329249
753838
124507
630951
473311
170814
70523
223849
929393
743055
381989
765091
672701
916110
797966
547217
313642
581452
433310
195823
451207
651409
309529
171309
710701
516803
121967
555464
60515
371478
616709
687817
765479
633361
247686
514810
953239
660821
346037
18117
841385
180094
996047
796829
308919
632803
709353
132079
832025
236071
469995
943769
810442
488107
306298
12283
79181
185137
528247
237558
381388
501158
649839
244991
363729
656644
827854
654450
36364
465291
419055
725172
397076
303683
899059
384042
474731
192585
683802
551648
290376
20919
312082
946266
248277
114789
220339
803541
678227
912230
910034
661902
207126
332972
445537
695984
545567
769927
702702
548491
879779
296412
160327
497123
955036
850848
217515
469161
192080
448139
227459
549204
211865
803996
741239
994971
696591
190211
318822
264635
543058
262955
376
856102
878599
485005
813995
94377
456537
611746
340105
19098
692454
918871
965508
588169
960758
942157
345830
345463
577914
583964
968610
197667
710043
185295
982659
987464
218822
791736
164113
222416
735723
359099
615383
960753
701980
628691
416888
786376
771612
65019
536600
291164
68760
288612
10010
443532
590113
151360
587161
16327
787756
76066
333778
173693
107316
524665
992176
166295
634126
432182
511721
99178
519231
159665
639019
579339
881094
477531
353882
744578
792586
176897
463344
585663
373897
548198
967542
229824
158451
335532
614286
457550
66358
271693
57423
769006
435895
699772
657813
716923
39512
907402
866965
774403
270410
525418
881131
550692
190137
951183
845411
592818
84056
197892
439496
360347
514143
724113
995880
237448
360938
94350
195743
233258
772450
4435
995144
160478
103231
922439
677032
54471
576739
378800
787662
923132
820439
315486
725245
377776
772008
925352
180533
916143
293652
789618
275168
875793
809578
212162
79370
669646
609700
916486
414445
178234
80576
299283
47835
894945
364325
92649
164031
846096
570328
30772
801480
222584
459592
376989
163931
819853
404502
843975
470113
707883
744616
337924
21558
420742
936508
13354
970063
685980
612432
908630
139849
989212
605048
165462
725674
707363
926223
843878
55142
696316
857269
685754
375152
100557
307465
62205
749348
787140
952859
815947
943543
799236
506008
587448
387910
453266
838483
458688
768357
450906
586650
30587
655992
184230
6091
974567
946662
612678
255207
350588
391307
919591
682196
394942
187484
914721
706200
865994
955480
862909
629345
776787
11621
659318
465136
48332
799190
973503
943888
202394
692432
164303
577460
656608
874866
549978
920503
917178
276919
639756
579069
606228
653315
132409
134667
89830
502401
668558
984471
637947
829982
945242
749382
82155
692037
372064
287440
231411
274737
459697
218343
58593
343689
583595
466986
487022
101313
460203
100813
313875
96837
774896
485932
117209
80044
89191
139067
911381
9283
308634
459188
340030
688235
765020
285628
992894
888117
609852
867467
58666
229126
76935
51131
409464
641653
735078
801405
247822
497169
299526
963726
610835
726138
890945
232130
407285
409252
817668
858664
856900
405197
266357
719797
180270
625334
499454
245633
548222
792916
912637
71066
397523
281843
980861
130928
255381
616638
950856
99759
456925
968358
907460
420762
319168
452874
684125
697027
682606
453242
730858
226308
666996
115303
309429
289102
974205
597824
242309
860916
310255
950633
328985
483773
885740
787045
983379
699200
393615
731705
30074
486742
853989
393419
554877
975463
345863
426226
273508
335654
301406
365754
337291
961880
30126
357348
535800
611679
498119
192483
727034
483142
101866
989394
386835
137770
656992
700031
763518
878994
274933
103874
343736
533076
210748
694829
543368
289300
803929
113297
809434
598872
967228
326251
765307
354550
929160
867624
271122
151391
465639
368419
70305
613230
999192
768743
369851
469687
500884
581990
939297
399027
825365
525857
812870
993795
662349
727697
955788
680230
817325
190523
201216
508125
576506
15722
537468
834321
403825
116953
758882
896650
943009
176159
398050
55574
688326
990017
594059
820356
443773
138809
560380
353405
608039
697483
143608
764608
504437
707013
919726
658539
504070
576269
311140
183076
839629
580775
408856
527428
698683
109495
324038
373130
663855
811506
100538
998961
120462
503513
846290
495236
783309
295471
719501
777186
88531
948769
80271
369497
516977
555029
757046
678879
310818
964360
73830
785974
444112
59449
162464
344818
308690
720861
846440
940175
372922
174190
127886
609896
659160
262438
632014
115470
167383
27428
924251
665776
805392
221974
767734
402319
812109
538588
294082
792348
268044
338887
646072
616202
244116
289718
699351
538224
567547
779694
725740
314722
388984
415176
776879
288085
570700
506347
37959
327548
845274
206642
993399
398767
232348
620784
880011
848185
205819
848096
383888
336560
488738
202666
216419
63771
972494
335070
616335
185807
895637
589098
638759
456237
550593
81542
966208
660236
625183
650456
268352
200684
902950
908774
675043
536097
153641
885420
458146
675191
820928
610408
718657
691781
364547
376447
851004
362495
765726
709110
369483
847859
673778
459070
161016
303890
448710
110955
789758
680260
390947
115545
172251
540307
767902
313357
946120
695613
424210
972431
402155
432265
31531
956759
950135
877268
769671
490796
392666
961223
177726
398417
68507
430621
45259
131689
315006
12962
23237
683904
980626
187891
572667
791885
875290
505669
389871
733832
728349
149572
710200
278036
270940
570496
911331
620946
441360
332251
96450
611606
74668
519347
950006
146143
783575
473954
566828
424497
571807
694233
656663
297766
283438
131624
264246
481467
788711
31161
155973
153577
869821
542885
771262
390536
506598
527816
637951
824420
158774
414285
274752
349652
758158
835463
461122
589195
612633
418449
158448
709119
474261
870506
510434
593024
853348
53850
200691
908280
15963
612917
592276
424953
376998
946377
285289
140776
796204
343742
358250
684798
540495
488545
149135
656147
710282
817762
694324
429391
25566
297738
67446
611705
511814
878624
97311
631781
898648
638395
321678
331925
232328
100573
290257
263277
949127
523714
40422
402157
166861
986805
824932
929330
976123
88093
418880
908467
895207
82147
425366
927561
347367
834082
239505
743620
691704
378253
456555
301688
627498
64393
241048
609067
982519
611683
655556
786186
142273
304108
62468
36703
682380
212414
954894
126892
873242
43191
584761
719463
567703
55026
642903
410569
894075
644410
311358
787879
541155
49660
610986
66612
699122
525045
334972
811035
114489
21629
610285
839365
419129
70918
75663
698427
471276
544394
29633
230463
443334
987405
221732
194657
526535
87832
78728
24642
618839
928106
409411
103938
47379
673884
546710
826493
248339
364276
492797
516508
543561
619468
38933
890570
417971
858810
551855
494834
578074
285723
836543
118707
7158
832910
609075
412179
647684
637216
142109
335296
780037
628110
615155
371843
392970
832690
245348
386537
377019
469028
625977
745772
933027
749769
526985
827169
459701
428188
15972
869342
919618
88165
936186
247552
221341
637718
98086
101683
47717
224127
675032
436962
43801
188024
495069
51537
724731
557815
459291
819100
847080
889824
145461
333740
173198
176350
739500
304591
864814
291267
932087
170285
287195
238302
839449
754409
530019
822298
543521
849967
568245
746262
510133
162894
790010
202206
829595
154934
137512
277767
202594
959766
147000
443434
5895
199047
319461
558250
561607
992275
843337
950174
422498
77817
406538
949068
789265
233974
808295
769647
291377
91593
411353
630577
20658
652847
991328
284370
643414
676137
755467
127186
333204
312323
126155
106521
159955
932955
92027
910250
706491
821988
458947
406674
702474
378925
821856
599275
965364
669749
326441
575301
379622
206455
858336
891551
655342
157950
428095
886793
451924
80611
674792
59476
866523
724578
831107
1857
941234
369455
60500
520450
22531
778254
834733
266714
901208
957095
848655
787443
257881
138441
463835
612467
935569
850280
446713
790077
136300
153022
968490
1970
935877
986569
500321
733528
636824
700482
727197
298592
781832
107919
893241
273420
615528
648253
278888
542646
847977
977746
752367
571171
719666
636581
588042
175695
90290
429792
547702
885204
822156
439326
180097
33286
200099
720839
753769
303009
606898
409024
958049
230075
337206
558643
930394
379954
936137
342688
64370
73411
801722
249072
162539
17117
502221
918054
871768
53531
893071
910153
354074
568268
569345
300238
88986
358159
992355
338010
264205
771414
815767
245960
610075
960971
999091
112555
497283
817660
244463
991340
904171
412036
137040
444054
382087
428478
943321
221005
138370
902557
164941
692685
620156
954362
337280
48830
628417
615284
648423
488142
124202
571599
336092
253377
731151
888132
677023
624523
116879
534757
56962
865085
681828
899401
535990
190696
828743
270522
546841
352970
894224
976470
233080
258204
417161
848308
871423
96744
679344
141751
987378
886568
219193
129825
288044
22670
655040
609121
903216
58432
933686
655389
847387
278532
972978
153127
417418
880419
372330
853167
338094
292962
407765
590053
904060
740114
950857
914133
807317
108577
908558
16531
509808
68289
996123
950453
520013
484833
712556
138299
528064
646000
456245
331605
274434
74664
412366
160499
417672
274671
884444
602603
423067
154232
498978
711823
471976
674107
301016
525991
685609
50587
63976
912570
778887
554891
816784
357247
426005
723944
680716
619639
330250
833503
319930
750955
522031
347215
290638
228747
637412
855657
20844
689769
471712
435030
377664
979327
981086
259995
639266
692499
191826
298538
778522
591061
500041
298668
120026
684539
380129
691668
532077
399656
862055
42042
341031
137885
657042
779761
578953
580093
486692
602448
790395
81577
10010
255895
710190
53896
657044
1955
184577
283178
548129
119525
282322
521264
172027
928899
370312
396712
714892
175344
127554
631146
531768
501084
724592
629523
609433
398773
534753
196341
156535
179148
475928
20019
52908
152119
716841
85948
830274
267175
790237
453912
316996
797644
535349
660474
786499
804256
380698
805694
642770
887957
997306
714881
757871
320637
766848
205018
667961
484395
624715
166350
311725
570192
926836
593689
773020
11562
18924
300559
525463
278506
112973
142277
498856
206448
537225
737386
576113
304889
103923
47992
526018
432149
701319
91711
352406
890034
864744
378167
231875
65879
692844
797679
965795
581228
896213
396092
525156
465515
701040
248534
57695
591335
404590
238548
495319
470412
137883
272038
361975
155359
1208
876615
278196
250155
960421
917496
628657
494646
426046
1499
778966
613541
982114
808190
352501
782722
724315
598561
616570
706811
566799
200696
321946
23109
626842
342580
798947
93496
118838
749741
52528
396019
137343
914868
816182
780004
565693
970922
116977
996712
826505
960299
449424
443118
695580
568146
512659
138310
516200
559754
181196
868731
603786
132783
797921
439029
593724
803466
199293
93747
948946
180120
444319
572086
792790
556755
845640
22193
499803
739929
965811
80404
446715
531463
920460
2082
99829
507442
131544
363808
961880
889521
755930
772094
631642
594211
117153
795327
155070
634129
780853
439196
6792
368419
145981
968034
281079
90238
277275
898036
574384
29486
982753
87113
184009
186418
247423
300114
721209
384579
895311
921411
735703
131036
278172
442789
65008
272913
293828
11871
187242
666233
213043
386063
334914
697134
129539
109844
776831
577111
621273
347293
203195
711215
831384
839532
915838
878972
433591
261631
151880
801580
447853
342584
528446
471404
519092
359215
652808
179106
694039
124859
477729
895152
172213
16113
845703
391338
418598
39610
149223
840383
68790
306313
7190
445737
978592
688904
832152
285680
718561
738176
741697
112671
636007
310723
125230
576522
814245
699316
759446
756038
76661
854564
976665
392496
836600
876666
749784
295756
50931
479303
963140
135924
873906
203650
249136
373289
396183
794624
766192
99943
374025
498694
171188
647419
967883
744203
246355
754036
924232
411990
311059
705702
134476
370597
262899
512280
947373
646603
991297
686855
899703
870992
390681
450140
536734
171387
635968
547300
255109
379554
97372
662935
636014
456608
908990
398000
289599
122819
512813
288119
474986
946991
574350
384515
820373
167481
285074
87826
531850
725037
896731
288826
782465
302766
721273
347762
161845
547636
136695
693254
204636
868499
65653
420608
487593
185980
192141
125273
506286
944861
514542
996186
205717
678190
649787
98229
428490
769
445771
124936
909321
301203
260164
43358
758839
552732
889858
458550
320506
654724
225374
815321
536917
241316
693634
309945
616448
196368
507032
323677
278382
80041
525564
500900
365496
401465
41804
901430
868047
935625
501334
283364
375602
864303
676778
286338
310258
145133
401468
516640
951092
411753
306397
879425
93995
42816
115326
716782
781186
99782
968523
257894
400694
26505
353674
643245
365429
297993
847729
645878
658918
395972
193966
842536
729767
122785
219666
238460
719714
227666
34086
752940
12815
134601
734340
6935
56572
589104
140025
13141
625069
586937
380104
811720
182165
445364
819980
452182
556314
464806
687342
108655
856497
800388
759451
190290
569733
70666
409039
91592
474491
976704
855767
902003
17973
140109
863638
451304
955385
940696
466953
503847
379155
741330
737203
155890
433027
99657
506384
397103
163741
120682
229678
383800
263885
266946
968355
239544
297235
782871
727253
167999
608929
204128
716449
963300
457336
602979
708333
226627
864745
463863
535272
926851
133931
919525
147922
148099
2235
207798
621251
632989
610869
711565
448413
513600
794985
4167
623097
901859
31332
239843
816670
851931
116645
462796
969740
302671
92851
472249
41156
737846
149439
419236
176639
425348
123550
717028
930758
350745
141937
696804
79307
836082
796739
683366
278383
69289
967088
270830
909807
541233
242606
857371
776982
633536
753977
851155
129281
839095
319248
110286
903160
306581
796716
487379
188863
929930
445000
807231
147295
146979
679942
861111
253121
250983
882472
972986
16835
653603
185994
482410
46599
117849
183791
640518
780343
736766
606357
485033
406081
823550
115057
403969
870073
949372
718646
223934
841535
122597
675993
549663
890717
653539
547455
958301
539152
329942
737507
797800
511547
342766
895066
832014
286455
571018
244756
218381
525503
779358
113765
493594
608814
494536
112426
974737
283251
356728
894877
788098
642001
479018
775141
109339
812150
699597
97209
216169
224979
941329
264988
883198
427615
216111
854455
995596
250946
630686
623848
199212
500195
286149
54673
543461
243848
580769
518211
350472
10508
176671
583765
394463
519907
827315
438765
351244
370262
731414
580927
84929
469347
627076
160844
134767
389434
101902
786726
672751
217513
849191
171812
457637
507397
558658
121153
135614
211556
219852
125119
729554
97876
401398
252821
667380
531667
728556
670099
614211
466573
643596
584329
51569
98634
241105
642650
550427
96258
300035
488760
658364
50969
539476
836473
669006
760044
10809
792048
805090
981301
93298
358523
300486
768847
766696
223289
734309
234239
981977
216975
372159
310487
104735
855386
528081
683396
27399
492436
80224
232508
402604
50438
146383
494879
192721
74147
409016
290196
499460
752512
853955
324079
242110
933117
352291
288343
83811
472006
301277
705071
946243
269030
844114
916253
626706
593517
672400
629758
190990
180885
882740
385200
770723
552022
137217
398080
318446
137681
572205
172191
437434
190278
217025
384505
690786
360702
183762
835358
122318
372406
599933
421429
271993
344491
810793
456909
269320
415480
442622
485365
755029
961037
3413
319848
697427
124301
864919
167931
370513
159967
13460
123156
747677
377153
143802
252203
570239
211609
757979
349160
583194
49011
319512
295721
803239
847592
329689
183137
821002
186440
774360
485994
823420
825839
382292
156476
632361
971065
78626
960632
643237
615712
410294
577530
586782
139062
972389
902883
868700
280321
890542
234180
390080
98494
745810
904632
798689
863624
262239
699737
28223
512718
321144
455641
41890
526743
914571
396838
549527
856110
941825
208918
601398
113491
128342
279279
865130
636585
82298
260334
667294
314519
955635
136216
21909
392405
417747
969117
678453
461339
161807
764422
450815
463620
292646
24635
151722
989510
192676
798492
751339
779329
908732
590523
702466
993256
403307
301094
438679
121063
475517
283706
598722
829303
139255
582869
832242
827609
26945
871161
564711
578061
835168
694584
189945
861594
256438
138358
115038
350682
761958
756664
633804
582667
546029
770119
290897
357475
725712
585309
867844
266120
122260
509614
605254
323692
806381
941659
903723
931214
592861
384900
100203
283754
413572
486600
839611
633053
854085
15780
964112
646037
405123
293584
137514
118766
417840
788568
784647
805781
654094
530739
912682
519846
74590
911774
337672
147900
8177
809615
323317
752346
557219
597791
585274
836625
349212
768882
426596
971671
356209
280869
389386
238252
464276
221234
337055
884692
951760
389315
628951
969943
635286
805268
884145
636553
934728
938470
335984
854365
858034
442059
652312
498085
908403
617798
778693
539584
737840
564489
941737
475270
554029
11089
215344
197369
504375
278953
793974
594695
841854
471636
103440
231123
733393
423348
144923
691096
110922
400364
635930
808920
253340
463787
406571
351252
353577
215836
682044
723462
49558
731800
675465
28935
877397
32727
993230
245957
899446
298122
417393
590446
535039
248337
116789
643236
722973
250896
248914
708833
459676
714508
148778
931513
421028
211512
972213
732583
448066
813755
637428
892699
318117
811350
834531
702723
87137
770067
672932
189807
57067
274823
554617
695601
948307
791810
638677
616789
502923
280292
473311
147203
663393
919548
621590
742871
842634
443452
649391
423981
685067
525005
18195
4439
211117
696786
196972
70072
341828
163778
723395
127512
825997
655459
970100
638890
64556
785904
598081
422113
375576
125357
420352
938061
750766
858593
829660
27138
165695
667961
967491
754006
43843
274549
284165
58800
420322
162223
776983
52019
905974
771806
257167
582469
871996
582605
236583
694667
351028
264882
155180
127875
988227
42521
569685
228470
945667
533644
807669
554446
495516
998124
743433
889860
476006
210275
487925
332288
581910
871040
733111
337028
422906
983402
245276
319914
426521
565848
81872
989709
575940
645929
697998
171538
621037
231037
417323
656753
841103
348268
990198
335424
808605
649052
917631
76253
410896
324763
76720
336061
638990
287319
449942
919751
49584
614973
422830
896951
592904
571318
293159
573770
278098
301715
488432
114199
179074
687969
760129
476792
56545
164551
843374
505388
917556
870313
2397
43687
772380
212682
658673
482670
479680
519178
891223
574809
665537
591986
218733
400706
779647
512662
218963
664018
827295
469069
648897
412778
637892
205195
711094
868845
215301
881191
466072
835371
47515
65626
419874
4570
88954
398252
298129
917346
105593
487755
990097
534566
366555
390814
90023
770001
368545
218191
398777
29916
846886
576386
406951
934493
553849
935214
943112
190144
693380
238781
549753
697408
426015
746723
934756
294482
26741
273646
336263
293895
9964
504432
438099
565207
372272
668303
539853
283315
771983
225963
521225
790281
414071
881096
80842
922704
205724
451639
580626
172520
140442
959022
691786
175149
776890
271058
703698
972742
763101
855848
120390
402544
219121
465727
762802
958544
581003
630765
30533
607277
883985
216859
235360
532857
103137
13796
949204
923080
986192
730701
650481
519577
12963
297917
37024
803207
354616
827907
900706
82875
854827
854752
504293
482235
838590
661595
89882
864601
603801
211178
750897
804248
751904
66473
378631
790223
455183
512539
69601
264727
105723
497741
471453
592362
674634
997345
316907
751691
456121
172371
911492
592005
388988
24370
852660
974826
394006
396156
426084
73836
367512
640027
444143
167574
483840
715755
583305
272976
899298
864291
886865
380779
297954
26159
137103
753952
699727
252808
788941
672561
223357
855936
327375
431013
4253
144897
899809
237948
966976
246930
750930
698993
480134
510008
573679
413643
534114
832240
810712
786602
236877
85212
416931
907128
801498
73390
847445
484309
232779
350126
917352
732817
737356
461573
382774
285419
332136
43309
123668
734247
484267
217154
584807
717738
878741
453529
42418
549019
81890
433482
959333
435870
882472
901754
138871
84693
976734
475451
981696
460607
76438
476891
883943
410942
297986
64378
191406
1584
773914
421801
33001
850943
670547
249007
412735
174763
670630
250217
981692
507968
475904
551730
210907
637980
677848
235061
823429
239708
856884
828172
523796
720117
362072
33183
558590
988608
745319
887337
483736
467507
84951
236745
828500
922817
211698
305798
28956
677829
126433
954192
488676
881767
638735
692903
235191
765489
557793
428585
457377
641332
620508
472067
203283
560546
200890
354721
948020
616376
87909
909328
451677
339930
763392
328962
172600
902361
87714
185941
386131
705629
812925
352573
822994
665965
813083
110530
292918
8021
358632
980748
947876
48249
252058
265552
975861
306751
786193
937036
6448
55787
804551
5335
149855
877159
67184
317882
220381
106265
704555
400772
536386
89421
208801
607027
943003
158842
475285
7618
598169
909959
433357
785519
62613
737443
201464
578128
449308
629996
599144
501042
825701
585148
60118
657498
398027
708655
353431
470080
743448
296715
404569
69454
284902
568627
848758
274434
631203
842713
398612
773696
222225
260499
886131
864049
466341
471890
839024
304500
347043
466250
180767
204293
96222
616477
597038
930376
501031
250849
779599
83006
222708
565592
200104
166805
200406
123960
381171
290840
544767
93943
643322
881363
743945
196084
273742
718976
296193
398116
288182
100788
811266
909520
9956
823083
934655
530668
154102
859791
265801
299546
66241
775
123174
282961
211609
527807
523397
92255
536955
69205
534009
953575
546293
380648
793882
778104
929127
4346
439376
814673
356913
534601
807863
10842
579578
503563
784340
250684
287007
11734
557111
162391
491217
927300
922091
156810
894719
824828
271915
820665
418239
896902
143796
803643
882184
400098
88761
753037
882957
363244
710818
44823
451681
955788
64114
582216
705656
349860
508309
906945
781350
619829
665772
439309
295579
296471
899460
90754
982402
451997
776586
408495
361055
646404
718966
162338
373678
317365
672651
736544
965999
320525
640044
804854
397612
692974
781631
824211
775555
250952
607376
788997
277272
908667
93116
689273
301731
334801
42116
367000
274454
119936
7475
107575
243819
813864
261302
417478
920624
861428
440542
312921
834644
646388
47149
331333
393590
545762
917779
248375
129300
818417
225023
489598
808942
383885
581776
639172
885872
878620
414493
545617
167741
963276
516063
662836
529550
623764
283043
911259
316721
401803
866548
325126
774351
459449
382572
831410
133943
483155
985075
212765
194332
339826
148207
855102
499078
925320
935980
721634
743229
727890
88367
468992
870541
272232
640650
570856
307029
838833
513022
756961
478727
767430
800183
226711
611286
11170
618479
95877
33941
738200
495028
908604
295549
879877
159858
452174
496835
23206
660464
119178
83405
230150
403459
905119
977976
772111
216514
738075
311440
871288
681560
23681
891855
634631
806137
253177
626809
222778
309782
256740
761156
639812
285749
502184
426632
278395
760605
501490
59650
471207
789159
576548
234863
783321
503516
309430
473010
605312
696768
954320
35276
112632
478019
623719
752817
288626
515109
663298
465076
96529
776997
540784
377106
848722
943579
522509
966934
786306
624068
723484
777357
399295
705760
155580
610856
434066
814671
432779
633531
683455
716788
723640
637509
547242
196555
944267
536519
682651
678472
796866
9098
856613
193216
645886
694467
839858
28500
116608
516950
175354
601554
794284
556274
689556
577581
94739
133860
477166
88614
216773
415823
394507
350829
73688
325917
633600
425505
166446
795166
393088
220878
136034
955102
836445
701037
263014
471348
331383
512223
383623
622322
846227
224693
700888
558293
279341
994301
65589
654464
846357
736025
60034
254285
989708
900570
36685
951656
12341
869147
887977
423058
906450
789313
328616
768106
899552
629532
519893
817956
317798
399592
930942
730320
611962
695943
329561
9148
344703
775092
644988
802822
947847
68020
729506
686404
717257
196813
393271
161510
247297
734050
12455
215711
101934
564025
428726
762696
10187
774921
555712
115318
876990
176454
182327
269247
905516
490051
2441
964605
356274
111703
636381
133443
378977
349851
387380
902685
172851
510533
182921
511554
867766
678277
697267
753732
686580
654795
56322
657798
316442
217864
656469
479298
308364
255284
414385
803759
885944
980026
960294
707623
559727
766339
605116
510735
257632
169069
696013
492185
815656
299135
514601
742506
718659
900322
559246
796087
265092
476659
18353
161293
660517
937426
984035
771916
928388
233798
216050
984388
765054
932310
518439
998581
198654
538500
74110
313100
149642
618223
186382
377108
722135
440260
679999
727291
802412
767534
818669
536717
420174
463205
100372
363672
519758
280498
609928
450767
172834
889888
961135
611952
479864
225199
66143
9759
398532
598116
647591
884996
627340
654356
34732
155896
202512
428071
930992
157757
108817
291069
423868
310996
561521
643363
660478
995631
139258
704664
110635
790992
512947
817584
484195
73295
765848
299143
904093
696611
546384
992041
631470
287706
578837
445786
64927
87875
165504
183872
31719
153005
40998
812843
370295
995600
803153
442836
37508
220379
922060
520060
242079
612327
901568
615496
462134
9504
529379
892533
473616
908963
788138
444942
685174
755178
170871
324946
568482
577882
468789
975265
962833
988892
538448
969677
735070
548298
856739
760832
288384
283468
790512
317789
485897
776420
778281
878121
354488
213555
432814
864676
832383
354015
581702
263954
68653
568989
933756
232615
468664
935686
810893
916364
759420
801958
285162
589506
932075
754835
389501
691481
707102
515842
646951
21795
683679
863322
910888
627348
11438
686344
570446
521309
953564
252086
202746
455334
397532
165663
2295
219114
424122
616597
483814
720002
152327
639290
779056
712213
364444
317823
523125
438136
171272
433302
668159
618303
256606
641278
575508
298590
107442
768351
185924
494538
279238
321618
797012
911528
219161
877611
862613
288151
813835
120434
172413
576698
682944
50924
338277
156283
17709
569888
98703
683408
435028
617793
595339
38612
879892
94183
609283
580174
9728
775644
376006
767714
50963
392517
892129
17913
264398
30531
654175
149855
666225
502639
883751
293883
575896
25417
147440
228851
249313
692844
475922
489618
690430
362139
523763
117336
680594
400739
350473
919397
977756
858260
89911
833271
597225
814714
721076
215389
197886
565914
284209
10313
396572
810509
362078
972637
775678
339912
164906
569896
862525
954173
942445
129801
562079
438370
87058
971676
544207
753137
433019
982302
763584
243399
588181
554767
394692
158880
866089
