301152
788135
901691
984535
531736
938784
946484
555188
860606
824581
984934
245898
111819
944531
807730
330843
243079
748171
788261
918526
414036
450281
677634
131951
664991
653876
556798
845659
484260
176168
535330
9939
356866
234446
808400
866720
622374
453437
337848
431538
902851
488790
282729
597120
473127
623102
222112
419171
686157
320882
164417
759703
580002
659180
497992
510428
244215
22438
399585
69231
148868
218779
213843
126329
32114
235130
487092
842251
735005
293064
540356
232601
330944
682573
458789
866798
751469
991325
651396
776467
76698
557795
71899
696533
937558
582990
546688
462508
779861
629647
613254
753581
13421
284800
356490
887511
578080
851555
147019
904123
400139
431793
420310
333162
335631
814880
395940
580404
407928
273690
107321
451026
96480
347057
60298
245794
338460
364079
104778
892381
211022
928914
293797
790612
398683
789432
682978
352045
923128
311436
330521
721210
254656
419241
486608
668324
876835
101943
769915
67630
74637
543408
589104
782585
997299
213413
814261
537107
288596
254457
978914
85739
528560
495603
465699
202648
365753
943792
227705
822477
936561
753004
327459
99685
733241
576826
980967
885143
813016
631737
317217
105984
869238
165082
81276
106037
488670
52884
752831
647378
101871
810446
265003
870542
526387
373269
467961
639197
825852
527339
164521
329962
839836
571543
938496
877410
649839
86
186731
785349
187880
884175
588558
349865
587064
924078
470068
923766
617978
669881
977573
594554
87868
713623
685797
289668
902933
319140
342613
618691
727742
619903
443940
854890
446750
35473
825793
344665
364847
136543
11488
811620
761887
249514
674158
334062
715973
631621
950672
255447
461532
595607
635877
148791
567084
40471
514089
727308
648703
100023
53039
64899
581737
825517
68688
807336
183699
125656
332120
390827
208369
705710
494597
200028
677178
598933
522290
136315
279124
659738
150210
861192
547493
744122
778900
105026
941225
96736
365816
145308
737792
20933
586897
122805
722727
421515
297701
813799
271347
323673
492803
614731
537162
570079
625723
339633
576812
639220
536900
335898
703248
110566
255438
963128
253847
241407
158113
130863
473582
973581
55018
129169
217487
981165
725195
998605
565742
646294
333764
841759
100011
781116
513129
815822
46501
35934
639594
673895
357327
263059
727261
649186
255223
113850
690457
314392
240626
773661
474667
785667
11426
614921
732460
792551
992987
289328
749260
608525
483341
877507
96349
475613
891086
319363
589837
81781
192370
394596
967411
654602
855272
402147
200877
71951
824018
517400
881565
848102
723854
890543
724654
260697
958959
768335
74457
547199
882093
958993
104701
794792
504373
37603
236534
386783
916315
630100
566153
383371
573063
26290
919196
582700
624205
564025
649606
178272
105779
702831
893047
535926
212582
920752
745152
188750
366652
114087
867017
787754
908841
246618
610227
26132
909456
923112
489570
372431
998130
998199
98805
729877
691121
57089
882433
946628
584919
307711
23729
537256
710674
918565
992005
800736
737474
45560
324015
580854
145824
934347
949766
893460
657082
119287
251649
809299
786892
164080
252393
44888
812211
884813
597478
341275
640118
455257
700825
500124
925204
257896
787240
768838
936830
97795
998635
950261
757359
254301
879066
914406
394707
719057
122476
539466
820858
129766
954781
979370
196100
9746
420998
145773
969737
792023
869500
855165
327179
917795
19465
303259
883621
550710
671615
172213
186676
273838
436293
806957
560166
812546
65671
469260
712957
666162
116085
6372
278715
227463
665711
844597
65082
475753
500653
989926
724994
976718
765692
972803
987470
422966
102335
113946
650544
845863
156887
830033
913799
252767
365227
475062
767248
344866
833591
368696
602921
895662
60689
479525
33495
11648
663838
236561
364091
761448
382955
568141
875717
608938
582775
797633
223810
407835
563223
203648
284278
458682
850005
422768
193124
726036
437202
232414
882880
121094
858255
879217
91213
931416
613828
823687
968380
94487
969683
997245
577672
205254
480634
780809
919210
839911
472664
74097
75855
982354
911852
243249
365335
256410
659431
523377
993321
397681
797238
334582
155080
801854
757982
158039
833923
474107
754396
471428
250380
931054
683248
374024
562336
865833
898459
815551
447036
549079
627920
256982
597942
133928
178813
52442
147591
332985
347427
915213
363976
249104
274605
753456
146035
422560
814338
245563
508799
957296
125710
119637
593904
38477
706764
56001
784079
146079
495650
636610
888228
658955
411580
448377
572672
67119
37160
179800
842946
598432
275405
844185
410064
671524
327552
602901
512653
32111
472952
255795
999236
522815
506238
412865
421696
230175
649483
48941
598014
971463
98696
655930
769055
875203
97117
252286
495908
171775
714924
666069
556755
907969
88242
463442
553106
326154
891124
531014
111931
918562
706161
134463
569261
217489
984905
622749
926548
395928
122081
669767
454262
945899
509231
890725
631106
153928
63814
591737
606098
121674
396449
672074
97371
584289
90268
240185
799590
601413
84868
504359
190803
387426
606815
460179
958378
77200
321139
290151
753509
23048
295064
250502
619064
238528
372136
481630
269100
78365
979963
294200
917315
737433
244869
467630
10980
179552
186277
962895
272036
253534
561485
184463
970780
752232
966804
653361
878421
870426
421611
936475
453684
757508
842118
669000
71417
401438
56749
228109
381944
110202
968231
775729
269815
949294
640272
28578
269510
144521
7780
194388
996596
260398
199529
667771
880911
51626
864559
163255
921055
512884
58077
144616
310342
257164
411219
291874
15059
264890
32053
817441
951924
817538
381925
223928
822136
737902
616489
750929
50361
365113
733931
303260
124212
885767
226344
315545
351766
641334
382401
656709
875694
554628
761119
258899
717114
486060
375472
766889
263507
815969
9775
818251
333481
712030
976310
455168
435102
142757
407314
57451
542937
71397
408344
589853
35343
306219
245996
291958
104479
350006
57260
761271
141995
306926
593283
682570
94470
142477
531394
449523
372133
681504
213951
306381
152824
544958
993230
211880
766089
451769
534143
448559
683803
875348
172299
61613
168359
191414
52910
430901
74224
885871
104963
373327
833515
93512
424847
981985
964095
367257
86498
366171
235092
347044
681335
488105
443739
184696
794365
256425
246351
170419
65250
696367
820740
391337
619226
980167
823218
107061
154164
943819
435543
850602
710699
984373
735188
459009
680540
232361
565655
222139
884989
365407
140822
108899
806321
496901
134543
239662
182833
755112
690348
270331
138814
897189
546683
186958
503074
551895
48411
783240
982650
760066
351585
352978
725647
867209
592470
251121
129093
248496
764304
407168
911427
705080
452560
290850
307235
415019
598748
506290
894050
249829
674665
688042
276639
597159
636773
208879
850748
772868
765883
950236
242243
422638
401360
626036
354741
30024
299513
615202
418370
181257
140977
657704
794633
371094
199068
749531
709429
444305
241049
630368
935787
382840
840776
299588
722230
142153
165669
591631
374025
33947
129584
282537
324265
358034
634995
797371
189902
691365
733331
484346
724958
630627
762999
271398
62007
428569
494851
167588
35910
951407
751691
692320
681384
895262
625824
930593
847633
622226
851506
942740
221393
608950
823889
161946
965697
470909
990974
43741
443214
967376
760494
515296
720948
380150
151440
172201
790972
477072
786751
388054
353916
898975
857256
922878
826660
931395
644994
668503
971169
233902
352359
826105
646118
739608
519851
964448
927354
127372
497718
595993
205175
727824
915271
38761
564480
490832
257203
157320
640890
599653
780200
564344
962962
881940
388793
81720
196970
728460
580388
490325
614731
982790
159287
944962
594281
677801
913136
471508
602260
642828
34056
207330
597311
428615
388975
509626
283892
90912
222495
560408
382131
167603
981214
546679
549132
373092
979648
492021
968961
330154
534662
408170
50520
386428
456198
178861
451217
42748
23589
433256
209264
143703
671581
264148
270883
179011
317962
486251
644315
296388
446385
77958
521098
138944
748198
216525
236459
3552
996402
387864
600066
592393
809648
929993
757506
852462
238671
141243
264880
179331
579894
847825
425505
60605
969323
570048
971278
84809
138769
799690
274243
410638
55999
267884
962761
35859
170749
539973
112564
566076
475863
29735
128535
95486
443172
447466
392733
423493
942801
989233
574540
317902
811107
973166
724369
512656
504855
517414
742209
154550
583887
828498
992995
255934
448917
27909
868781
858570
729427
156188
498099
247562
978973
110896
151360
593239
905214
666957
986145
473729
225741
727051
547739
836533
373762
206970
51213
882643
780482
142206
64802
191071
954317
43767
152525
727063
524325
314784
481431
357300
973747
266631
278838
785898
469345
501281
782413
628741
254740
858604
907663
428864
775404
358484
165375
812015
399096
366997
894653
658716
491288
704545
60610
406298
326047
483549
691644
543268
417056
830138
26545
150451
368814
986473
722284
805306
278824
207589
706524
50108
104846
521423
34733
190693
745832
510345
473433
68900
57189
780246
458393
617076
733755
664236
42754
637876
678196
948139
576446
837883
174801
446922
287363
500049
823696
661501
594191
981914
668064
384071
322205
246985
293943
160865
536153
639291
956660
490415
43357
339917
811066
386962
758628
28329
273708
392914
219547
150698
981734
729335
744037
411689
253167
9235
556903
838631
973104
781315
988757
620377
566948
113852
545849
218900
531754
192604
140634
38946
620887
578995
856708
723728
508843
549260
749910
478027
238819
937138
463608
745005
330577
944476
184465
86432
295236
998269
516349
346372
362949
445342
672434
389187
382012
640230
736229
982601
82644
56782
223571
193130
528799
243238
394472
103564
702148
960075
255904
303050
348924
797024
41935
85474
63214
993815
630329
357305
442462
571260
531885
312319
324745
434505
405558
769151
107940
858390
866150
725774
343844
172978
528287
26463
849029
295457
100691
833182
148902
777639
948658
231894
656638
279276
368191
196277
16197
936165
847915
510722
332418
244000
684857
233790
664013
544617
216305
912563
314498
48380
844636
731244
368342
681566
831305
876327
307775
36697
848997
391762
237004
954010
564356
936330
852799
912766
763114
22188
929167
313421
108911
304021
979639
106766
527998
74952
71201
473419
926692
330972
519085
133543
392036
383304
607948
106077
765130
632058
999651
108767
521681
691065
695913
484822
590154
164144
249309
572066
531118
695733
867137
152729
544671
627527
313251
802268
370095
735083
563957
437265
519401
84701
888279
170684
985051
260060
46976
24580
948700
101735
954327
221013
18841
444364
520001
910834
703149
898697
83555
291136
538559
504164
175923
799649
243079
486173
263498
130760
746514
95982
797558
648021
290680
46683
175654
106685
732357
534609
934070
482523
868918
298571
597872
839887
744365
637118
931658
581642
255077
213374
641083
431594
264234
491162
984873
680460
181519
30630
874171
81325
858948
250868
102105
140419
631952
891721
463743
82387
576501
116058
684855
56322
453428
2606
426238
823665
832468
125043
983558
366246
137448
424431
253409
435053
339353
706712
453898
275535
676479
872223
719244
790280
272658
489709
929434
222916
701764
864571
918416
615306
404402
335743
418256
263892
234150
119246
372155
359460
44682
953350
752392
538714
439867
121685
629773
95299
432515
981903
738217
625558
215094
985501
682240
543718
618987
281954
764953
826780
89105
942371
32355
134858
241069
115028
580726
848162
306806
352500
597141
39834
461816
641571
53992
629065
314523
286495
588822
793104
193748
745420
65323
8351
768294
370658
918125
190169
785583
959135
165606
933320
992677
801470
973820
389097
861236
499399
945652
96770
687783
114803
520232
280103
125469
27194
459244
140890
270924
986476
699334
887311
209074
422727
641805
2899
339830
622603
764840
141394
743464
397248
65143
559991
406627
210273
980030
413141
52566
260222
518525
920659
150679
239612
920041
247099
527905
177130
372316
932400
770089
103630
415331
630762
1915
415968
973933
309539
856316
580009
275527
999564
553666
867028
731805
857898
814426
835253
544012
582032
620077
809103
708325
235175
737440
276294
957987
542919
22691
783231
71727
48757
135342
562294
578779
845557
666121
331332
999599
32483
960244
765121
617265
671074
897985
181313
366851
191261
153448
737090
160979
573321
958341
443391
952081
567554
758054
747777
803683
845310
511986
824233
172582
208668
618039
235681
311341
285259
709017
76687
319345
646451
564360
346071
913696
718535
898767
335917
155220
652888
73274
970218
76376
51260
716306
419736
718552
597966
545198
842831
607350
235281
820214
883454
257413
914160
424253
758965
353200
631340
77594
561077
642768
433963
238570
47648
771586
490129
663584
857560
492795
862764
354756
8152
711662
133010
347249
426787
768147
747977
513341
666153
65180
669040
332913
606475
113490
150838
406421
258261
267499
425961
334401
406118
914216
432404
874501
388406
997022
539709
67219
652509
261712
906191
730031
188425
963310
430108
867565
846108
306489
753040
21110
78420
123925
574032
457979
101962
221988
566232
913495
248514
206552
640467
10362
505398
360495
688485
879364
62166
922792
746273
477255
992107
889362
109540
929863
965315
243279
991699
215078
392133
541867
674200
495122
823116
955851
727576
38160
121635
511417
41791
601256
51688
655402
140986
614746
421722
340097
962696
557037
618713
686971
443406
262987
703675
414555
347360
101161
14379
620030
245957
711233
397293
688373
185138
440346
109106
348496
417095
564302
964546
519153
600690
408115
775596
244864
621964
673620
61089
492612
64681
541091
605688
424741
97952
708005
752040
166873
347180
71470
956117
811722
654853
391053
242160
278080
304847
466508
379907
445747
279843
779858
542003
656377
722431
26333
459921
53695
673843
205752
660418
108908
309970
558854
971593
821554
52176
213184
396183
791275
416309
761774
994190
25323
30149
435482
326288
970820
984100
217460
963374
827240
133267
436923
231364
658971
857850
386990
120035
24473
351552
829231
861797
335271
596305
56865
994887
700504
500782
698787
371807
414559
233955
523564
508847
265720
175898
2753
847098
282443
986738
18034
575220
412890
832619
216105
360547
291715
961219
378595
566883
327129
903580
877272
72510
190659
557396
466292
363590
212143
762906
535926
995829
82494
621609
162658
430931
317438
643395
542773
350602
626853
985318
420863
583547
612261
49089
934397
844913
607931
438692
358400
38400
646819
374932
285195
359272
728331
876967
59872
129579
43487
112841
951240
106090
343401
621993
531650
842959
93386
761862
34079
411183
51496
944306
899428
975074
864205
802275
108366
405545
909221
145914
893504
133016
910842
75109
402143
10449
327627
43908
217595
718963
154626
370948
900485
915557
35303
84017
317993
850428
734318
111106
413721
136699
167390
156011
65517
346704
728248
308207
286163
687226
258685
404330
452373
766637
682017
792144
450387
650137
284482
313157
870769
722727
444823
144003
262836
286960
296459
324607
432584
360350
181553
25535
659809
822026
82081
525483
53648
797389
228483
11911
713322
539697
69934
822156
926186
883156
464542
432406
902970
231279
125813
745794
804365
587708
236298
940595
663806
34134
135633
507147
508100
795975
709565
200976
744432
804732
736296
434191
165957
157260
908625
673485
18953
405391
166245
619892
48768
668694
55978
54792
294490
623183
277057
261242
406968
64911
258937
387334
399461
24283
363961
897655
907702
122558
58744
940573
19825
727101
149086
376775
286571
244647
592920
710335
134647
609004
535626
162719
16624
559299
4073
989169
615170
951575
878560
613849
840851
485517
913006
577935
605000
912046
376895
276559
976647
167348
328004
277381
840
242864
516294
160811
569957
657331
859135
397114
99424
578404
465047
459056
658937
929629
361835
685174
326267
472501
857450
51760
831827
641213
479018
489064
965542
177933
548932
162998
863295
803303
115716
796533
424932
876284
303498
567459
235333
294026
405915
484031
444788
963007
975013
853812
645352
244668
880549
250406
767498
308655
952175
348011
109521
808538
117007
132353
847892
811643
194348
555554
88350
319308
7330
641016
520070
234028
57985
496579
56238
545261
767715
341742
701932
93240
690642
656875
42543
896985
673057
980916
303989
435080
690869
15567
333031
460434
354987
226726
853442
905078
853894
153592
307644
703350
34716
334844
983908
891208
58412
279693
545101
125226
647350
539532
163050
166479
926419
926937
158028
395905
509430
555891
983707
242518
398163
187655
612522
854099
118966
959509
968658
862998
45862
788350
280564
203613
513429
56690
738726
400284
866889
523071
872398
577779
64334
893301
836862
982887
294793
850529
717686
865920
269477
486707
732066
766712
173102
620946
65232
111433
480005
917434
291388
801891
511145
276799
601986
91984
812584
134738
406132
688038
300578
506991
695876
53485
899802
272653
630404
429829
756816
263080
173279
197316
548076
259219
87511
886124
335741
956107
49984
349595
373541
99850
769858
740265
606122
534925
100372
242830
930798
641148
325986
961966
968701
834542
377885
680218
807180
7560
667294
268270
679428
993868
600269
977835
902533
525719
353720
706337
105962
859597
482186
189708
761235
811107
442187
663338
373146
412187
682559
837970
800237
274671
289265
608826
71597
439481
169325
95923
445051
493756
357112
785190
881032
500071
448624
313075
367091
326122
194470
252676
402512
423979
718617
234843
840749
617403
94975
422503
178026
417862
97197
377194
447615
714673
441515
754719
541470
784789
548434
697106
7708
723041
313712
833801
586034
201805
786328
419825
363150
153693
856204
229038
724505
780557
536020
832823
115674
550510
55118
220936
681886
366310
653609
190166
137692
93081
262590
996271
222426
880856
198042
221618
118691
485863
527444
657794
964633
856720
786692
75087
154355
519660
615548
907932
87308
752657
447534
48894
895654
494352
246903
982526
673496
958747
98287
60452
351797
30802
409381
641882
817014
102265
259590
352318
259816
707427
347337
599249
110257
494743
903098
231102
596144
682336
747833
953526
524418
291761
878347
182194
124939
790474
424884
19041
464241
378164
893648
956599
238509
101070
247309
585394
758619
712458
618668
511867
982006
286889
988581
803244
44677
650808
814367
712010
767372
257979
101433
828537
205674
847133
983982
484011
154565
131414
697303
502085
846256
716859
329800
310458
355908
505829
541478
909987
670935
424747
992456
337223
287987
866538
470707
882863
469791
485280
595281
756988
34789
965513
838562
460955
24773
851160
226263
322849
449916
110855
842285
916534
895290
399433
13754
849254
250753
386578
816487
229401
145096
893374
337049
827305
483165
477419
209680
119748
257385
281927
479742
183030
542333
943991
919979
472566
265817
670321
350475
518640
139210
346177
667613
183183
934845
155750
115193
714846
601485
775773
194596
416887
586888
590803
928684
816960
20964
228835
930907
435851
111232
221381
779587
590486
762407
31772
768879
484313
566788
464202
258727
819027
264455
222675
357939
997451
219648
53885
672401
705485
544978
29301
716486
246332
751716
127929
964420
167506
44510
270996
261737
714451
850009
72297
160236
333244
495360
966550
232733
150051
772127
480702
419886
380841
483865
349624
590871
680219
33261
780906
18182
77567
733946
594860
797170
352775
293423
568926
575425
273499
385460
72044
216036
309080
990019
420131
56142
609589
817402
505658
187277
622723
37210
39257
885185
657318
496080
328037
916950
947422
895023
870303
361740
158192
30550
920010
331455
576600
226834
462944
113892
838240
928672
4655
50119
508338
757263
423243
530882
540040
766447
142888
52812
211095
566701
115818
398053
375963
743777
989240
890546
221448
441673
263401
442614
238476
239977
153180
75712
3086
215957
413129
38631
504635
20724
677627
630868
141718
398924
545335
104602
806921
107494
572275
569745
610141
609075
5492
505515
551038
571852
996333
683388
305367
47784
697948
256083
436141
503983
195321
238662
207364
30463
123636
388561
984582
576501
529497
732619
405227
915229
386965
170608
111650
277577
586731
750093
357364
573912
520176
259436
662177
775
503967
871479
841086
562385
525785
409883
747297
312965
962008
239122
633050
704379
92515
487161
23058
411741
748342
154039
813628
236520
977415
753871
550890
121545
291290
515059
427769
617440
83175
906711
809003
802830
206839
451146
871226
226344
937238
661148
688004
71957
855698
604372
119485
39332
923075
179309
929980
781584
395794
87186
368837
875134
610013
241501
500205
509254
602959
376852
741898
283868
388364
742713
477939
812593
627152
598747
914982
395725
494262
903899
396366
146367
308708
182398
436360
380271
232189
638926
955459
479001
389994
13110
682716
129414
510929
783657
575098
66004
8841
911092
340585
431317
825743
591961
907480
735803
186403
755631
695081
831891
904849
195981
939826
988099
409231
59930
648029
49294
304259
223814
73276
640792
443644
820659
534426
518003
969530
303430
895801
778202
888450
557048
391615
110522
413509
53894
228230
632009
516227
501883
482260
305584
883597
394381
368929
491654
494309
280080
902098
551505
939708
559386
353651
744491
3516
39590
746645
936691
432443
976416
13368
799489
341381
627
284160
700954
239633
957910
422090
351020
948410
150475
176600
744430
807449
164979
528784
89666
506884
334835
575664
769876
765596
123360
584055
823685
656254
577795
811105
278675
667839
415059
244707
217767
762324
973037
562806
452326
164717
978368
28357
822254
225962
181167
614012
310310
934741
164208
775369
756504
285295
915106
19097
959865
163382
648773
26148
290118
385508
948527
139162
44533
818551
452481
648240
582389
742173
379312
204616
748425
618409
489916
388690
295796
228184
203068
726604
394027
985858
527062
301211
235619
275719
466634
25107
314278
168004
290884
152167
286891
393355
243175
634505
133586
760243
332663
607835
182771
744336
542761
846230
378990
491513
3735
165180
480953
613983
601470
55346
317080
816924
232768
679130
20933
694738
502704
962814
928880
759796
926436
711535
505375
301853
245273
781788
759267
984714
73791
520627
581564
420175
695851
936560
363917
815700
647386
501189
687892
105490
392843
751971
770820
158053
675796
631974
776629
601219
795180
127991
542438
734771
273002
508011
391124
87437
872385
171258
296050
310569
581043
858838
416333
771280
913955
674303
217030
477958
481141
286770
561721
331418
289835
54729
24346
484748
929031
670903
292891
759506
660311
508065
669578
525064
374253
790228
977310
276741
344372
356763
456717
433557
654056
936221
928528
972867
577365
509350
963005
938855
692787
278079
562234
47932
303012
437581
530554
573918
686553
483287
627537
143563
147311
681626
921559
394906
766469
272131
622836
685365
757380
463120
881197
547992
207160
665837
694079
119075
314641
99696
460612
851076
425198
835853
884035
388738
606241
65099
647435
129607
178961
531377
888574
302470
366345
794399
473984
143901
415266
297134
853622
489604
946552
533071
908325
136529
332213
529218
914124
485257
412396
476770
272708
732843
123022
261738
579838
636386
919839
826134
442376
827203
356418
680676
627756
889087
312820
978210
451321
628763
834674
613995
738389
584799
130188
957959
646289
884619
853838
503347
558159
870809
