132087
167511
168377
404171
895588
184918
404260
298182
986264
8403
864134
47812
842282
982068
934641
50320
49937
413027
294260
806444
815489
178662
310247
287831
504560
900608
241261
604699
975911
795237
316999
43041
310223
893606
630033
605775
62759
444527
365922
226903
357959
918681
439085
136974
242685
28694
502737
924052
48827
74298
98705
375017
421096
133187
20725
279141
466165
888467
828904
60804
295952
631712
808788
903722
440955
532760
367514
641664
271699
225663
550789
677203
737411
470562
249687
624301
360046
80076
274706
485551
152917
313318
402702
911421
486913
579578
746328
798699
489197
826768
891264
577613
157187
19703
304818
599691
264521
446074
431493
870302
137647
583853
202044
262470
309885
947178
28823
549996
159344
32332
561682
799658
675965
461543
233333
644039
692200
491870
76297
744537
53825
95440
613013
819882
788964
319035
643779
842481
903475
72663
644297
895391
839503
130241
932396
942070
159157
931891
161270
509963
567105
902778
927747
480992
608644
371951
557323
551282
4673
336054
873368
614093
284959
214078
1702
292560
860760
605385
98180
951285
112961
970737
784011
49347
51318
760173
698384
796906
542794
119480
784917
784812
430946
541439
162583
306048
130609
997289
168584
41234
857514
552566
106992
152185
987502
254453
80554
9723
123505
761442
953566
982466
160478
181514
740155
151117
114330
744603
992033
899444
949254
164493
914267
204125
839202
308630
799481
151928
121044
286797
551953
813183
184888
714959
395128
605872
616040
882024
984172
982245
294256
604056
881568
689752
346404
940610
941328
884472
808409
805971
175657
777825
880147
547852
425240
704271
596510
421455
416019
911299
386933
138588
892170
651778
786255
599903
263301
296746
182294
190466
23032
180117
521580
427557
10859
916304
417922
429547
9147
220783
893410
655055
136756
73862
171585
342216
800081
456972
812092
459153
375536
910577
384376
200680
585322
550684
985811
217277
315952
919111
76191
823867
683859
636331
455754
916960
747432
476334
769860
368108
243124
81631
495833
808088
966955
555041
661446
664877
28485
691390
757932
431685
51403
19840
515676
173568
844103
939986
412314
53966
154566
851932
24577
379174
179763
953475
534908
533638
498792
410973
745140
355817
349696
164133
199038
799396
490617
948592
803909
451116
489778
728716
910715
930449
840870
991599
172988
571351
852370
157180
167096
151690
940297
823891
218767
45790
302849
671929
759903
697162
876228
535501
287403
264948
156140
75223
185041
400112
405926
980409
600311
733404
39785
780640
288946
380837
654372
68082
511672
475135
923892
293605
427938
185651
262372
236713
547715
276998
738324
152491
353501
303379
387414
338865
781114
71391
70350
586452
664326
445725
346007
361436
687274
875318
25918
326159
445595
113718
873685
220712
695137
123269
826348
28434
473349
125790
371199
626948
575920
423110
106348
263580
757417
915378
816959
686821
557410
604582
452139
663780
160034
618120
392265
266260
139438
73385
586019
133901
911136
633543
417976
612932
116231
891203
286523
105307
240727
712423
492617
327056
28025
225700
734
453437
342784
190170
411824
603935
16687
476635
282318
843512
159342
129252
619615
759781
184285
936405
493623
596577
321880
770382
865514
779550
33988
327187
969675
927006
360449
461152
714887
508648
378199
530517
69340
382342
403570
719120
759913
45585
430601
191291
27349
226662
768623
370019
785858
579832
731862
655446
459189
564898
640709
732439
7320
639636
677666
954318
726538
869563
952599
877499
683573
113209
660039
262264
763656
859523
103286
915996
472607
311860
959112
823297
680871
90757
351237
713431
866581
104259
857484
547933
624693
363850
961247
820011
39237
181816
751490
721838
737999
499129
450062
297966
721466
756157
199513
870443
124172
950960
345835
67386
980131
471843
911841
625696
753366
373667
595423
824787
618434
69299
808575
452911
331151
967391
339002
585808
128987
808051
253996
749417
738375
688789
666148
855159
522882
302904
951735
103807
252258
710970
210798
303660
683940
275216
479631
168717
169028
177559
882844
573647
517662
484225
644846
111420
787219
988987
663705
959927
542527
66800
132131
417610
855412
328198
230948
957657
423330
617591
467021
939384
71568
183761
647523
665200
738302
222155
835233
215032
928578
748284
574719
816931
999652
390977
842552
773624
816964
266692
954611
559625
789535
113131
586201
179083
639912
212198
741743
846179
24580
515290
514329
626037
931225
689611
826951
853397
152469
711723
395101
317767
427243
119308
419694
72743
826565
178619
615611
744863
547034
457618
956193
754833
358873
245096
486399
376850
737967
732054
335625
106147
24540
451215
937840
221070
354152
572116
286070
935875
918362
362650
389639
611367
909631
578697
965918
676206
867032
669690
960804
75618
567489
146245
725413
657012
508370
239573
530602
269749
481047
325484
835674
94903
693434
62583
238703
790715
912854
641992
285638
807575
812273
267369
827522
691653
304425
454632
889025
286980
576041
326148
359068
180407
376654
635945
617364
686652
742542
221922
642489
882467
3550
655969
845146
547308
261611
280567
521367
728862
571727
933747
154326
930844
962830
766190
664041
480296
712005
285558
206738
765125
797214
36170
216701
760043
520608
648653
123561
638359
522154
440880
132834
696241
743985
941398
287378
826537
966642
744866
348856
124850
150410
523894
338942
50435
760079
257902
695181
554808
610240
958978
43568
939686
208588
735543
423354
46017
969698
127315
586795
124535
4312
154425
907026
112984
818674
686651
711687
93805
836272
297420
666403
302194
541675
799062
65230
891419
961399
180255
140001
15000
923167
814343
62777
422443
334491
7497
870192
470407
950744
535759
63538
757196
528514
840574
746720
528473
827865
580238
433788
205746
627965
462755
841253
909534
655804
993698
787781
202648
453221
148794
413618
529961
304531
673647
742157
410286
235825
584512
173852
476595
304364
337412
569624
211788
906574
678442
343153
411639
385206
867420
399173
333008
81894
998140
470406
731109
332768
383102
32494
495327
188771
285246
702737
901806
730315
299706
503188
841520
29388
464542
916082
597455
429220
266367
663537
577302
449612
669840
695576
260042
295972
228293
399429
864661
146554
776313
592226
150617
778563
935938
252162
559482
2942
646059
530239
140285
846606
843502
830711
526080
703908
870702
690251
949244
257485
458459
157616
808109
917454
392690
197602
124252
747825
261624
98520
547464
410200
803003
166108
125942
84509
664356
272920
692139
849428
795275
72566
835995
590011
840740
416529
443992
706576
644231
392543
593533
47620
919146
524791
178105
469080
361228
795389
22930
709178
186510
643586
136302
493508
848239
334695
963154
483594
576219
155078
624741
403064
753856
985676
232676
513807
44832
120449
188038
863307
536773
630549
423050
911006
243480
82932
167119
889635
953009
361791
106322
982972
816115
670565
494667
639285
315624
385908
623844
786438
291975
461433
947522
895871
715877
663873
481470
722139
424754
203041
687652
857632
494000
881206
984544
293438
861716
811398
320321
291292
853459
965679
724566
932744
112113
983658
871978
332509
310931
892710
214186
514645
584756
626661
314439
866545
633639
506188
821086
604932
637957
776720
654615
55122
325543
975787
923627
979929
636859
249855
372069
673036
39440
143778
947864
422485
425049
301131
910015
558596
290182
606474
8898
216806
553640
234647
680455
827201
200725
951391
962886
60948
74196
197354
629691
390351
677732
578560
345014
730160
664173
929530
886450
958694
183206
821151
629655
90375
675522
531273
919548
333112
81243
993759
604540
908663
548189
908641
721587
196850
885131
754811
585319
477264
173205
194444
424766
383101
619531
636886
545629
787806
595135
727513
664262
38994
202128
974620
134208
406967
454400
433532
593723
543369
121363
440324
458265
507091
751953
332984
552134
135844
658141
199795
905993
622428
657439
856034
855525
626838
770783
100105
422066
967729
69248
248318
515088
621844
436328
150324
420258
613200
112321
561501
325796
819711
665112
491804
314700
734640
4525
340965
459912
658463
382666
205778
109955
918440
83849
266568
886955
215791
74503
435797
983711
751828
722102
160271
132482
357310
914944
404616
753225
983526
945154
673653
788506
879173
162816
613879
720927
106586
54515
568752
46669
897308
103244
9023
602735
691603
716207
245676
410446
686615
725913
205864
259133
307780
457213
136572
355028
496179
68207
150477
987033
891479
138000
47427
797876
211047
800689
475567
634379
275065
598758
830531
899695
307202
728798
745885
992857
827828
793785
259153
50718
709997
914581
775093
943186
232463
984604
712464
205266
986219
586633
538595
943739
778566
709915
316129
90945
249495
131237
721398
748442
860534
505811
446102
122750
853833
952463
163132
839526
430232
139903
187004
267798
11076
715784
995945
438849
481337
195952
220789
992743
737615
897234
358314
839958
183525
403507
717561
459818
238345
328247
104009
925058
534314
470259
644222
963109
641144
727036
869351
578891
318390
461298
72978
687686
420989
800565
787312
775811
962926
927843
532742
484292
323576
929694
795863
24394
56559
343908
309721
94933
952182
600205
254102
596637
114812
235428
570248
670350
410687
66463
193529
146520
813619
330013
630434
549150
719374
278324
370132
127265
902883
559258
682152
703378
873670
65177
649708
20377
286757
858105
796290
815533
476751
271642
503445
824175
668467
796554
645724
468417
810769
591928
505940
272061
878832
84281
157564
703054
683741
326532
580120
182837
508454
890845
434235
676494
377462
834845
470619
656151
871786
762211
716778
846013
680529
438543
341132
844060
709316
355327
831929
784629
683368
754045
124692
327
766960
106607
171524
340489
978040
951471
676621
279323
453095
928240
79836
345974
87646
96919
290499
129975
486241
211389
710490
627518
951573
785113
942266
705503
852084
966454
131761
258925
689473
157100
884707
641008
854842
875713
341373
87316
196487
882020
246086
495336
821312
972655
121432
914646
111438
16092
766354
220097
123941
15722
804125
71419
559260
694916
702205
881363
819148
399560
872315
978500
981789
706623
354160
853719
193327
952935
697280
18329
112437
369058
956536
715797
479270
321638
235897
580854
637555
880608
952392
502887
577324
428967
977141
789628
717731
612309
10286
925800
7913
666932
986167
536505
341339
163032
235625
176310
145542
89633
705305
545469
785570
902506
193527
888865
912838
546161
946463
355113
874819
460636
14455
811946
318754
910554
206006
586652
895166
853716
247833
645716
996150
312168
808599
756048
796890
296622
867038
528311
551076
332665
682538
914947
169698
120751
585016
250869
675180
314967
262568
151329
394187
19239
674848
743917
514526
545153
162374
722732
480424
90528
490358
285435
849801
904657
374571
348301
119016
742517
451037
973545
461618
353104
473713
428727
651311
582777
533021
74626
869151
859709
52503
319142
491803
492626
117032
222380
310809
606894
891391
205189
163785
11853
297760
598088
328496
900688
886612
727101
69579
309875
970566
803034
373551
349413
667535
481979
841169
865155
691959
846335
496578
430477
170737
706751
960448
31229
50517
595406
472217
524129
610434
806464
487741
501129
337307
353192
868296
425063
339123
324135
719343
593564
271158
698309
719078
171002
276959
922615
463837
501463
189951
709719
731418
424154
166229
548154
827664
869098
475725
399619
816833
927579
482209
428952
187190
93658
609861
891174
121406
607712
670889
444644
474015
867946
274139
454528
468208
87060
614361
377025
785264
701874
669659
388818
281502
467683
670397
249087
890028
826658
796455
83059
453828
101614
200487
598299
452169
749547
341074
962177
798648
272546
445966
758329
396505
838789
479999
324776
91578
574202
371014
513837
579601
803620
150385
583229
872501
8041
516302
951907
635686
804093
651029
932673
934260
525494
870354
26307
981859
884652
415608
774738
378258
321121
239651
681278
671024
475977
609698
797896
447034
735304
832014
897881
180585
990031
616687
770902
510521
760772
645833
784288
922346
713003
885754
218683
870790
260450
508603
882308
78365
873531
655174
719666
940628
192618
650477
90390
248476
23038
976275
91388
834310
691210
814953
745332
877078
462223
473214
503946
347500
29142
504028
611849
96918
228447
150682
293367
666847
127201
848479
394188
225482
381495
423831
880990
555457
144769
984449
387051
411476
421842
498237
755630
649465
876271
280990
871563
735440
626207
657556
976266
796582
86330
471681
172745
514687
536460
866571
335041
75172
685294
54697
824206
300841
822298
251755
111518
432387
346807
421832
357466
558623
21753
653126
106624
373663
350067
570030
562967
972806
743934
979045
88901
663451
710608
578337
14578
342038
806378
844496
765938
943993
208295
705319
697287
596761
623754
286929
556929
826747
460010
285002
875519
787446
469960
697615
40467
771245
966961
363202
639221
715479
12993
193538
274027
168707
392534
697094
423673
359041
419699
356928
942053
322809
333886
161154
623419
839432
890884
491828
984402
645217
263420
155988
950932
785053
261326
277331
138362
441400
279773
682955
412147
176171
692895
916315
830822
915499
294683
867782
49117
853907
145478
834309
769837
124043
65859
774443
747667
686095
808668
133015
475746
579664
618497
352281
270226
121770
324944
18112
216535
17096
982731
243330
95667
267550
660558
128793
714260
86222
873764
696595
172408
110659
322763
156667
164798
671503
829725
698455
879546
168753
183386
572691
824424
875425
861001
562013
844141
665851
9786
9889
907614
890388
618187
914450
34334
443991
144970
454242
426963
480641
380411
260916
468802
103759
68681
761386
747893
77644
530322
495140
354005
141471
178206
195948
199911
204127
516435
703863
326540
727861
742931
80735
316889
621117
293097
674081
159026
593802
469091
224414
481665
753056
662517
712372
165037
154684
329451
773857
500614
186978
782539
239261
514003
268456
709195
795870
697999
24979
479919
581897
446108
853300
950344
239727
841340
391017
49606
65678
24739
643441
481709
643247
405128
395644
534607
810913
942131
170561
344474
17735
603879
643230
133753
205221
766925
653627
708967
390840
897382
696465
217412
974397
979829
47971
918682
330434
330370
58467
429832
411642
855924
916490
786973
627508
606852
804665
119693
656141
63427
301285
599234
342904
108726
523655
585021
311198
737706
155293
584740
22175
496712
868827
924694
674083
102654
648700
19194
665591
385788
621791
28846
412314
684429
203120
740085
752720
78344
60635
690199
28628
320829
77245
897288
471824
520714
549242
927663
690558
509592
632289
487196
209055
736994
646445
164707
642476
622066
482845
403092
963361
97577
546016
275734
962259
389126
355261
457170
190494
572605
110137
421100
88187
371081
306674
920152
326597
76293
438738
446300
633842
499752
802650
688546
954117
21724
93860
246342
406754
540679
353472
544475
688267
46205
730478
806306
715313
870335
609995
639433
747921
826032
117059
800873
195810
865683
217229
921156
378675
9483
804542
757245
756887
365156
751537
588834
977002
223881
466996
20620
526801
971773
838132
496237
458326
678517
302337
175415
235227
826300
279560
837948
280266
433031
943916
827866
130334
901329
947514
348709
823665
517377
926833
74618
390685
937650
430683
295330
461439
426069
637896
99114
385856
913722
2755
447267
280302
403508
579819
991115
28203
524750
432678
461532
112561
903898
405023
454920
463038
420833
242581
650097
809781
758510
16626
447646
347662
296380
131989
99703
939933
437076
123028
353936
696179
458175
654081
786749
729389
602154
916594
171698
648310
641147
722645
381775
754020
950832
763263
747809
553008
115341
169957
421722
769122
17529
191238
491507
69822
755993
939761
426517
696325
29629
208936
811695
296804
865068
771782
203218
902236
946597
937020
317864
186770
370705
805938
878482
99049
190574
977358
630098
92926
887674
556804
212987
615919
584873
928459
525304
74007
215361
489793
672712
718531
674762
231484
604424
458952
545099
982377
109365
461053
993053
688932
756756
67509
922941
373568
979294
66747
352047
99320
800536
545991
248226
465685
606869
681369
644463
995201
992176
885153
625816
689712
555313
776238
509713
954425
890017
623864
397659
695359
804342
680619
85094
689301
535717
9407
948182
281321
614133
29325
809397
414528
432449
405523
883994
709433
890925
184334
464853
971536
584324
219475
233933
809970
411120
249055
760072
505169
171965
1168
273756
170976
485851
436487
571083
127671
188080
70606
674091
595812
518099
656723
350843
144198
446851
174757
602199
926014
498356
243676
477615
983360
834728
599459
37946
653353
193950
273116
487490
701046
218045
231456
665189
117604
524151
469007
912704
210849
430064
297082
642688
749771
671926
481423
820170
629210
872708
714182
906010
684218
988301
638596
114062
773209
117712
860756
691937
127781
142556
51157
284226
367937
504695
619222
760258
612383
798547
284377
14636
619650
796266
451752
292723
681290
14896
735255
223727
460551
151224
178153
677846
888428
492935
953030
786067
528615
552917
853990
7406
544991
258326
379523
483222
375118
891180
154114
93501
84512
373359
85157
336882
29125
847093
223243
157647
398729
272615
963490
147412
883386
988004
128369
127441
4987
875805
64709
896210
718620
181799
798958
984922
742038
319579
527542
420152
496789
162803
120269
198954
645572
400690
709125
577055
678023
217729
594997
297551
198192
998127
652041
169033
966446
798037
429738
84168
210388
891665
996517
574091
23418
451552
303185
994409
226274
54002
295754
973448
997091
758232
818011
214739
174178
379306
663886
201285
60742
308597
29064
607175
60572
915900
613943
766969
758702
300968
588576
383450
726993
529429
382113
649184
843649
108581
893493
442615
809841
126328
132583
56682
609153
887499
900366
248826
960249
133565
258766
171492
756416
965861
300183
842740
719747
873053
484928
749827
645390
216146
813681
508556
921484
925551
973240
711847
544532
31345
582603
547846
209528
229591
917804
936358
607454
275431
335769
455442
874798
976188
924987
839310
918360
135409
433883
142244
748781
166275
107756
433810
374983
176989
438678
789608
55000
452605
926267
16834
649350
152735
2933
363636
836577
503200
260103
479662
216953
382092
120422
935809
449615
12543
758744
252788
571224
474845
746675
945096
434449
183901
269082
923980
683679
985611
690613
150533
917305
584267
19310
369365
608396
873199
675448
610311
106300
385559
456197
882935
500264
872340
233638
574359
343245
369279
994073
121083
55542
177162
490727
348030
902152
456425
202010
787391
900476
173704
92693
973192
692208
604038
626534
141357
123907
741229
955137
827682
385077
308043
3881
432002
798789
767212
107441
822385
743644
14584
239529
268972
98734
900461
386084
698807
268928
479831
709648
264282
226810
943107
91104
451929
786146
468519
295705
163319
909719
633741
961605
655652
81314
521325
989500
660227
77620
940627
488531
810609
225672
771240
448764
628267
863791
884773
673470
514631
84223
400340
988682
999866
14500
608371
780069
690533
572429
864577
961959
145702
692111
307115
488567
30744
107174
863833
420992
3714
880710
361178
495929
300607
571357
911059
570971
121303
802881
538567
491914
195564
62289
750630
989802
55849
698194
533119
848119
822136
373868
983898
148173
905813
946262
375569
169617
910287
665620
192049
134106
659141
655767
117152
540906
496595
236903
210546
804194
624540
824726
98022
165645
589107
622896
551156
805042
886040
943026
394474
586562
12715
254548
192021
790789
925571
373676
429628
542761
899647
938096
665072
877530
836332
706927
149883
582350
827534
336900
432919
439161
67933
169017
981003
880872
900503
979373
209365
598868
804332
427022
645383
452355
952645
350562
79456
729149
11397
893039
977966
599123
12363
843673
453716
625432
603977
528885
57539
56109
239291
910052
552500
756992
93793
711688
320323
789628
301259
966534
982076
315017
129249
656907
135349
952100
581209
384366
468
878434
643388
335974
91599
756669
682617
720862
330828
511615
806726
811232
573731
981106
852120
255347
518122
97426
121890
893321
783319
756195
110923
908793
918671
623238
482185
301750
764165
778804
802116
429127
100691
572427
948574
1599
504249
87573
673409
293008
536651
265607
426037
178091
897081
347483
491565
758274
829570
317408
126557
470877
438826
176376
860337
742069
635115
393524
539705
887408
307075
549650
791300
728654
77892
706856
681429
364251
561889
800389
240176
986281
843845
83925
682168
372359
57429
342804
353890
128299
461823
39117
617113
729932
205501
575948
354807
369645
996402
943689
155707
754958
416595
304769
96
291569
908302
240728
296080
708223
165532
2668
399475
827428
102269
164284
58379
273046
705750
39986
211861
199364
812978
120504
206284
6318
667838
826234
364253
322418
115040
645188
760363
268520
257069
456819
160109
369674
628163
166577
652852
82861
955581
789288
871919
871152
125980
629750
104911
23290
106897
467612
848137
624495
676044
954827
494877
756339
239687
264242
803592
862336
578444
353750
179161
826778
938400
502772
35119
537893
977801
470346
359951
355377
406597
88265
512356
404331
536701
220122
834359
840880
489051
974755
136398
230403
457711
817600
87233
964569
647077
788893
631374
222061
482577
115622
504072
314892
127104
90854
273283
310968
255012
423087
557649
532487
97162
494279
537330
90214
70831
148780
794794
398567
120631
511864
208093
358363
564376
189163
616618
283904
170617
902514
545949
507281
911976
582707
718463
860650
367782
505022
572621
111113
270346
686507
260640
745430
688450
164131
566849
178992
701174
837143
370822
284419
849285
633258
288915
309262
12637
171767
822671
641836
226626
172273
638329
817205
827136
760535
200985
426990
379862
861809
20833
393752
220602
126714
843405
491056
590901
535227
110880
293653
880553
67505
773145
800871
130554
391811
496886
94058
454360
112774
872283
257631
118391
798758
95100
784159
429690
329246
222666
431330
44570
399121
703700
708557
67376
828623
312662
419430
957898
92900
180485
232710
130544
199200
310734
670896
342307
574124
644570
364600
245593
91018
463818
921943
158975
736702
797888
634641
912762
701115
875057
627522
971616
267903
572618
31221
705502
546536
890159
284468
159201
837907
520138
418644
757070
638454
519686
998364
492552
419064
83795
888773
971273
766994
125124
490952
196320
526105
568218
324037
749287
442928
802842
65694
43020
41935
606316
622692
739696
161321
741938
144206
776334
574503
510162
3222
517094
416531
887735
82924
80686
78801
561141
187711
296924
364385
598565
456925
83757
746001
234408
495179
414464
41571
128225
84318
95700
627167
508481
69735
881832
227264
138640
712790
366236
172077
65855
484496
366200
218697
568143
474505
592161
781750
434000
773674
779388
548357
972032
535555
569221
372392
420629
523295
460983
757927
457808
95117
335067
124639
896982
662256
77723
980659
664744
974936
7777
910829
358337
784914
391
258826
116811
972871
728443
207679
642796
753551
162490
207971
7990
934127
673582
19278
740790
87726
61684
818918
923462
837396
566915
951889
59461
877049
318126
993102
297250
212356
892600
87140
219067
666698
790185
571287
899412
586761
830621
155686
369789
271022
710395
161745
989922
985559
681012
955771
719696
515699
551204
185228
26531
920629
260544
620477
712166
171986
621703
657509
309812
296467
62481
483636
983411
17386
105856
885320
839244
493079
744551
44011
806348
567868
338799
925651
3614
725407
700004
612751
135746
21199
488394
588316
504664
755193
886741
324785
74701
351592
922244
529409
304893
355521
419809
552265
927032
227602
833807
520846
147207
227604
435389
489881
179596
861754
245219
640997
821731
741252
730787
109867
584136
356144
162772
542735
89817
260036
920982
376127
515509
8772
884485
131667
102704
627475
229046
67477
274113
675169
154514
467173
29876
176957
63163
522494
483613
915823
958127
745677
114699
952677
261577
105219
677163
87632
933825
527190
424763
476579
91166
445430
698125
830160
150565
7780
431807
950389
613198
305469
317931
94610
658087
33738
226040
861644
872649
242341
467806
985653
719015
716300
305325
358759
723404
551061
328419
365875
847522
524665
696681
362520
277356
416239
638192
911450
83019
780070
667440
195459
292946
7721
770135
995417
608426
867775
597060
509145
411969
664352
530120
144327
162586
719481
304447
834069
125222
290902
304268
714179
785376
414876
728205
71165
760905
402780
893025
867028
473588
755514
543396
68429
330145
29200
117259
620679
926205
841322
996685
527957
375248
599948
195107
456532
506811
259630
264831
332267
374200
564702
245638
919531
259818
830456
770209
183857
948365
518557
126441
493564
70736
197405
904957
297505
156807
238647
43586
574603
418496
54266
344283
205839
291759
550536
196743
952062
229582
156747
216957
273076
739208
49728
187095
743903
348660
217725
440991
73924
292680
753923
481883
53609
524337
323709
265418
724909
640226
8326
521827
118378
939230
675984
674638
340353
866309
819567
396338
336007
335378
540170
972945
958912
857118
997965
548848
704424
736691
863886
479777
538861
775669
944099
989053
572807
704313
733390
241320
676783
421715
34745
159264
235898
292038
404959
71069
686327
921638
336953
572335
841244
441704
910794
180670
133526
659820
962415
354808
665759
88669
886933
692346
259680
741151
382948
102689
188935
777760
517616
478116
664139
753688
486258
999823
553841
969492
961010
281698
975412
11132
210554
229004
948650
147932
144758
980511
615033
269748
836468
122976
300436
340700
941110
835488
500360
524219
245983
132085
583751
739290
498248
358016
123334
167784
368017
359729
562847
256548
412983
437744
223387
888024
671832
2939
475073
48656
973411
321409
390974
531506
919311
339784
483514
619682
599284
369587
903430
537731
661799
600827
322071
949751
462570
768623
337307
44940
817358
834199
511746
792429
6695
807271
741269
525930
167314
737278
198691
702762
825367
108690
780067
471522
664117
148879
699913
700213
332325
376646
392268
976459
360290
951766
960563
644139
294369
992964
600874
496330
356640
179702
413293
442122
860760
837901
136070
431383
810165
795774
365361
479768
338250
998978
713016
579471
504260
46916
731355
143187
974566
910698
150369
747500
757199
891721
965290
663534
476389
360474
130616
595942
405152
189656
524737
463487
903734
946124
2950
65387
383427
902646
839277
205301
229038
499553
274571
797289
644443
70285
277130
693173
379925
50900
572020
356916
577002
226523
644360
901018
388019
80251
592009
414907
722386
83789
394749
718502
207111
129211
574530
923059
924255
952958
851185
475274
895923
522951
945590
553297
255703
974134
915530
300681
79048
643596
631778
224404
814436
130050
633019
486248
772101
816650
412336
791025
205460
340078
899628
460453
958192
461931
143895
977506
501460
629929
161700
933497
64972
95109
759377
719833
795996
108613
272353
940081
803882
652677
43576
905788
873086
952921
763836
551645
370321
948593
684663
26134
220684
982100
52554
827704
834217
109826
463056
222402
321547
78380
278287
810480
862067
630843
175781
733807
927233
77465
410071
344795
511631
378173
199631
633339
253371
869266
641493
5518
294484
645255
473727
123802
750204
606912
104555
855386
345299
599868
754093
885537
448832
929675
618073
690401
220766
523570
218239
415917
966842
355782
637580
537354
602280
702708
210787
585860
187412
8660
114412
191272
808035
75909
925352
551698
737574
608591
737551
866648
583421
457179
204679
68357
152948
347624
461661
683230
825006
678836
294610
439578
199324
318814
305557
822320
48961
94675
145112
315003
651897
897110
598379
850093
108306
277536
304891
593613
744900
311000
121789
351187
132911
789821
921538
591677
121395
35499
792367
164620
105721
207927
667596
288677
373133
356184
610821
19180
19810
406436
284032
885023
582620
734725
739415
215065
529815
577977
287156
391003
18675
692705
968027
971455
651736
516779
68078
988177
396071
79392
966771
413395
863020
387199
918943
575147
727393
988913
541512
407970
670296
818754
356076
716178
670746
580524
111650
718646
479161
361012
914419
28583
872215
329676
350080
242724
628618
382516
297807
239607
39905
462310
126603
468949
479117
433789
566720
120647
537334
598073
402984
924105
664643
234635
171841
270048
668832
393796
646356
254063
227894
632559
562627
231801
816274
583193
611555
856696
150081
102711
956768
937196
747229
259535
568273
85318
247581
903260
339474
415261
216031
247310
90574
304013
652067
72337
474332
469710
899004
568481
109837
903233
49112
492957
201076
491478
781408
794346
84534
660610
308666
726619
787850
610110
669193
388184
864191
824839
668490
793053
905933
272424
190456
747817
797367
724230
840777
986052
624412
505435
52725
40097
710194
898919
946079
255887
525512
462070
897551
324412
85537
724532
760152
117758
393132
245222
387884
403554
223313
719803
4169
558498
630775
743204
325659
373815
674928
754893
185258
870865
70468
549427
563469
368874
846524
74374
6991
972247
796667
174796
513429
343423
735822
736816
80968
289923
662958
309989
518386
742336
83336
428469
797079
807477
613103
919304
223855
611211
672519
78
456674
251244
198101
821205
889592
624064
67449
284451
277465
14320
878876
14244
971423
970647
580085
955124
317208
113476
499377
793979
378344
281070
940054
92691
215213
806450
888573
355770
41639
386972
187810
410349
247805
874095
411507
647042
504754
446564
162973
34927
872772
377835
171828
798897
31989
875250
181680
67807
907315
681678
416135
905512
305417
985473
591044
477613
912064
158790
803942
221655
811700
380030
537044
759272
76554
728930
592337
793683
368373
575543
139680
349337
212088
68214
991011
9548
334257
119075
737855
446966
884960
131145
383044
572422
69200
614944
686579
355984
893027
482181
363701
854341
802276
327991
814825
506979
49396
32952
715350
170247
844817
784528
766869
622324
948890
262324
297780
755066
490718
185374
223804
101821
706608
11099
193094
314064
641446
128501
948204
566297
961656
925189
958921
697229
737898
237308
877187
651445
94480
677765
643123
591984
397257
799772
480438
980393
164268
485651
747805
569844
663240
194748
387266
225778
884566
568698
17475
333175
137075
927965
919302
649440
718746
287409
106217
924009
358805
819829
296196
590249
855821
789595
704352
63769
830386
609732
183850
916894
621560
254625
141042
172350
263967
713237
232862
342831
538804
834982
968283
122367
229738
237453
593564
874250
168017
333423
18555
25976
156738
251256
167019
751089
652476
608177
223529
404682
822925
984968
55595
301721
28312
418989
20086
170655
606959
1323
508953
744050
340078
549068
716690
384059
178023
553253
119463
536895
226863
542382
635045
834766
713212
871087
343059
122190
23084
438079
996123
70325
980680
464946
27184
796138
833
104393
280183
832546
189316
991219
639445
630781
710491
606295
142259
420412
286524
797854
567846
158808
130160
463061
737534
841170
745141
851108
976792
357244
530748
526177
714638
448439
46377
782839
816959
570856
342391
186760
66522
371166
128841
395762
78391
24769
730922
876174
322915
924357
485918
549431
33414
587295
391970
54993
358932
466625
484715
198219
96025
187733
491722
484775
982438
540489
417357
679233
488527
325219
518021
966172
273239
179239
742820
915447
828849
395913
15984
402008
285186
538845
189590
399263
50506
681185
270542
322793
256082
298817
236512
451326
238266
511075
877292
680663
124267
940949
587105
290960
311082
593213
992139
347655
392068
380410
222916
255347
688456
207601
865293
62154
558551
447637
314834
558757
55934
744368
116141
518871
882882
352132
129615
556218
78437
723879
943384
904860
455526
266621
272982
951313
724357
6135
689730
95733
139834
267132
968191
208812
477278
295822
471386
68079
950404
830559
978218
443456
24303
109748
457383
537046
877838
46859
869133
613171
379505
118736
376943
649965
463440
946111
632602
135166
246327
580121
833556
743605
991435
855641
606588
333307
303579
556957
120416
798135
603678
332627
653619
9201
973782
30349
710358
923422
330719
760604
985410
683327
212263
418600
453273
108071
91548
597666
610160
618916
522497
573522
498212
213187
96616
613122
659453
263007
478489
27882
310336
625409
882168
57306
939707
25851
117475
161230
36428
203703
480185
891727
636966
936677
735615
505571
29774
363501
312628
74945
121483
2781
961365
279165
897472
645443
392864
495130
460533
865858
133798
815451
400440
663000
544516
650892
514596
388629
24612
375554
157357
763834
14594
137158
60527
593764
640107
714632
127553
801636
882133
399086
850536
933686
429802
411120
201986
888365
857058
652780
33797
839537
470333
401648
736944
299912
452254
846421
773216
698853
63541
878294
833342
109361
840602
841339
12321
925546
28387
264635
518389
352974
870280
265796
583173
347127
351736
126200
631244
234926
271288
743503
918026
729730
634749
637212
435258
459110
870335
722363
780481
393423
669215
616685
416388
381656
835374
486133
587896
840352
337869
947417
529995
263075
584886
977074
47942
919783
212873
871756
657712
7211
728545
495708
768868
778840
314522
159885
507790
33229
519702
702704
183117
588256
438698
309178
215508
825157
149451
244201
18611
818024
422678
681732
409864
56710
635884
139867
303325
645546
770609
690467
896897
556014
389994
329574
865164
976152
139300
651837
523778
228108
295981
962704
724386
376360
343477
197075
155413
412935
575911
923080
894787
290655
841040
912675
263748
668351
961237
920808
406819
553963
344836
608611
871596
662357
463647
46657
366034
528706
586591
778113
558973
342447
966980
352461
232490
969048
199429
155008
420727
170521
140467
681264
428020
983402
112599
78774
662616
90345
190870
51541
876654
902769
788500
550828
405236
579286
39368
186692
862455
578336
342536
162745
274078
12377
358813
337432
923906
373229
573887
186019
423132
451872
457164
347007
146020
497138
972485
766107
564248
85753
213567
692220
612526
890143
319963
803353
594822
410693
462391
867038
983168
575012
55556
612606
660596
976679
263587
325977
337912
111740
513518
800972
220290
304318
577071
106933
723904
829439
994533
984139
41740
942554
413033
571507
216766
60675
222902
223861
651097
99757
262263
38847
408741
324381
644438
185611
559927
932552
185034
339976
338978
326157
406146
888580
853510
116169
96195
414536
464157
888549
944532
269169
780860
890133
918497
99993
868499
660018
964093
420182
738578
543295
609711
459523
404585
289535
111231
616180
238047
290010
505667
593057
189884
749468
457034
914439
45749
392103
74059
861698
726694
340816
815133
928802
65966
130359
919551
620114
494195
99088
856845
215398
93770
713801
932404
180962
704451
225696
560279
222444
280882
172536
152124
713219
881768
840328
579115
271286
920289
203640
890153
278090
837864
690745
366135
1231
984126
38992
225832
626373
684149
539884
570802
660608
908787
437151
671984
663482
576286
506979
686591
60272
967993
147020
551595
619846
609423
446455
847142
831123
97447
995301
94031
139815
604379
884779
254312
785852
556930
415650
227064
381217
59938
585157
240728
71304
263326
817886
269738
276133
512388
495409
551818
646726
801124
270817
373408
838657
597115
286467
552111
98315
663810
309079
897675
363024
546586
455833
674357
496681
826444
589147
914633
386067
795018
806029
851397
490058
422957
820902
526830
45330
420454
881219
410046
44282
800835
792838
437616
426066
297084
883036
498782
914411
959464
707890
756678
892892
788344
551996
118361
176784
424636
864552
447988
821171
783576
713030
451030
803891
523432
616735
753644
799959
284775
215149
391266
976807
133048
99234
45683
646696
272626
829302
678739
649086
478746
18221
772184
769939
293482
289843
939858
162844
639680
399180
673135
776036
512039
418553
189832
582022
761271
370579
800397
698676
100655
936734
383276
991181
432082
992278
255838
916222
4221
95010
678017
429913
630155
840693
996597
635511
16553
717295
283125
127351
118404
670378
415653
720651
635566
275844
174194
422598
637185
90208
525357
899825
161827
34301
291024
117239
518364
208594
445233
198182
51241
677411
713174
142072
710484
271906
161004
745501
777875
898078
313328
967972
334488
290145
249591
539869
505254
71912
944408
259323
481672
11752
588163
107524
932772
844241
157880
421145
395457
581809
941519
486347
166917
78230
358087
322144
978140
197363
327101
968539
850153
588126
795375
387745
801538
181304
122612
398195
948150
686363
779061
936080
813568
74380
876631
289607
723490
413464
522879
724288
572600
281977
968347
247881
198260
454728
575847
930592
279641
540597
28197
187611
336832
97775
804316
580084
589775
103365
307281
387772
92325
72541
139899
67114
191304
447780
471355
492289
890512
239438
976168
128951
158880
818108
729249
120451
285580
893614
593123
212198
786567
594408
714282
797157
19728
567952
190736
821718
330097
316444
230448
901153
287006
385414
978757
315340
55758
446479
926492
493615
120891
566714
754873
616494
150586
960158
139710
522388
143906
943849
912001
628276
700769
489558
845090
769968
583907
341022
358932
350445
470217
935116
720882
13467
501069
578520
285455
459799
606574
285361
932641
183645
297493
710765
129434
566628
402292
446418
735860
96008
384662
931140
391544
150835
283725
899975
85368
379382
816083
883408
660397
667785
709421
494022
752419
492895
688088
880341
198537
353893
835675
517006
174865
487012
24724
781323
660870
20410
969901
909298
850171
456781
172866
440379
967784
494089
900297
404758
477276
172300
644271
853037
307621
179449
634110
833943
881020
258968
981106
972824
268863
890957
514085
569262
205949
49512
25447
955474
316154
181928
247491
165994
300085
764030
42489
629155
49178
950366
988611
146779
896273
503606
59337
332850
835207
555805
870427
234336
801416
331923
491620
863329
326996
376271
583184
443623
352611
386481
687041
662547
568911
703970
881229
80292
818824
809573
690427
807488
279076
943717
549412
813943
65236
270955
594527
408234
617185
691129
780611
691160
345172
97468
38018
443809
410151
216159
459707
720841
851438
42126
573187
265797
210912
245547
99883
481180
911441
446084
843459
691582
978762
40102
681980
405375
781727
974351
993141
817845
232508
540994
886575
669597
556185
73808
115252
183356
142018
283514
868611
29900
299014
849502
441658
843120
280216
800235
799272
877023
122487
918982
324460
502346
774069
286885
978515
563266
255815
943997
801721
30439
492648
802206
269734
952350
882987
789915
959532
240209
342147
847310
890481
869761
755431
531964
982670
647357
266159
819859
632598
739495
642875
368467
866003
463497
366385
926716
270930
834191
366174
410360
948996
772698
74248
914230
64109
939116
984846
939607
996532
31663
931314
661924
618862
611600
436732
802066
410050
583798
988479
377674
396269
133889
963053
465503
92497
192301
693212
101663
35150
367691
619855
987703
97023
184185
189151
812933
394483
447175
127036
849560
496305
577282
426755
239336
416362
7179
568471
410626
462382
187978
172252
593945
425605
337412
821823
94446
842028
669457
915496
561213
150762
640218
467665
191648
802434
531942
828618
785969
305789
698727
336500
258209
981343
387083
596413
713082
426806
452341
66263
349435
416115
476445
841193
105337
153393
353848
590012
128648
808379
749417
67913
476376
368491
447257
374673
69843
673374
254324
233810
299208
13737
443933
62052
953084
892156
248661
994616
364534
799116
597693
214051
861258
766851
408380
605389
49932
171724
806880
23577
753620
378899
732730
23039
722698
84395
305479
804416
288983
407325
719950
248383
825051
175256
514719
358837
561949
729237
587511
437461
681140
510949
849273
481492
516431
970357
398805
745802
369811
412583
453265
917959
464383
516798
422880
538885
306076
334454
910726
254149
255098
895204
688724
124558
124077
612050
953391
682159
843260
533209
226678
721437
471649
801073
515506
101231
861458
816244
653940
256375
659719
422364
388980
764245
887038
972964
146550
383465
323093
518485
286854
298968
669957
547208
547446
192667
325647
531444
754007
556782
740030
90796
520466
345775
747842
729377
690975
561441
392384
469905
176061
267237
198314
725494
450491
715894
637648
734417
925680
411251
359023
50643
48496
389648
822982
54611
271542
707256
568498
598146
560046
345292
379614
190632
176533
384250
882743
318219
691427
424815
332567
596631
255667
411918
982855
159160
698278
24763
833547
575991
771503
398295
839722
659275
295890
815084
194376
31209
156951
4361
754780
784495
101943
186371
53835
787507
450232
103763
694206
506939
734211
891082
562286
892026
848049
628791
589108
395866
639365
595770
162184
99158
920899
202733
627505
988412
573275
925400
571868
836208
996540
360816
950921
746370
854054
895029
391334
590101
276556
511696
675131
849624
334603
284209
322206
351230
753810
788750
443143
274419
655632
328269
773281
4592
528949
586793
813125
797270
690979
661664
458804
592798
13626
779388
527470
636758
665473
995197
360828
88195
771127
388802
799199
735141
940207
478454
509616
579568
366190
188521
565512
734189
935769
476212
184761
821123
717653
618691
638117
293335
272256
90742
135903
346727
732945
858444
840945
467261
274857
561992
447448
159714
963748
862826
905241
679401
185436
990816
720338
824
326086
849690
736427
333873
759042
130364
582639
538288
627935
191072
497858
974381
61035
922650
138617
175567
929675
276127
973475
690039
44854
871254
334863
270558
801537
59163
920682
113999
613580
57716
428067
507894
43634
833424
730058
833995
896671
972076
184714
123602
924971
596040
730731
204997
552455
444438
828345
42723
857664
803366
641961
686180
497454
565947
427152
712603
614052
897445
926573
260029
775317
764580
202849
666057
295266
194685
560390
182505
393705
455000
911820
478060
347107
791075
246207
446930
66954
759015
388512
755171
903546
764322
165670
665502
523001
13662
449518
94139
482373
721814
882005
53588
551587
313954
397918
557897
834085
269613
922124
773741
436189
757433
850939
212973
730678
997747
857535
883105
365475
297788
351980
305520
546232
323992
465905
976690
778812
289117
448276
495938
77108
293877
447197
728407
99167
320057
766142
320366
687944
758738
72125
858430
132809
214925
257794
235698
583454
657478
982157
601597
478049
887993
12914
724783
923961
739268
781377
851735
21864
918048
762537
938762
581305
902185
897266
474354
906075
79925
368425
618437
754297
989086
36542
810450
671559
881633
60618
695982
552963
713810
374721
206225
123474
670334
480839
145422
45898
943053
186959
552885
638350
421428
458717
702819
91166
812664
122702
350027
394044
349943
500920
85656
741174
950400
300342
213278
273475
995861
241901
594477
374672
557971
11344
931210
585138
306277
793722
883720
120678
152296
384859
816657
301547
958613
714737
436634
848517
749492
92537
994810
924939
764609
623641
279149
616331
210960
271763
786669
138255
18441
96447
832264
645745
663357
964790
154219
742047
549217
715809
710316
135115
750880
731871
148011
291042
309166
758713
102034
518655
951278
1046
49217
688914
615404
68604
481970
81088
755481
646667
14195
396483
394926
658781
221046
748982
176673
122827
297952
972864
422830
258174
471494
638675
890757
892976
959795
453977
166464
677600
177897
988851
790891
924325
964023
836318
34509
914799
58228
763691
417036
529028
284571
71564
724606
578484
14206
945844
136417
347567
575815
358671
702191
266900
40238
296058
217758
653772
864958
883265
603405
929609
543731
487683
940117
549685
419466
1416
699661
294937
679156
643039
203539
448600
40421
476545
560832
168591
867813
87746
916333
247153
473451
385193
546597
918696
398179
326937
616237
982232
709755
162965
881204
622355
799325
795523
98270
78427
432901
113774
680058
1547
148004
257900
81369
28099
911665
147023
521395
227312
407219
141295
103059
359650
428673
569327
756897
930095
110096
990731
285316
559710
734453
131919
359257
961025
277992
697614
954840
428855
336868
37929
820647
600931
600044
456123
454667
482898
742862
701604
276887
646653
666048
10106
508111
70264
573370
562697
333132
534531
987324
354885
183976
444837
977586
255956
823516
13845
482617
5588
84686
19559
938043
644764
198950
785279
930951
627146
512391
732115
208568
845441
83483
24933
834859
587533
950079
572948
869129
797400
816738
178441
630099
752195
429509
326932
568791
916798
918393
139852
995958
631525
556613
409132
804310
881215
617580
732015
713882
396696
355144
429737
27946
92946
922631
589196
289474
84198
443716
594749
372024
802169
441716
907911
55511
691616
278894
530814
208028
868481
373599
471749
933285
34924
7788
187612
671556
439067
982680
72991
211536
488292
335539
976839
516364
577214
424833
360930
898903
684473
682699
249685
657645
894325
606834
558237
990904
600147
523446
505745
507594
792551
734909
606462
793280
784787
667766
581129
933493
87491
523973
596279
338459
759549
660863
307463
224739
138880
860386
67209
182709
235527
600614
868866
781620
944595
629206
870321
639118
686603
308193
506000
596349
107054
216177
732880
218298
972030
704195
853978
603883
65057
396557
109135
189918
403708
503258
721140
383301
26197
352225
366460
821027
118977
430160
340390
508130
402194
353260
712544
789158
812729
688435
116439
147465
968545
339756
884183
113411
274091
842400
540223
794968
956649
856444
325076
757363
378702
414596
431574
697688
204388
650830
492484
177584
975713
735974
123041
17961
11729
441165
68488
548609
766126
304509
452833
248966
952224
57953
582037
374138
692830
53425
181723
193612
715454
230470
115647
448419
188393
312397
576855
394528
32045
726520
571363
669734
173647
942086
638748
61917
165068
146467
910751
86538
862542
313975
689570
102394
887093
627286
296905
99674
29252
511084
930441
311212
191517
296215
802617
308168
261112
453057
917211
36640
811550
771111
853893
817359
77475
385128
149875
697653
29653
689557
465131
141737
540141
559715
843866
215032
27814
465953
624375
565031
962902
373850
795614
269153
23548
638434
423747
479158
753116
702021
319833
493605
113802
70641
67019
49703
132920
682843
878047
996994
537732
605143
123682
728860
663
364424
953348
7855
31742
2674
59029
137450
382398
553731
559998
481924
860449
662637
850215
930955
672134
965893
591072
780790
651261
234091
693944
246935
578823
779063
133075
986337
412387
635592
602174
176310
188468
378042
775284
20046
226542
936843
35260
263397
317695
532066
844773
658531
279873
79889
457438
870373
542176
245350
580383
319450
336050
654410
133893
935606
177386
926685
115648
28489
183533
401223
774038
750676
816372
419143
772014
759708
62049
316100
91970
805017
21475
785136
19502
999147
446807
793780
580737
462213
635379
138412
826260
860304
21854
350688
151627
963761
883726
252686
99750
460743
466038
172374
644997
160185
792909
155463
154946
319903
864940
525712
342887
791771
148906
713250
272807
767748
294731
43929
142784
773856
228083
727983
75022
792842
760657
458529
505258
290255
13687
585621
780911
724390
746731
435944
400574
285423
166822
584824
685599
174173
735388
975964
235323
922388
669950
991722
258541
505405
219699
979454
854652
915471
482329
706907
628531
112031
594764
286090
46897
329242
284438
627939
266733
18168
759387
196415
945113
83748
884854
997500
269359
308338
665880
858199
540565
616108
673438
945720
763918
502703
475730
175087
148807
735576
262658
579029
94708
774153
62218
133933
528825
852821
581564
953900
647851
863657
493579
506193
210567
194128
515129
374504
702492
415623
329779
117191
493207
340
472634
163023
213050
495566
192900
765659
961585
981519
697051
666698
206359
924805
926863
573690
407807
70995
612142
114733
145332
690460
979440
421624
922129
545529
407815
731670
424680
242841
317543
682687
878152
27516
765996
50826
92835
498600
163310
18379
867394
407171
941200
53851
795892
304294
365212
274857
105980
453525
589800
420294
662829
596178
156286
615216
278537
595867
208132
450009
283973
554351
890664
774516
240216
494336
246319
541798
891354
467778
387415
541326
873787
247098
256492
437722
302722
263406
923868
801094
766784
955032
658586
82993
237485
996518
400107
381834
297963
394021
566990
68312
587092
515396
653785
601643
926881
661582
20347
647504
224225
770454
525011
257653
965625
154255
920091
853035
217283
553354
508596
581615
923772
922576
72614
320773
157552
686110
171303
724549
236640
300893
489724
265296
524028
168867
663998
652395
450733
968171
818509
738922
484802
782351
205089
919830
301435
440532
290840
337707
968008
833957
23329
734137
275465
378334
980235
537953
735156
525420
12375
556940
289907
632685
104829
109489
570481
410121
572252
463554
521060
444126
674579
450030
928782
277279
860917
178733
646478
306731
113149
247567
511029
798666
605730
1452
420568
164662
183178
372824
304385
839169
759928
264270
605065
145982
6940
728879
778975
231656
321886
891357
312844
796965
30143
97801
819059
876467
564308
888132
23175
691878
485938
117643
117750
358478
84472
769779
94742
799094
626135
327097
754912
31621
782455
82551
694969
808908
852527
227854
161056
399276
731923
562514
880
789458
830380
445733
13886
528148
827368
258295
822715
188381
224683
679692
459566
889826
622045
987367
256622
496126
146008
783292
679943
365339
4351
23459
255863
671104
640253
152796
333951
370827
837156
405338
857195
136282
463677
959347
911712
568809
309795
756711
184579
445383
344472
230779
975317
194482
957130
818720
506458
664418
563908
711457
30053
565172
732824
567447
215796
162404
983830
107819
263307
811208
47888
926404
986645
764884
62217
595056
600820
899677
577986
661233
971287
478441
979755
137689
500878
593495
786070
403193
805120
47566
540462
631421
73946
488864
796720
238746
581559
913021
936936
510542
641051
603478
579659
807579
446924
839984
3038
704462
340672
75115
448586
340372
53528
831752
389945
980938
560082
367747
888240
51709
903876
939298
594841
407596
356070
378320
751682
971237
839585
198305
717586
617735
118797
88273
29881
190530
351810
639045
475498
169382
106933
345287
83594
737816
60971
610402
398985
423238
915135
885060
856263
623935
840957
283601
995020
798897
37078
306210
415399
700430
508094
480485
546222
49181
289946
976090
876642
957584
36421
782164
680394
45676
750098
290471
166048
995125
19201
785191
938134
561295
137443
844432
162780
144196
268915
519491
514968
76376
398718
842896
634644
837192
703727
902634
602766
360723
544725
76417
772080
719987
887935
628254
468535
959331
801994
911316
512941
8413
995014
753544
67804
398954
775602
164138
921153
796987
711370
891520
251569
967938
69173
418357
280091
802274
315421
361617
374741
859284
383777
982966
558329
666774
833826
484666
667526
407010
519580
264174
243738
229961
916579
281506
895692
675206
668731
97905
462592
107886
627053
220878
876079
508550
19435
525197
783986
727316
933730
834409
204270
37892
787211
4949
216876
268114
611332
694807
320250
416798
871555
363905
548135
337255
400751
139548
547035
379428
245343
708106
545234
686926
67302
190215
248788
920537
341519
541105
252023
590679
24415
636232
975302
13946
901029
544178
133813
935784
208015
849440
111422
270379
71107
477914
384816
341196
422911
862787
378161
165151
695245
951710
564503
872258
666727
598040
919745
723673
481052
416037
980472
525882
90900
363811
257642
925078
340438
998620
370124
52871
407682
313463
735379
55299
503388
672139
840288
111336
931997
569269
852178
275328
698442
242142
398095
17891
888155
13413
317895
249658
831940
651540
754809
401552
694945
691394
886566
423503
860854
620648
522460
216322
8308
624700
170262
103489
579013
271005
179352
114371
340008
36035
723140
471007
194683
579026
476741
340475
77309
121724
472389
394141
367024
45668
419987
607266
879371
241708
133913
839229
920533
316965
398778
92933
406623
428414
544080
270724
9180
933541
621545
73115
877280
54451
73526
872530
34341
21172
57265
79530
370962
536906
749458
563920
732678
669082
951889
735680
877148
331894
945034
916447
42532
763059
174020
102898
243499
673059
452524
268945
230218
905803
599954
84132
767804
284155
575326
607661
714330
201435
861089
396976
318905
367606
450010
884625
666292
566315
893234
313566
543489
636772
970933
735321
225754
372736
937537
902333
391181
48913
519695
89957
605772
970692
125904
447853
351265
875013
112204
965881
573821
479499
364896
760465
623500
312764
831002
868595
941396
825640
24325
223474
997661
523486
890002
241604
998859
23554
445208
14874
724444
747447
491526
417736
539645
535672
129399
181367
307131
371079
577384
254224
431410
633954
426684
767090
645960
857910
320899
310324
989990
302454
780223
203892
589965
624021
739838
499198
857269
958128
258666
746365
746628
315767
487960
28726
346950
406793
921406
890608
771544
508626
472605
632838
755371
283222
186109
902520
623765
611510
142529
567542
382517
458628
800620
22156
686585
410270
298874
682560
64003
509231
256424
500970
959496
796910
204912
161520
382433
144912
583451
169211
116706
55610
315885
797064
608683
265970
731830
348929
532754
749902
739510
407290
901898
476537
161930
862037
159153
647430
761939
728111
351174
650966
84797
552411
479532
666938
681645
498358
474645
584996
196976
719986
671855
348132
874861
248547
442564
428289
798526
912255
36965
338094
303129
722071
952810
957900
507620
283823
919716
282975
113127
455519
834891
481146
606355
288047
428375
717615
434510
574109
259319
491748
462874
708138
471134
651514
513027
574600
972252
274670
781119
367957
250426
838381
286822
901571
766578
281049
439696
338081
554371
626194
777984
427292
139821
954656
860036
829012
700202
956280
331064
441569
681622
299157
409541
779273
859863
768337
777575
447039
479462
109989
967891
515710
496601
358139
29015
476388
278523
432702
68093
474441
596637
475525
115972
112465
653755
269885
149004
798102
765026
752209
35591
207407
74876
513064
708625
244871
309007
914738
305408
735924
739035
219556
634527
499242
315863
319665
755736
323635
669235
53643
96966
291674
157905
280374
683081
423957
529704
535815
792257
864896
916036
306838
312358
674605
482571
689838
440645
182839
198325
178186
692003
314097
864894
463394
853510
273243
577211
777449
456328
600613
260883
201286
133748
511177
765342
129403
823531
255768
758544
820519
372671
69818
983636
581048
807736
264514
502284
588213
616792
984519
68058
193436
826674
666795
700988
61384
429419
359715
458479
938672
387828
954914
983405
376081
583313
615738
149675
598624
569010
370549
367698
939815
356059
138549
518025
193117
535755
704819
647079
432147
63202
315621
75802
206772
247380
85759
127318
887539
246687
635951
882972
360102
229368
483150
769529
70950
850817
