155072
795320
564566
669160
448909
248113
99917
605210
75331
195803
262804
278628
492570
243388
995441
118816
694336
951313
244165
293260
262523
974565
336780
965273
50144
502868
435124
957945
773809
432650
401025
633477
830679
115675
762
140852
858077
388295
198037
173431
302390
213475
545097
354033
420287
734022
805119
588027
499891
539663
7209
962458
266974
229867
497773
950383
976119
629427
875410
416309
245102
308268
579485
837518
742139
36224
780229
674925
374847
591139
619651
1630
913043
786291
707527
684727
773900
111057
103819
269057
344955
477580
711859
567693
666316
504694
565011
724524
44236
577939
962003
41695
725993
169328
699498
309017
286538
532962
450496
199301
827662
280258
555320
339383
746373
492075
879769
313310
870011
993944
676704
57535
476123
912675
402321
21834
244140
770957
318839
976194
823465
150984
948019
488989
578438
275480
598996
153675
953428
648780
920020
416291
150055
881671
330871
447181
809184
451887
310314
350140
915481
325019
257712
353319
756890
199129
945539
457644
148241
52435
775598
168297
689060
31154
48310
417399
902372
415525
412290
767
405195
19611
639693
347065
933456
893374
758607
717125
641067
898109
517075
955544
335054
923918
72475
241525
377613
823530
832928
499305
671655
624324
455492
481439
654877
188334
798012
453472
427318
642563
566575
515750
675012
504378
764274
322428
722126
994422
115356
647721
182477
476205
792757
335552
818484
505485
821325
740188
796966
206393
26552
614134
363942
789965
912746
176980
958050
174874
44362
361610
202886
629356
838337
56208
588550
878810
975674
810851
423433
169170
572005
640745
245704
320264
101563
634838
94816
636505
159035
658953
459743
502770
994666
972631
646259
206968
440163
472826
432595
158204
228595
735985
188825
663071
976828
825251
73857
563292
728006
907626
671254
472877
317719
592119
788007
404958
633015
722915
993908
674883
522014
39227
842269
87014
302864
791651
721043
719300
892860
261294
243044
947814
842688
49549
446571
409804
334122
363003
926290
746669
324157
403621
848437
564051
545535
880512
508379
554141
34765
978064
618671
778649
498191
297417
405929
796542
661764
703025
583048
143806
796141
370079
832268
361727
199806
61754
347472
619943
607370
431328
994565
231123
799989
939559
10316
126199
627708
284129
752537
165899
49090
905469
907585
760507
923517
689152
884921
702241
71897
971911
778261
676143
186081
515818
933921
674629
917129
904378
653305
348265
208315
659307
840666
551270
118117
867857
542961
636814
930455
547580
649858
171908
791518
942067
298840
167007
691807
356984
43033
287457
110538
306901
164622
729386
607612
301165
486592
70528
153803
56377
505861
545703
331470
9093
821084
960546
835155
20031
20919
212193
512243
373622
925611
214309
823731
414403
688929
192501
948379
364388
361756
591330
869182
355637
808911
648935
596114
186264
105455
684649
618544
140765
934002
642750
561736
217895
915016
567489
933217
642515
635251
388348
630644
228818
23276
114722
62458
327144
217963
530020
863721
804052
113435
918532
855427
901004
146792
954988
807750
830732
800301
853820
489952
480685
430712
160710
740239
713108
278598
607756
440512
266565
930306
594685
199748
125727
668072
780661
676638
806600
408050
197256
640050
323518
860237
210355
177914
262972
178971
323184
147032
996154
800916
790172
911908
603804
419630
488612
29931
592392
396243
941940
499671
307025
957895
574879
499461
842645
867730
543193
879161
128501
977214
588278
816993
275528
565202
613243
865014
407278
312369
631879
231005
96527
871777
852188
489901
277397
630020
920327
30812
384736
309375
699541
908303
16288
873485
117347
312942
675442
450775
606696
874115
942077
298734
104679
211256
333884
157451
391329
850227
828948
92216
62987
267560
415805
22281
756245
359642
867462
986653
525389
915208
807567
766773
942714
181593
804149
212988
372053
637193
310023
741455
75240
685153
17417
532339
626660
587928
830054
494946
431114
643422
340830
181240
895656
12748
484756
533991
80368
78641
447947
638533
616337
458454
711200
547592
459547
738557
700282
910311
845973
897462
945144
500689
50019
79307
604318
427845
51351
380726
713021
606668
536815
179418
536445
341523
697184
601444
349499
521595
130827
158083
63606
970177
607741
842558
794914
504291
876060
580446
860557
455658
456745
890861
272051
185289
486927
400511
987543
873339
261045
445364
373869
489528
595409
261834
466151
987991
731770
99809
117819
993283
138431
955812
858931
418032
606788
843006
216983
126117
821506
739223
875982
422141
884548
289030
956062
521343
542817
97048
692655
17721
191755
257177
390465
154302
8681
528506
844774
644301
856453
518282
39255
16151
773732
705535
235254
245932
836215
341322
299861
781083
928030
271642
605213
835928
243121
437318
2830
203110
94483
921581
738740
572075
513165
670529
15292
480273
510531
401427
442968
540221
456812
865811
977127
594213
79192
295361
600660
587915
406500
450333
15163
409157
894094
104941
571827
170135
599064
992963
665619
179635
556669
529425
793501
38645
366788
797802
994880
427794
367072
809102
768868
898062
913038
906029
361855
214691
459311
666919
549034
578063
833244
426830
989654
100303
341464
472572
423979
45136
534431
239233
150587
444806
396926
233485
760541
357163
38264
365382
940645
581790
66621
404003
521257
28089
155941
902284
296614
94993
946160
745110
389240
907054
789739
529057
611183
979706
885613
227653
661565
593062
619081
410126
391258
859231
874844
749309
942218
780445
533693
631917
352546
302148
296632
535676
540710
247124
291833
695558
588083
775210
783271
181882
5806
372218
411198
213710
154532
572186
624613
325656
876852
238807
849153
477182
914102
323725
356688
510956
597999
491311
976715
754557
996236
794370
747515
518125
718482
626940
12186
888972
329447
131086
913265
335569
685328
318673
429697
412431
691896
108445
307667
906773
40380
780458
695050
78831
517225
154233
134952
50283
717340
165811
684122
348496
777082
967325
515222
792998
723566
473550
258959
962857
575349
233975
223624
387545
202421
102862
254546
161085
48566
745814
164432
560375
241949
769314
853300
390787
273276
148278
114902
643004
74316
545544
740485
84088
92131
151797
206036
676357
686501
304646
658600
444036
159340
792257
162766
304828
448502
117784
771598
591822
681535
443082
442156
215711
230700
734314
120537
369700
190909
164594
220591
836168
258585
702855
853741
676033
411418
815904
837370
332009
904217
84392
130615
912424
950741
949408
173348
568434
174349
463147
186590
248093
409469
890735
835906
4749
828341
323720
627144
512463
900641
560718
842614
860681
952870
654699
721833
853150
854941
158558
506129
666287
780733
779390
233876
149502
973843
689132
74504
484190
726110
812496
384478
427744
782459
187675
251552
481207
735413
662544
194056
358761
550779
678394
936563
263538
435753
223909
20234
840928
187797
18381
478113
322953
101914
89541
900887
469327
134897
784101
179080
823499
100425
192999
436383
273946
866279
537404
721966
552120
526746
932278
433505
348125
99456
315865
203072
171482
297160
121816
619102
355529
420911
484619
540734
795570
453089
245131
917273
62234
909430
596235
733835
695256
506833
578442
997850
754292
628117
383302
205867
119537
533171
582953
434148
695186
922556
267126
188105
681348
484177
519089
544047
251122
443112
962457
879497
76933
166390
185894
758054
366207
551601
625110
875589
19631
587412
647287
441404
535945
189352
947376
477691
599469
67767
21023
470362
230125
890212
145793
777028
659177
912283
530025
526404
756675
978994
754934
679728
200078
913056
836980
95673
654854
758392
704799
675992
745103
992965
462276
365180
753201
232271
207081
607928
592563
736379
546029
234457
784920
394591
749265
336516
771788
251158
451000
54598
619865
385345
158920
730872
697977
370860
307742
866609
577709
619227
165355
83269
577271
735150
528505
322223
737188
723862
37996
985682
423804
105353
705633
524642
706445
884748
502867
864981
834353
503429
79206
726659
692240
964392
769476
739209
139956
199108
512324
757146
873424
314893
819979
614893
129484
840650
970652
107909
446046
946273
205253
632667
514502
513605
963840
164375
700525
544548
575994
277495
784178
717324
213090
567666
878
719713
103311
826816
64066
714836
663936
96213
416071
562506
913147
950642
692512
304471
853951
164099
519239
700917
760905
324510
884966
527297
403082
139640
283719
858397
474160
530753
931898
214583
714087
2727
742025
448094
863203
459521
185390
896219
514612
174133
872725
492505
307771
643935
479656
92093
473806
262378
969084
156826
212804
374514
827167
442433
457785
24014
63290
968531
107007
171096
357090
717860
242252
547320
653912
345073
796070
261956
504619
628687
869944
51433
884581
516853
7102
282927
581436
785330
252330
66686
814937
581993
5414
844835
351579
804471
849095
791276
969129
510107
951961
749849
719226
776881
104019
644785
542175
991980
61713
986016
163868
674988
984260
815660
705172
879475
433223
829012
719146
887099
884296
884867
65461
771738
443911
313932
621710
837775
163955
401392
198549
723800
41457
297319
461577
857952
908872
455580
205347
793708
48263
767147
987040
509571
487904
160786
435115
136813
597763
86470
436918
63396
95123
50852
70131
147390
410394
675670
301605
962354
34742
435070
940864
542677
804896
841798
918353
300034
155132
243361
977313
557759
728660
302316
211204
275647
340610
189439
7568
141277
552429
272720
25701
145497
852205
248698
903912
201625
266707
667552
164103
558493
132822
576280
459574
631062
196922
566003
26618
31140
197473
469580
594510
618888
443467
528041
495696
276868
876325
846005
138133
64596
266960
335189
148331
902732
287917
273250
492106
754381
934259
123875
44510
560826
597820
959359
954332
90197
293750
21172
517891
338346
62065
990316
493229
662862
375719
653900
872712
308890
849210
469492
141505
142571
545337
582874
804374
751827
288884
678959
21468
669389
70651
859358
773726
129660
589878
872300
417880
628269
784550
717592
140945
787201
454120
772979
743479
923811
571780
809723
100328
476921
612456
62744
648804
366926
968006
814435
837231
399969
127487
792414
870493
306305
862472
606314
208385
151019
875046
167039
935711
581625
253529
909716
93121
946384
816589
490808
426243
85174
943497
146071
997277
26950
914695
4547
167207
764263
699937
202161
410654
447219
784364
473355
194588
962909
926197
709653
448494
7979
713004
568736
222772
933558
307686
887235
630254
819187
100648
670343
744486
435045
147180
38422
351468
754934
34880
658757
438399
925124
236128
484719
626844
185826
80126
133363
842593
329289
651520
886246
326081
434072
530112
11436
69262
888660
381601
771765
752188
475363
337308
100881
348765
577710
911818
690229
236216
972993
951563
498325
85744
841383
226281
589743
314631
88264
401726
52136
998632
11869
411612
16318
717477
738414
708893
888734
412114
290172
559773
851683
740459
250773
952288
714867
374937
725709
613745
862478
903303
915997
338858
689623
258765
998692
528682
136114
153620
269598
282396
435030
243020
997648
6529
745183
391662
152349
228061
740069
150877
527786
772166
892506
208835
710588
179591
581694
834021
94918
794389
999910
758743
601322
852601
619283
5444
793575
282996
703103
23767
504998
418707
903342
609080
367756
188673
468846
369412
760694
532774
201450
908409
241596
341604
222342
500888
900202
283434
114435
688995
529044
483504
649863
364064
363820
996536
200210
526313
342263
361582
188301
861268
974882
127461
946026
995905
226342
649597
505136
580654
752626
776310
994099
678151
293992
762456
641944
696997
611273
912274
486823
760472
447504
957824
980431
435312
210827
359763
572647
248682
753817
357368
582713
555513
688555
967909
546525
935283
727
78461
592632
163823
347530
43612
778842
481339
610212
594002
372470
282575
373983
979092
130054
776079
94361
965407
12661
758560
171283
777012
285892
469740
61391
904740
780166
639197
502677
329313
956509
482758
837243
450586
593978
273424
124004
560150
35613
710527
406570
315661
878457
713292
541793
742039
31559
184745
955155
576480
728536
663846
849187
409105
196518
222143
773386
893147
985084
263578
559977
487239
853394
746731
60709
957640
341923
199491
796831
607776
659620
826918
916079
36735
743885
744712
312769
348011
552932
888128
166361
630821
347796
217417
292907
171001
855535
864525
724180
503150
466040
931739
684368
442250
250782
821113
658119
99062
539558
252023
378980
133140
672033
976375
544009
912213
756588
295641
454266
838474
805687
583835
700568
885579
141696
488069
311079
219333
459420
651899
385531
746227
894537
854509
1195
127031
400324
609871
359308
635902
342694
62118
462645
998375
247336
217654
140745
303810
352687
937775
20583
653249
371965
462434
79344
919927
744925
500529
477920
225110
471403
114878
112326
698789
481701
596292
876880
81371
472902
407966
158967
158687
526335
991984
150203
747080
222083
240886
254514
359352
967715
338321
142095
149226
423933
242647
712184
401545
404707
455820
816627
962686
224863
15940
30961
233309
571487
506367
824797
381411
16809
975994
217047
798648
643515
413776
377262
501777
591791
647410
380366
487906
498503
544078
913634
974514
265270
17764
640267
529105
464988
462056
939343
704014
509595
825694
481181
61890
930890
929668
906872
71773
565549
540323
49749
193181
391844
426479
829828
776140
389950
533014
801822
299984
168773
223453
311714
236253
524479
865599
755624
597044
457136
761668
627092
652515
222493
102361
518837
412062
269982
898437
192867
235808
459693
559704
577164
417745
573493
928024
608199
580188
474656
364239
533588
530408
317515
510129
802785
739546
472015
242578
210593
818731
486062
187646
524652
29060
231168
959053
465895
194527
546608
751711
263989
228796
541231
271451
228174
633927
528287
226623
122062
91026
821713
587479
408188
435568
341304
32920
923617
763127
744343
298521
193722
82377
790015
755690
684739
846219
722028
651827
99160
331829
536240
571855
410151
245516
49647
82217
53719
759944
988290
572375
700069
533954
256544
932111
61893
651128
525429
685252
57193
520639
561053
80821
718878
27369
833191
463453
979249
724169
541109
610206
389856
578516
342895
251024
483732
116909
909941
424640
479213
307826
414102
945617
802916
603165
681939
408105
290916
146532
31748
784422
129665
717271
820553
421049
542189
782798
55898
784427
642143
263557
346874
831293
706241
573899
735053
325160
914777
390527
208209
716426
40691
905755
126595
744320
293981
616620
727018
364261
740167
354584
259065
129191
961463
345134
176152
899965
241402
965874
873719
815020
466769
648298
858130
546074
424313
218610
288305
68560
173837
989214
200412
543928
827889
546829
766941
916376
113370
346727
458175
640522
892614
457968
138706
339368
780896
191778
465814
400277
971883
612571
317142
844316
899770
439574
270733
373183
698367
803842
172019
943707
908004
641876
96882
466613
736237
25995
866201
573384
359885
408270
672989
324143
702348
314497
711558
950258
889002
323478
387583
275687
687428
184259
251191
170483
81336
734077
718177
516748
710787
615326
599612
468228
233294
54328
507822
691873
300439
780615
150910
114144
875350
338760
740421
126869
245527
307308
394044
802086
516969
454383
696402
116681
408862
546542
331429
53094
632584
965784
902659
411497
22885
50512
648376
465089
183001
734214
995400
159798
613039
254598
70690
212287
115262
589574
201034
606852
759039
992855
162952
982055
698308
61606
596471
498953
189478
865239
285630
857998
497000
909850
883711
959755
263360
703836
593993
257038
950434
34068
941257
840001
378825
738850
266685
421204
388783
231581
509928
342636
632886
22892
1288
881686
889261
255642
965324
317972
763842
129900
293908
15938
565962
562056
890738
266009
747991
720871
709546
886065
249015
889637
545099
181463
373749
257770
16580
536390
165154
971866
831767
439874
151562
955236
675857
835223
659495
460458
217878
73364
616179
907600
265984
278305
899811
419534
553009
433888
505583
302289
910473
351677
740285
653774
114155
219614
342308
344221
213470
309561
855783
153626
964392
182308
414241
744979
853327
990297
798758
213593
27660
338879
888941
517299
459187
684715
768203
101488
414479
894302
381553
859756
804237
375517
873411
660675
165772
158462
692481
894613
437850
538788
151936
454495
131927
825361
170696
173523
67958
116673
961734
843191
561586
229759
53668
562508
682963
506068
530441
706714
232158
97860
759892
514986
285478
675438
245073
595131
828899
493546
742112
8624
714879
345924
325063
796532
151393
938092
748611
754672
428196
182017
645174
283749
126177
494898
912451
647870
19518
708961
935136
831284
138293
380584
624993
700817
93711
603276
910331
783652
54612
230079
195765
350195
980361
797766
141896
581211
221154
536753
409049
977704
561598
601273
464998
43578
474979
225151
246055
358580
880604
295137
979899
10503
570785
359726
655389
193687
192790
693559
191854
848086
682919
497365
742200
654071
565824
73494
842797
802289
602764
902209
565472
295798
229319
65103
840464
352870
3437
279417
141868
470435
742574
998173
285028
749386
141919
301021
190792
709828
926535
366527
878607
717712
549412
504278
384541
485301
835193
513115
54683
885995
916183
382160
412144
219877
31790
834833
618243
260282
499272
393822
468237
63884
638399
484939
296509
198289
388198
793262
272923
339487
56785
38324
418541
15673
205370
733293
506691
235640
901923
762290
411064
202514
177296
32470
213894
304616
137331
314889
56044
32770
13789
899095
121395
83142
107359
330352
480501
977934
960285
909408
539941
462043
189291
439385
802525
841677
328609
67359
722843
291155
76169
123994
785653
306379
691434
871654
40534
140148
392060
502012
447144
58474
643765
377013
900950
620507
455922
943561
634562
609374
526742
43410
892164
474121
905643
312126
396142
653344
434380
232536
632102
916258
781696
770941
63352
21861
376331
898159
843949
195198
295115
884223
814540
541358
543918
877583
349238
106961
837465
478182
522806
381438
364196
14264
379157
243788
540018
932927
550261
309382
888911
265280
596861
193611
221483
285412
978075
184411
113106
160448
458617
325130
481137
710514
724380
456889
488988
158875
851964
163139
97686
299780
705594
574497
859058
353037
469793
508392
522943
350098
473144
822553
542362
833960
170563
297756
76339
342450
96800
562130
557034
114931
547820
264553
141736
791461
976752
682395
149730
570410
976479
853262
150681
356838
4818
86108
717836
7129
351160
987365
14852
568046
525654
173020
447286
6068
657123
444449
604799
707306
892236
126179
421252
590154
412008
515041
101527
599590
763493
428822
285385
86632
776772
552829
143893
259551
844949
117556
69441
917689
695677
510737
879311
336413
586366
642848
359923
370528
321832
437821
186280
220622
978463
726845
809778
122337
794566
738067
352455
556865
568306
211141
628850
798422
721120
725375
848089
355525
502781
927015
967745
684950
744569
290841
851671
103913
443065
94870
226450
464028
673663
108610
417559
635356
613876
828858
55569
253102
197603
548608
43733
59470
243499
286700
703810
980850
158035
938007
771322
13446
15941
700034
68465
75693
22387
752004
323038
285919
994228
663033
158906
663250
756410
662980
641585
31791
243317
316925
891739
242902
720734
773745
18968
935274
330760
708890
996657
150639
74489
783983
666017
519624
785814
483098
399615
448769
593838
420196
560133
838752
820295
284140
239573
993656
897212
513668
474729
392468
382388
312745
47846
962028
379002
625687
664162
862399
220218
218018
242869
591506
65843
420559
511191
27584
511430
291198
698402
250578
781300
653605
378556
141976
796948
976389
666687
976373
599071
82813
516856
778825
536821
208272
463730
425053
478280
515324
144476
462747
166847
996573
505731
85637
429227
592553
730713
432460
933873
844296
406067
161457
907917
960855
619957
503038
303073
619325
242992
750751
749202
878945
763827
308381
591275
619921
877971
617845
128163
154707
549931
507536
432254
691916
17610
610424
397132
151890
36956
748994
108867
458552
129543
144367
519767
148647
15567
921491
559563
928924
807770
270727
286898
164613
172037
412101
386229
721727
175553
731666
969635
381492
584083
265010
671082
886277
951959
2230
127337
937294
497583
814816
905677
329233
997019
43143
787497
176200
952980
905000
355652
6696
611979
948633
292524
535673
22282
145045
393723
797779
846638
159095
649930
295525
541317
472609
251740
793575
77452
922810
594836
530257
553819
816292
209761
462778
486149
378399
228943
201283
79512
858273
904032
313358
736308
755527
261992
53789
265699
302911
834877
24092
964421
531929
942317
236986
68163
821728
301873
367609
10973
817924
946432
678203
88110
155713
941797
454639
19422
537796
262649
610632
193609
652606
976573
934297
593712
915689
366693
705805
618150
554617
672260
799597
836239
142123
301364
229030
396305
359132
713198
412059
894744
204781
427086
817038
777572
105450
749577
496167
2416
385011
608394
95490
224739
857130
768674
232863
428515
6813
521861
567835
710946
13925
132560
617795
249120
931442
783746
531889
519682
236194
863233
341176
485808
450810
27068
998662
565593
798930
317962
372189
472679
5225
496419
614471
690967
424487
770831
32650
805416
151243
257937
280248
384204
734023
236503
942549
598770
685912
656510
206890
428658
177157
372656
232213
709655
445444
793096
59514
9893
90167
28134
953950
236131
777262
672026
58683
216764
278425
552210
310217
802336
233681
574817
613275
873656
404878
546826
536296
667763
701977
753811
65974
633659
96856
412306
496822
930436
212963
156709
534143
219305
194702
219913
258030
356922
906479
772941
274929
34284
294175
942608
905822
442602
303286
684971
497507
374721
22998
168372
759164
19265
804322
721658
558610
531920
358466
295700
407389
76885
50932
140045
811384
96187
188384
800103
199169
115750
725187
67234
150211
214311
854099
493407
633684
418949
152767
187998
990995
580496
460795
832158
459475
134269
869219
401154
47669
755812
368819
42435
277723
979702
638820
350537
748792
157744
96612
513688
334374
340761
26194
965365
128256
643743
425
379720
692530
499525
30880
133423
699423
482250
377976
46399
902107
762207
155910
86553
304446
380156
769436
601240
129771
812250
624007
746653
468459
58035
621560
691876
458847
88950
915890
484217
827607
362423
918007
991384
992860
151808
975500
561357
191554
332290
33402
283503
327544
175120
147014
966278
885753
436807
474731
344322
618852
628262
842475
64531
798438
202490
766269
320527
505621
232474
201311
590546
105829
889827
18488
597674
536052
306581
532212
571627
418270
806759
604198
379619
734515
686256
647189
928797
808581
4047
295224
633576
783597
726080
474506
443190
816076
956341
400916
467213
639867
708772
995640
658329
857721
849460
61253
675986
440352
498967
284894
425910
558621
166508
480414
919376
878876
707331
164838
960080
579204
574463
201694
977205
633790
15047
260583
243564
644618
481569
17594
86159
806205
57355
356094
940488
256082
523307
485339
876399
250561
771773
88063
969701
46866
95333
836155
882481
464032
56090
684375
964771
166062
55604
407141
471509
96361
597271
374909
846059
290439
961455
562028
544630
453433
447609
18788
491194
237944
445162
423070
175351
170863
477599
131847
416898
31239
718499
205438
232018
390276
619386
287116
891790
201956
38883
47380
51113
806068
931877
454485
807466
885341
367283
402711
923014
1433
349957
953398
461331
350724
132660
808631
431427
316489
26219
878962
80186
292946
871580
850764
173481
816507
218218
115999
720226
444630
277366
34530
385740
415864
71255
8857
161339
473761
962614
809629
655542
6774
415917
408247
788016
184047
48090
291191
701264
291109
562163
85400
966772
934397
125809
780296
171129
485099
649548
92257
343745
835081
960370
841953
181976
946328
876726
841864
78993
787107
361377
522734
945123
209375
154293
737874
599606
232160
61572
832127
319164
487621
578407
417068
520244
433927
106199
499477
1597
798832
416950
22142
888028
74208
454384
410758
127539
368146
512299
472222
507989
178506
582007
384367
831308
203285
23856
495441
778507
859736
824987
728314
644745
669303
409557
57137
471169
819592
217718
200514
969912
451870
941034
426930
155488
422487
433124
424982
343248
942998
249812
888690
602650
782152
60833
880857
944525
761085
696765
888837
368511
667805
825938
587683
93837
922637
128213
22958
467164
119325
312442
142795
957463
294270
746334
354393
152700
712426
758644
195452
441675
388583
143544
602826
737843
169842
612343
957466
774133
897069
687468
900467
338535
272234
550543
581648
253852
526103
82504
358204
964896
722158
778479
288472
962828
184320
230171
331902
426326
700080
910048
628714
103520
703626
550997
951306
18592
315150
996938
548703
935184
243490
693442
156106
470267
58524
902300
132490
873684
711032
583813
742913
193636
618676
168529
648437
779334
192404
205879
29389
326404
576781
74517
221658
51653
523339
719222
255213
777280
532032
483708
847089
787309
894821
471464
671256
391684
641601
188338
335234
88130
253444
355912
413821
984048
945548
722820
73871
748210
148266
343557
447947
195335
382086
489624
347926
182104
709619
664929
882096
314409
630637
206030
317876
412946
971982
698972
399729
829112
354924
472099
564080
270452
780190
251247
478011
332850
433999
309858
539619
529648
429212
213249
28645
420483
230661
34806
157251
471082
208376
835354
598106
116001
219496
546646
762784
387652
576735
164416
885906
41268
246847
343365
985028
568917
171771
487746
5470
58634
630508
82462
940184
183369
572810
345311
246243
631917
395546
191138
562755
708500
198303
852801
954231
748709
704031
421227
743853
745724
882801
667063
513337
930659
734738
67204
593331
322920
987521
327424
849714
880430
977679
221049
124085
746007
552412
233477
244320
562478
475278
972915
335130
377551
56151
277252
14584
929884
539954
697991
42035
147454
716368
240111
506806
220867
905447
63123
502086
287935
803340
285631
356179
309149
830876
490814
173181
506851
750753
348144
439378
979275
106222
646885
20541
690769
174552
547028
559540
130741
232545
31633
954426
100026
321986
940863
775353
790638
819338
367630
74797
505472
347992
305162
308132
828055
109007
786917
919066
19010
117123
535393
676583
189719
967418
37227
873410
202951
986801
675727
935657
131914
106926
986677
912945
671806
981247
425802
366829
214502
705562
668286
498781
949010
592847
899804
28920
681004
865651
437724
300891
518830
51311
198268
979841
343627
719021
628510
860580
571652
381632
301398
520958
515431
433263
178496
102857
717020
489472
108685
338358
578818
464448
869113
409045
974541
165107
402670
735369
996679
859000
256710
379410
19106
181718
745496
688334
921043
410089
13384
990188
959074
687154
514932
482262
694081
596684
797977
255970
425117
940978
42027
153144
822873
614931
631853
521912
953737
847764
385825
77598
654432
630376
755980
392852
568634
833686
896186
505273
539943
343300
8834
904125
405457
119916
89845
121507
479380
659854
511315
323409
162143
442528
332272
367435
236533
1687
43550
345467
587800
569449
113889
606208
200315
550860
564644
356596
17
381779
87212
719003
856357
818645
783306
10904
444642
939441
346645
805276
582032
762793
975049
470940
859374
990040
375939
945515
153394
526451
629433
481567
743211
676718
64400
210604
307519
395646
173728
561526
209330
959285
310157
916498
62690
39603
668087
904530
304020
90503
966375
754608
425316
282648
753051
499125
490232
998015
434543
454981
892114
442830
748438
834725
118207
879865
613372
327052
477311
376624
701484
541148
228083
28124
381600
970557
114166
813260
696997
241810
142245
758483
538889
450586
147829
763311
608048
329222
750083
795376
821013
765488
497381
264936
38594
884214
856936
715507
269894
732708
951215
603203
717693
804719
26364
348038
492914
617770
28818
516416
808258
434746
666398
153372
430755
520534
673738
572341
445903
220372
621858
905599
569775
787575
135928
270727
610012
136343
479814
217406
265630
165860
365576
630435
523883
863558
156298
346878
921646
318937
983155
400031
862806
95984
668318
358358
10106
689345
976156
225469
599913
771175
779984
474422
25443
284908
685016
222521
720137
245221
406283
131804
577896
912127
195357
309560
912949
83285
389204
342982
238802
755215
616237
846534
293623
648821
848426
226652
313403
967479
790614
508267
664110
152418
772076
187513
674812
582959
431943
321868
314341
702124
309592
201124
448329
125533
563121
225746
724935
966227
778459
702595
537834
948144
709383
454853
814353
87906
895047
468519
83203
4281
187666
430166
350227
881361
881951
92835
95481
160012
205239
183699
945466
674241
768465
417016
236127
709900
885422
203566
765466
908177
340188
119983
3780
951520
580392
605886
94923
409200
551097
906621
794270
961883
727762
369896
681101
141566
584451
921874
259214
808517
138837
428542
137941
921653
810660
38614
815485
100599
42993
869450
634775
426699
312893
888295
762105
775753
783275
540996
454814
477375
788752
951828
108861
507421
870077
56290
109664
792334
51292
313864
209830
240880
841302
829761
789599
122370
372280
122729
225407
293236
838938
956230
346737
718700
974653
126496
453180
320692
891818
407452
630907
741655
706744
925903
656262
480453
267851
616744
813084
315775
856482
288760
329601
808690
560822
840469
592238
711978
512432
420003
763603
277415
926809
655029
666738
399508
279665
241677
463422
841570
202077
206824
67517
800997
889901
897538
631613
19087
344729
833541
354061
423067
570205
428693
217478
771145
590764
838976
912599
871239
759094
671267
885083
488121
921665
335722
566484
690426
878315
260808
96771
178125
518033
490189
888863
4742
763701
120433
712255
905714
246858
890950
495030
969288
319317
631623
985785
504257
8417
721628
638576
963175
708254
623043
862115
973586
846685
181304
897400
350329
166316
988304
880070
533165
216971
438749
437463
166991
459425
434408
725420
554414
951454
198962
437023
36580
584317
903966
752805
254898
139602
169957
93690
708312
118455
473939
324620
860082
716953
512793
689102
546669
430016
413554
301797
923071
239091
77952
592729
848084
467786
885924
973582
410308
149964
499589
684993
231339
124106
319841
293688
654479
78825
312610
527818
992997
273420
183532
154835
317175
296867
525441
103867
755817
207069
387772
456147
582268
225180
611359
272494
553507
141196
185741
887422
39283
240443
859572
462592
718704
854087
497251
7648
271004
396113
920316
783115
561939
440145
186435
347096
204318
42592
767726
181500
2006
531252
753843
71967
790443
489570
619524
118146
761513
489877
159297
638686
494836
989333
325522
844955
988540
541593
740472
446265
12144
274663
179087
914746
57065
157016
802951
500740
811410
35663
736586
226812
833331
585633
73737
10925
202423
632062
636268
878975
316523
359201
917197
765721
460451
429541
715789
681322
965286
503800
447857
722323
807289
342625
271904
353166
622071
33563
667722
470858
112112
782039
303818
127322
557271
348343
783345
603526
328242
515245
963449
692392
689974
806503
85090
445308
933914
784233
871053
579421
488676
874564
537481
203457
654921
198161
106037
661742
111385
560928
946673
591657
691291
320095
684487
243905
745417
682411
803251
118391
101946
696871
359098
872771
878118
870994
516216
163196
568600
967918
884110
130588
491668
243142
56532
411343
567599
106357
178931
129844
276185
427978
261191
231122
604551
224534
706145
627134
183654
943396
182580
702127
830883
769933
887817
598465
316177
188353
346300
511499
652846
260729
680823
743706
462822
148348
685778
426335
442559
649879
404125
738505
50454
729977
531307
171460
692218
608859
855606
794357
691799
511041
743714
814195
453319
483793
813606
656255
317358
305196
567367
666838
330745
224240
58688
301775
276643
592718
951587
334828
157302
848381
590222
698643
835019
71488
272844
446532
100973
582175
212887
625667
69653
509037
482263
495522
437793
777087
241760
817139
709177
907729
124560
42074
957420
654095
97007
90773
305491
849717
963828
895554
324799
789080
147282
985802
992991
42748
728864
335635
241020
709976
943771
118109
538674
818892
666319
496195
430178
339172
215043
457228
499134
730055
136685
192554
769245
800625
447334
466764
95181
379565
431487
213087
225984
101572
819097
831132
851892
319268
823627
643918
158855
505212
982025
738022
895724
11434
601572
868212
327004
729518
790850
547864
508147
143212
133804
764656
560203
509067
760839
582698
211368
902210
78694
672656
621367
26548
106128
601470
618589
15574
769530
968899
456288
277410
416557
854607
529696
373216
923983
60015
893795
897878
651609
180865
257367
92687
981935
504603
36988
300887
879300
293693
651399
415968
357406
428869
873381
72140
832425
55696
450970
916735
70205
413662
708698
224876
733545
533764
632968
572113
572400
538685
159107
778041
536472
762881
80250
39770
82090
912675
33701
381940
970653
358677
751136
804633
724628
928326
743809
394276
536477
249548
661392
190725
966045
30061
653786
287522
369241
679030
267420
617432
907875
681278
253772
613638
988845
509144
489795
872050
969968
615618
132887
142026
543439
660368
577971
769236
743377
985587
811778
863994
298235
338054
115858
469751
489137
697278
26083
836561
662621
480258
820239
349728
50671
48838
262853
893815
529437
795311
178933
926392
594796
643754
418719
30612
794254
603433
649512
363130
201289
653217
131772
97514
507098
396869
734756
798528
419484
30949
310891
356397
338201
285490
558210
188406
246941
536245
714251
899917
616119
753052
401361
962844
86676
404
341348
313244
807068
843707
403276
368857
273432
964926
923215
717765
533240
751777
107406
533556
200735
347042
966932
106076
303369
56043
251744
94672
353925
935570
636423
500729
924936
979494
762333
342737
394724
951143
134373
29479
482483
16399
864486
583436
797927
628532
38135
458494
512640
633713
700234
23867
401470
59895
377601
768624
506551
690618
498569
206641
757997
926438
997044
393858
177584
825777
120133
400062
987108
116839
393785
969671
749350
144427
815962
598168
285800
744758
525031
940998
81870
161329
924551
704
488880
396446
771114
666707
460608
974544
681793
773238
707130
66331
789038
980127
955058
831381
771950
399243
451013
602238
545908
733044
623515
90532
969227
440998
308471
190423
96697
372192
958007
554959
331337
105121
275284
978468
136692
824856
277335
301036
354997
592585
910171
140678
736675
892864
925630
889923
982811
782188
102985
269379
251707
300165
255839
467940
438316
320650
658796
317797
505089
532388
416614
742743
569662
573080
77553
450245
12974
121836
860898
294435
327228
451151
257062
68433
962878
438413
204919
538913
510263
744844
72940
680123
618653
821475
973088
590743
972634
235236
510186
8452
709630
973286
976296
778791
439940
870030
161406
618262
64570
103173
528304
526993
212878
184561
764657
65830
126020
401228
976718
992085
35639
737547
50397
895573
298869
968
460263
886512
220405
366423
216671
143781
350658
317235
737251
27085
451935
735342
412341
898161
559878
950058
445230
70915
346319
102253
993185
492224
953408
558001
219460
728153
738497
595038
562183
151167
500790
80024
564436
5623
267013
370175
450827
797230
406103
437125
990692
936478
89091
396327
310441
442905
864561
928703
724473
328572
700173
545587
971008
234155
895365
601756
726632
448868
60643
997344
791781
70770
708613
406386
727028
966078
203555
671676
663391
896449
664633
309640
647804
705026
995660
772013
462495
416647
434680
59110
792241
868638
235828
939329
319950
452588
174398
102796
455841
619647
831321
346897
792670
83089
212597
759322
847909
495027
508575
762193
712404
393775
390744
12622
205151
457779
790857
294899
209624
394467
50483
303268
231807
59726
225011
269899
802551
387633
486947
960636
113367
323016
959431
365596
164802
154772
879329
274347
373028
625476
444255
354866
643212
201171
961102
433706
387569
55850
280251
443451
112088
304951
193496
850251
491517
661160
751038
848876
199427
28116
427636
531615
757427
849696
40157
334049
985223
4603
287275
787371
600592
129047
679823
993409
147178
515176
283586
737449
712971
437263
455165
770529
632968
231375
966008
848259
73085
497982
372559
741863
882654
811775
5803
357061
421609
845064
397681
419585
820341
24599
292638
196248
967911
924865
767164
628017
136309
310445
453137
370623
519414
673658
782109
763867
713151
674702
294900
794285
514397
909650
115433
550086
934359
840972
882822
237864
196827
892219
91798
339967
705225
894650
408424
840317
160251
404110
317117
502173
34560
725001
870527
641283
312029
9863
243108
320394
728720
797969
986585
344775
234460
867713
684061
270323
85763
175315
180152
161392
547310
268907
379299
677591
345500
642742
750232
366103
312033
275135
637662
625709
698913
846336
893907
549554
677049
198656
750850
911443
541365
85846
521691
601848
765349
446627
829750
555976
91284
567561
971517
381902
613484
870497
693978
639867
248488
199113
794646
650181
511164
876341
873163
872227
623037
845760
585214
734096
997693
841390
400407
413462
775360
240922
38012
465520
379043
502046
496238
317747
215018
969556
15267
506430
661175
957909
329450
682412
610529
621774
102128
810547
763704
203765
766867
284753
238419
57647
24416
484125
434262
552773
104261
850586
926176
788536
492312
865695
641381
723530
104208
857046
135696
853746
704116
493676
964870
63566
118113
244579
113283
583620
229991
894326
868087
993783
122742
333143
230776
6428
667856
900581
604671
324316
204956
159041
244780
992967
678543
907856
574945
660348
445879
846459
534581
136831
241962
390893
495751
632288
243111
993165
93154
943445
173275
284791
923666
832971
767216
918677
711538
324700
769399
405339
433874
261653
939573
154898
433109
377827
397757
105906
676762
677862
870076
815036
467041
421701
373728
895035
818714
916549
20456
93458
934067
846506
698451
379905
47309
282098
51826
676283
886969
17056
555591
730238
219308
478589
640928
494371
890563
690341
864890
105886
617900
403954
117668
242122
275422
5466
126447
462183
446708
950770
870287
512880
915250
946530
727821
611737
225909
385340
230843
679897
184126
25837
730287
694420
88694
43109
371231
874424
154668
401058
149785
199001
549020
867020
910878
332428
898801
919702
665210
557578
728240
208724
355352
619739
296840
777110
255708
786804
981514
54863
894353
6399
819086
888855
363298
420744
128467
47156
585944
769110
147030
41219
185835
898612
716545
380674
130704
146589
822011
112763
871769
122039
702000
453192
57390
988404
780905
12792
69768
925563
901000
329904
367679
237930
696874
492244
694931
791505
450473
656280
820204
1791
201759
571256
226240
823082
100587
554271
211174
943339
683480
519670
694746
754088
737533
953133
397806
963933
474564
763302
461114
269920
334015
69037
320715
745373
567026
736352
305660
685091
681239
717687
353913
292151
977932
377348
517218
652405
894812
613686
653891
765112
615753
137959
454624
895817
733709
577393
975061
885008
274475
504654
686805
718445
586526
660172
473243
955747
773753
759654
765691
752078
214559
107028
205392
399287
475656
105685
37599
262700
149231
491751
50700
739375
809527
332625
949802
772643
720883
53073
32802
69161
558298
219272
929614
445621
266376
796158
343386
235358
509334
281075
160463
175406
535765
595579
368441
797903
880823
154422
914259
381601
145389
370388
32854
487780
146178
277276
75254
371100
247943
215032
182564
19887
936083
585345
539235
867087
644060
553862
574461
704974
354430
44947
808509
601520
794308
654260
477189
878750
273850
197979
390500
158280
704977
312691
549198
998539
693525
675228
777446
623212
749171
919000
706505
146827
80809
464071
412328
233973
582369
884358
162538
654761
519050
326623
44572
847523
333523
208760
833964
690185
633923
563682
488879
38737
495488
86809
320508
306950
976159
74019
524687
268397
459846
211490
390804
233673
415783
523245
