435309
848455
697214
949359
747282
220005
446212
373252
320753
981282
217050
29728
990882
195180
665642
392440
596492
879176
110746
106012
284066
848482
833102
261077
52448
71394
330797
959017
492608
974155
756622
668554
156501
854252
144706
436208
13127
624647
393183
18533
681907
434243
711340
82614
637577
443146
854862
311016
314092
495750
448483
499861
217255
259554
643720
395186
133337
375513
371010
969970
481071
76937
926140
581891
337767
767689
484071
284231
313056
395209
813294
625619
255122
917956
358796
633424
297106
737269
677897
752006
803039
712275
503358
660759
141339
577060
589422
723901
23538
180677
607820
90238
580145
631186
149651
367660
890490
604481
755544
251846
631374
541713
99889
161151
559115
512949
50430
460416
426958
389641
712291
438554
528903
613770
936870
446679
763989
570451
937048
475189
668257
392564
554151
88922
158329
985766
939424
309999
997041
508718
320247
234493
885452
155123
719053
442565
949531
869860
163642
335600
896768
134070
632033
847103
162398
425118
765224
195968
586656
102969
835092
731485
730347
751828
802432
376747
848052
62866
542183
24632
40801
614813
477960
606615
194021
377388
12332
643718
508569
387700
557899
999680
400178
562
484873
493203
602296
571552
43709
773622
543049
276702
54741
137376
905783
542038
819688
199706
352905
775923
547822
604945
133542
602139
833984
420793
49
742438
558686
462078
301356
95671
870942
936097
209484
162650
974429
75340
705593
613598
864635
702109
533810
144082
916759
832524
331478
493999
798538
143584
27676
360181
825583
767173
138611
598504
117660
87759
646891
874925
547211
414103
571607
977893
348230
543113
326701
335940
918919
233174
36266
437382
980864
21619
745480
207355
692642
20342
785775
691922
29869
57547
478728
347805
270528
204074
166049
479453
825830
152791
208547
631387
223505
568950
395118
470504
290725
140237
729070
904794
414919
822539
827657
412358
514397
787174
294063
272524
163753
876452
841464
616985
548231
485939
372791
253087
421806
839236
693206
181782
335631
743321
464210
460618
443546
850177
532084
913128
875235
314845
789285
361642
709166
974430
159352
749741
425966
280907
635851
865771
407224
788355
92579
183215
727908
291786
414356
357119
72847
592764
8583
464795
886267
258923
528204
467953
360036
66654
489694
917654
430760
636334
727447
760688
573708
267964
945124
495849
228312
728954
403374
947715
385669
401468
409112
792310
280536
535328
427224
439721
654888
769186
728165
109643
28978
63361
214818
575038
482571
656683
498225
631824
280997
590741
526021
822151
117372
304632
737797
109869
441297
703776
384674
711018
193679
197345
859021
963909
636890
209136
91381
738575
138791
728648
365536
399700
423984
889587
998072
430333
15936
673185
454238
800756
9854
533377
684315
537787
815366
203903
411265
192965
119142
941435
499249
14912
337532
797000
845337
985165
630882
187279
963072
321005
182966
754593
230611
930780
777565
902445
318685
725753
152126
727877
779560
511377
723050
419842
765514
268641
646120
282447
180465
843132
992813
753464
378406
529985
161179
780284
88937
840595
387489
153551
188800
133447
102417
944854
460133
400355
610003
825129
739399
926150
85429
158204
778354
741742
539103
842622
993640
145283
855161
373521
996122
543364
440854
499083
953359
480005
700109
173751
787126
67622
329856
905497
295151
429671
181025
868438
260879
69798
732187
426146
406776
605800
378798
853346
636389
610917
472154
748008
348297
898925
745042
936204
2418
778245
435843
744902
57147
872771
94336
709926
782914
86452
82552
620807
378930
394208
550467
834207
503232
724301
34656
226240
203009
539014
12143
797656
490024
532515
104554
240754
772613
57331
190171
108893
652237
373059
851313
790721
889528
45276
88566
104964
902704
808042
451692
38540
376671
858159
771143
162159
1789
569618
332520
152271
215465
532205
123856
877901
943696
459050
932706
560973
233016
54836
108217
668309
210388
158397
579782
356158
690640
235277
718629
560576
450080
871147
309018
845079
705784
612759
470503
745364
294949
147732
773996
737839
521610
174069
567492
130695
852122
46026
473635
414619
450745
873126
692487
42038
982970
805103
697302
93341
871250
697049
977567
801459
549824
661474
261984
463916
244449
301597
450202
733972
664336
968678
227929
876192
189753
556153
110663
979032
607552
816465
971329
200330
393612
107750
295100
773211
262502
534697
401861
171789
40585
666071
18955
780360
272317
675564
553480
657755
248313
369637
313698
215276
495391
929193
58094
627308
102840
258324
304081
840298
280987
129135
662961
622850
844682
94804
663687
384145
677638
8654
367744
939663
78576
136826
130835
746335
821823
602847
869463
491277
124968
140439
891453
195725
205317
236973
967629
62217
89571
217364
110937
888477
913580
338932
401459
925503
129425
59902
566042
485249
232266
455058
184973
852
828890
108105
433679
296857
76343
393333
211686
293644
95068
245651
516847
340147
548465
179283
660310
847044
794436
864855
798353
17925
98661
155095
902185
742713
377781
788541
221586
440215
844701
861259
673726
654579
508619
209429
746286
609366
750969
152879
715463
65963
278390
943500
757302
377668
151600
766437
851014
221622
865791
628037
874884
135476
256550
642190
624159
434440
70840
10844
421583
118989
388448
822508
915550
388816
920475
237946
789898
140383
548227
390691
348637
590555
102185
458148
30070
462369
378378
3695
105843
260239
982595
114005
647576
675115
533127
633358
74922
336196
928329
701867
238598
330482
264555
469729
32169
740471
723902
680307
509457
742835
528400
401648
494096
472881
897067
683409
369393
458259
749446
482933
429155
24500
47100
416033
106305
959512
903733
680581
441781
970778
878509
81307
15465
596007
24833
708722
990074
695216
614470
208374
460686
154524
749957
625514
454646
140986
459268
774525
67443
571808
419375
759972
260873
619710
347533
62654
955719
679744
932649
874119
666979
73013
212567
628404
179487
932523
963183
457107
219783
392427
419704
672956
779177
139814
582418
990501
464011
539757
466239
799370
218368
640452
83738
678996
391324
568912
719317
448265
224205
572204
377851
175977
663243
156232
702817
160727
666871
344991
6975
197686
479205
239638
858313
879512
994015
6415
328214
147887
18737
913380
118123
886538
705743
176112
632033
345509
334948
569977
317162
315486
312404
690021
824865
68273
128385
241487
624504
672353
502738
897186
931434
886913
849131
348588
944615
236443
510527
699140
227793
220137
223269
359773
935619
939538
665004
137988
42118
156616
385473
972088
221016
423889
611199
13240
888289
666445
746987
634491
431905
426478
730195
270724
553430
403065
928335
542888
988861
748293
181508
51189
813952
728134
93895
604606
699974
100160
967602
950786
195342
465033
352055
915980
53696
937779
318042
954324
493584
938759
760523
150273
824848
598064
745255
787250
105337
210112
357704
326174
896562
344782
683497
940399
399879
423265
868701
245041
952392
160
880068
23234
662872
748633
829892
513948
831371
271422
650520
253837
963467
572678
962740
87866
438904
867643
662909
701911
184034
563200
74124
619365
634686
962587
193851
533252
773400
432439
825776
976218
317140
211069
807202
620012
664011
136507
27655
849574
958881
140495
519638
760572
869028
268827
846650
922288
90277
831972
105971
226402
294456
250616
771106
730747
669931
838952
606962
790836
587903
74714
351927
948767
806226
551401
900380
493273
524376
265779
860982
979858
335344
837917
314629
273210
337642
144224
752300
751312
438504
789824
993801
451804
93577
381362
46656
799287
54279
566329
930327
928570
54656
645664
807418
750897
59229
399666
387114
281646
835457
765655
292046
170582
134010
218023
857068
933752
56021
540899
624194
472385
846269
688533
957371
860275
43296
958344
899457
598069
826682
583893
78622
939668
764254
360857
575863
799189
38841
294214
834042
273927
463667
55728
978820
34773
669327
279171
890116
129939
611344
497943
189645
342014
391104
199893
806247
122848
161393
495543
447462
595128
68380
421584
580449
807591
952661
406853
479725
492699
471459
413985
898163
865677
154573
401949
787980
809092
93804
576428
376927
285399
560365
434400
348428
165627
588717
589259
510994
992133
935024
216615
242875
156153
720908
601887
936215
459710
194571
208082
268157
492361
606270
112439
423876
809308
73219
269406
462991
18318
309894
634834
125949
639469
742825
814946
451410
594841
98724
771838
719094
848018
616643
830625
253100
62937
117442
339703
81514
895481
70591
353244
361068
495222
724885
731637
489732
954405
735222
986722
462679
350367
340365
328413
399266
748285
278592
962449
500684
322638
128401
979863
765270
682652
234846
725137
361048
338254
944270
757378
688170
861506
530823
679099
448125
62971
556503
238556
213557
91116
439867
872358
992397
387027
719604
750774
737961
112086
941262
877942
311308
223836
685946
227241
934732
262266
948708
808773
924214
49989
775621
57364
730629
549405
764796
255431
963647
701406
27217
524197
29900
262550
908083
217149
395115
570590
142910
249358
818144
776810
851675
29957
919395
354332
78587
576486
302806
33188
261041
193940
297360
874367
965089
560715
840625
823226
674716
627975
907997
296049
354825
863419
172419
167096
836010
103928
288312
167964
61408
683447
186142
125111
602964
524619
290413
647256
316407
389967
51294
128965
272545
453696
472741
790807
169277
451493
718481
720951
111765
766690
706694
234299
828452
887012
688670
128758
31078
676429
684035
212755
94861
757377
566953
790439
469320
784010
224015
964975
360489
525964
590114
553301
459994
706676
560511
446956
605419
512679
736029
317444
592127
467125
959179
572738
826452
331136
887065
547912
556923
803363
561769
429198
702786
555185
271979
696151
705830
952926
675521
33143
4816
268712
969970
198589
121862
771717
183037
179904
686997
71209
498534
111825
290654
35477
956431
796385
789995
651550
853147
15781
801334
248911
965405
821963
320644
68282
841996
65328
741428
846157
127195
510972
972006
226225
851397
139657
472980
482427
961527
375318
966500
280494
424469
726443
867652
386584
914979
722782
445991
604605
208294
449561
893525
931688
840920
623000
774015
35501
312678
793275
354362
90284
296719
322630
120676
984672
742465
505686
628542
546753
121658
635341
836420
432870
996545
303865
668466
801559
542521
549426
500560
297712
156133
738432
487188
276057
746892
379444
720021
739660
390315
154445
377645
544129
374846
161492
165873
21891
248276
37871
728344
621492
8467
422229
441070
129755
590702
116011
915837
678812
9691
101646
735608
387925
496568
186434
226507
587798
134124
329199
727033
498727
908690
208197
959694
798475
726405
765887
22670
779658
93912
870582
698609
173526
472751
382227
107907
102626
635426
967816
808736
814914
79379
67198
522062
164205
155374
834818
921939
248309
133995
223879
403034
435175
97514
513712
116752
701736
961477
28762
2241
908656
694610
365768
663180
162923
865666
903058
626319
540481
302452
644236
326959
145543
20767
2854
135181
952160
560419
404073
66070
719191
942728
850703
947873
830037
517720
961206
994682
337593
756407
736717
378851
775291
253642
945263
83679
133666
35840
558300
702712
597095
612810
238291
602347
989868
487600
208199
905409
564739
39543
504192
523757
921974
688072
793513
855025
98992
568930
390209
74573
784720
753711
222214
417298
395989
249025
449688
995170
623669
407151
65247
575390
475164
624242
20212
87216
465627
204812
171537
785124
678463
154055
461736
702328
871607
825579
15190
779613
637234
930916
308618
216325
938982
759300
852348
27910
879413
750976
237690
372288
925754
192607
476559
262240
821127
692184
814994
808684
942740
632083
434690
15338
789092
363065
622947
48031
672412
634518
518035
831109
434763
967091
622326
470636
309253
595048
288396
307091
334259
954835
50647
341628
964477
318249
736084
280259
894428
564914
157687
246330
86568
899572
870972
401118
642489
765681
967886
905458
820791
310560
932880
13766
764323
449887
63763
146607
11777
170223
956008
238365
757806
964195
669646
960148
720380
997011
602441
497768
880642
260241
152560
318155
287410
582212
488642
153822
594713
603773
284294
481291
473408
968139
51814
941844
248834
255579
297560
487226
575117
806614
245157
494217
598653
838378
783341
901768
693075
946878
956293
657346
870211
277113
320818
695750
828457
899890
272994
816553
537076
590315
233547
905106
332239
244396
719641
397049
558450
428882
654175
721243
382422
622391
255956
73582
461041
366561
181500
629964
586167
826313
487302
208555
206467
788644
249597
281198
6604
880305
733328
874572
348681
888854
154607
395880
977400
684497
747952
327273
83784
266602
536361
239456
908195
335753
999963
275322
669856
938992
989491
581184
169270
4534
945192
710618
137392
675949
537628
647555
47916
88220
961352
909696
124557
452100
349031
638852
620381
414865
924579
559254
392025
578712
211547
892600
314966
579637
914276
591299
677568
157573
419993
401627
663907
307365
563491
125664
896556
720164
280360
403263
607687
613309
574150
752430
190038
389041
768936
420460
861128
892552
502450
736913
55187
314492
299984
148560
269535
681140
708863
566649
126593
294966
213158
742383
833297
71672
787730
741246
69288
68589
959550
733290
878349
33795
816007
67868
186481
785990
986219
640257
73315
607672
606254
941183
435933
812082
442028
157165
660380
176088
625927
201522
267185
514724
238676
351943
509333
830614
182380
119236
194132
564779
511893
861404
129436
56113
875846
41904
670347
425370
155788
834443
905932
124161
202925
647177
34857
408128
968167
11641
707652
484248
33412
205200
771804
632424
660038
943345
400253
597039
806608
917904
333475
14001
804349
777737
282367
951841
308652
551720
18194
915207
985307
166132
467571
675775
715233
6482
562406
237027
597943
394261
648228
938816
460407
307753
944112
362807
738331
190017
813440
747429
137866
256790
416836
187802
943861
762906
714074
525600
83655
36136
250492
661009
736386
164210
55544
757557
930274
401261
633700
939883
768420
570762
877253
528914
800711
107193
359656
180904
861583
401605
212759
585246
479601
963844
181174
767367
441181
767569
617029
234413
940734
68307
116389
351184
892790
756999
990474
721990
540028
486135
784075
261627
595117
513503
350944
944322
776703
654730
368997
288487
390414
893581
71954
520243
706007
439915
44860
641316
654239
332443
731351
155467
140035
168409
755344
789185
241092
67494
614750
822784
613212
767216
290050
898944
632837
184317
774619
468899
316557
454446
384531
142349
116990
466078
906863
27771
507820
544694
517410
623440
511418
630121
643666
411219
293395
433495
155474
98892
249900
248236
596535
580778
705434
872005
537378
213037
547825
957659
960603
227452
175528
738753
446790
467448
112153
973439
64765
137895
929079
528232
9153
512645
811732
491335
630792
187809
100235
703318
584175
585160
341904
598164
979661
730943
216512
773288
858075
978824
84967
602777
469548
753524
763968
172546
201161
540387
245547
559848
507754
389599
997889
570279
680760
262048
892885
372594
401301
160788
105089
432688
951003
540231
74170
967592
964385
821286
293144
272507
332920
639137
31259
701416
913478
434918
989200
166775
233928
661044
726242
919345
731254
726778
190770
753820
780734
771279
128772
50771
508921
846738
889892
136620
53123
568486
451498
46595
251001
71615
794567
144998
496200
365197
682421
379639
229869
397445
171263
700333
801864
856552
406713
882593
237483
290233
463698
11481
267627
334686
387331
345249
615449
602391
351088
815548
332721
64208
740701
742193
655899
174770
845911
788036
914951
141656
210848
449594
490426
920530
633800
869299
707949
424960
202157
801230
641463
801375
891143
36915
298787
903566
974304
467547
598833
891223
208209
28883
111274
961173
588037
422153
289167
205739
872759
594199
314991
586664
544985
838809
264530
695945
585764
916143
371974
935968
645519
583715
305411
221741
234223
456146
484435
12965
626135
713076
712370
775785
707061
479186
804466
990772
967086
90227
544656
650325
86956
148154
896785
443760
455578
758084
144688
875409
764605
348408
721206
121249
789372
409117
708482
13601
953194
194929
544213
698205
539260
425527
265919
232339
801692
35897
13210
805335
123748
197825
817646
838468
646265
245435
569705
680285
833295
525586
54355
411253
417580
419544
861914
907116
185712
311597
973806
865981
247148
530772
27947
689287
418805
309354
901936
672408
453703
24119
529589
311305
166254
777776
986224
148447
30060
82470
371519
822374
158322
955831
161780
466841
299495
258538
553061
414068
752972
450327
775790
554101
642497
690642
874000
162373
205328
865258
680001
448712
121299
117069
932598
211218
111359
733144
591628
376163
245237
412884
63932
244031
478781
862202
975624
486629
945245
453567
449359
412474
518735
7069
344690
827891
417674
356377
99947
552716
765573
900957
843042
995001
9080
791498
17643
60054
406993
249634
691640
427792
682939
542007
162684
479012
787857
774522
931642
977348
646961
52743
636197
608217
74023
489889
907397
286041
906829
954988
744741
621225
856493
296003
993193
143484
717681
364485
192529
288732
811738
568090
459489
766078
363564
957588
439090
603992
162751
935070
149400
747089
474091
532075
241222
858543
728611
989281
407851
758658
640293
51774
506175
220382
135210
265892
957106
867602
965266
973093
607566
45386
443744
336894
302128
722193
750557
262898
859152
649776
325017
743646
112897
821975
612652
614338
577526
968286
490968
596344
262196
140332
416456
407866
141195
952883
218675
118515
890274
945142
297883
616771
172775
25848
862734
144142
257852
144386
995896
382231
596902
311569
630005
291897
681767
591082
663351
223474
263361
581927
259415
58684
630854
732314
575908
617084
29507
657568
611970
621895
790626
956902
809761
20672
423934
190882
389887
296501
141283
144562
826202
696548
472279
272590
363998
496301
359532
895961
146375
639670
922925
199964
510497
804408
656785
952479
913928
232379
56443
274030
503064
12375
199857
8060
35516
80696
944680
874661
176873
324655
553783
90550
191258
713188
555518
70913
45960
3328
243968
427440
821428
446564
572749
134848
672409
23539
985856
29372
853971
648422
535275
259717
789391
583219
845443
832268
62008
792213
530844
333425
617964
261930
514437
349336
497871
806766
742974
365617
951195
38466
831571
304454
363045
480012
709448
730851
772780
856247
532658
769493
224346
167299
514955
40542
114072
802173
961454
617291
734291
768614
870999
442270
82502
172633
983152
368572
431844
309860
903166
276793
533696
412374
348150
191800
273593
487985
202118
427785
41479
91575
316920
450297
32353
136604
212343
368777
533089
428409
214139
384004
847516
782574
448306
734978
567439
201937
767332
321545
569940
478166
638917
953419
223011
44770
61175
242957
253495
402061
266409
111482
631484
564669
38029
803293
76407
362855
343290
658131
184124
848833
570582
935330
512481
761568
23152
904575
566695
799158
462478
10197
332136
873196
280886
251201
557607
210030
864070
198832
968733
880054
650549
836872
931940
514408
861086
485559
793973
936137
829185
470935
448282
944330
307310
745035
605776
977247
765469
826242
80377
16755
991327
878299
666032
859699
615195
586607
217538
994504
492488
113120
429537
567347
849692
383072
390804
430902
74969
986862
97347
158758
397760
108391
301611
958486
992740
446456
229917
505323
257361
914413
733736
442919
7459
926051
511738
841821
418612
298442
318441
616178
259346
434895
31757
503425
516345
46949
492905
58493
419380
361910
568214
311694
69830
349999
510351
220392
389663
424934
29728
502535
602407
662233
635759
918176
697208
565930
60508
609115
981891
602588
912268
628438
239337
483514
895820
376989
172380
889949
91331
820042
216097
150936
283342
360444
268831
353616
804479
804980
835788
252136
419959
542470
332650
815645
672183
655389
255620
784229
474967
709149
263987
3559
298475
292997
721979
251325
674053
720260
217105
381414
340930
121726
169694
197192
188176
513411
229102
928533
178929
435548
260484
648166
561627
561496
662992
461033
372547
961176
206757
447667
618468
597386
75271
280284
148363
524480
346813
957914
777735
68411
878761
511892
807403
86569
136006
951437
229489
273967
97121
842089
363383
839215
234796
55856
2908
85883
792680
167467
544739
855269
713660
509668
666267
890334
328174
807090
871648
181256
709458
614423
312346
319809
730861
346630
74722
188455
136069
347025
983079
883488
201829
572763
801686
463414
147634
11259
332992
156983
671347
123645
344510
612310
582885
825972
383106
263242
409062
532077
426362
475076
578943
42498
637817
680749
60946
977959
610486
414662
775092
149403
19016
144762
124795
304678
368748
276275
400313
600340
999487
472458
199537
417118
120512
558553
715959
58112
548344
630188
471879
191163
864979
831042
2849
864881
117472
311432
174049
371219
17343
27885
18890
749806
825993
970221
941918
77950
696766
691165
243904
75318
457936
538413
804523
642840
494594
994974
838795
467096
411932
660855
686218
193724
610481
892140
590842
913363
43082
93468
65172
965348
588869
892951
738323
984127
19068
260750
743812
795369
522367
619894
404606
834686
978372
346242
97453
963438
830432
166174
977966
667721
343874
20947
145329
292876
309172
857801
858855
822728
817290
784085
737716
826017
440583
225933
320650
419074
6024
647232
126009
681917
712009
786436
289276
707243
680843
648689
4898
195630
987585
236076
255507
552845
542371
637678
842801
325067
611393
888624
807986
725142
814400
189974
20771
50792
85737
606582
148291
51141
262483
18615
802581
564601
699884
373448
769777
204106
178405
83510
970905
648342
855109
74319
225659
927170
799583
724351
617749
585344
816425
712276
823866
128640
28878
346144
336070
202660
473434
725361
752005
769897
542980
737553
461624
968643
294557
438934
756313
637676
665065
599959
332976
821475
805574
189090
327110
258322
487961
791726
3281
926683
315974
369309
40251
873452
918238
82590
900097
416195
501071
227628
672652
746857
23766
498125
626575
423411
327931
499470
544578
923930
761314
44032
714145
611234
613917
499134
959946
665672
94576
815925
60695
822531
910420
492468
184371
917006
408743
180458
696745
783532
271836
629589
548693
366597
849942
556368
68541
795075
163902
903968
425459
187815
23528
459690
470658
257738
577434
758452
15898
59078
277463
723104
932268
829925
701539
754047
280477
683198
380704
229328
373841
909503
396180
517672
356243
136428
624954
252882
614293
443981
816879
665616
234095
72094
239000
318289
972235
37777
797806
269977
596420
339947
630289
296462
269596
980537
749544
119752
242480
961294
532889
681832
778433
956329
386270
827376
942178
665034
504153
146502
883066
981033
204494
467532
684328
197718
225477
512011
245970
221683
545941
236638
819175
251579
498187
403798
85969
920202
865897
666025
311821
893537
193318
970707
195102
794100
900572
479772
181325
213555
338480
515641
144056
775181
76375
753828
151928
822172
650457
555187
187103
249404
869028
51065
178797
166579
898793
242873
12446
907011
494267
62228
148267
353227
678180
234180
645694
124953
256317
451802
833562
829773
403728
293854
494643
38961
393527
631750
507624
828065
209081
765214
405537
817612
232529
733859
898697
971265
579230
701395
846775
733160
214590
959525
785144
233340
248639
719681
234939
464629
430171
637991
350527
581226
571882
822868
184822
946696
934839
816543
697788
309167
291526
182479
658327
304335
875620
756767
690729
429338
261514
18400
529821
574089
292593
598559
497235
48236
8691
761199
162192
280429
575036
144625
803461
197294
126061
899109
593924
106582
645446
790393
827041
587091
445889
69019
162524
425731
91860
513251
195070
354523
507104
796936
667941
710180
297674
31853
410426
374860
955997
477332
58442
48661
468410
451589
658111
992792
702556
560966
603120
92361
637849
780128
449601
431336
696166
993876
774730
143342
795813
580206
787
48930
212873
455775
20809
219531
378837
411850
300559
128082
98615
551909
459730
922480
381267
662329
27915
58703
315654
149628
815011
755069
951345
650362
59355
318592
878601
724482
156795
868974
31963
99684
769391
599902
539180
504143
584636
24603
725556
726981
819247
897680
847217
602975
177430
722735
755418
953822
626605
295756
27365
43514
806299
794901
939016
329965
871212
168173
159714
465455
939729
94375
254462
130778
196866
410700
342606
647284
851887
980155
293786
469926
801322
442798
301001
724118
609902
150148
225171
336828
243665
22064
107342
797279
355394
988975
975978
372657
605474
576175
527180
234560
380631
803614
10165
707692
616928
630142
545713
202252
682480
446560
870872
747841
871261
169159
741497
223773
443696
780991
49073
544195
671579
494718
861676
608832
712746
919137
10527
178693
694379
933565
982614
285123
48181
496082
712953
283297
59786
552914
203747
193921
794372
700354
251135
607637
99169
490986
381456
805013
154849
210999
949221
255060
585227
373116
397498
941677
349775
723496
103290
21009
648662
930947
512381
603857
806251
553836
740482
917753
713890
386198
534978
280835
694093
949252
24948
18315
352142
860559
419759
719600
450003
452531
550466
135128
288283
985000
568282
240208
556521
997799
224443
652592
884885
968622
382549
818327
481579
247191
287268
609677
527818
5506
771238
491661
782269
836796
397700
858308
161081
413256
144989
700569
520180
24313
380004
595152
530033
865616
555509
351884
584538
228952
892066
191534
860758
635770
37255
841472
81295
472789
997263
272114
396767
305723
428108
276893
764595
87166
958216
552305
849026
451021
600312
602647
608479
281019
847538
750024
503837
826139
264175
642258
784377
184958
674209
176248
977978
801987
956195
6078
188743
553345
745279
679871
32226
23186
733618
791720
760602
427060
259811
175585
75038
503717
492157
953135
633688
465535
936151
987169
754818
275927
126571
148286
369989
737538
194248
960721
375799
921637
414305
200465
876490
869778
949767
424617
394643
696076
360338
115037
948323
101769
204248
625301
568369
517890
988934
525149
979657
787900
611146
705989
682538
875086
444458
700522
229289
502378
362379
479922
191001
562824
91818
380492
50778
498324
794494
769262
406952
341443
78819
798332
453575
900227
234486
382938
648724
632017
417950
512544
787005
940048
675203
717967
924239
2027
682577
906489
880413
647657
876323
415434
664752
804997
753835
284973
270362
790733
574439
538816
153188
666668
768459
868728
475216
68466
510998
942691
374725
421455
346841
904566
370803
934634
623979
431567
882690
614880
9801
743962
532738
120632
335347
353069
732794
714272
543648
89055
649308
844117
868138
275371
990831
859589
17216
649197
294018
729834
427260
885105
464233
289574
78001
826966
582837
818857
834918
750372
33613
344932
68118
737409
856793
121939
914598
328386
42583
562071
58918
48466
349292
58512
10294
119890
427179
418328
657407
423637
868906
281180
10056
347579
46047
660454
499847
135609
342796
73312
472945
406000
539047
795218
221370
628812
104553
407800
1037
682441
463932
776183
417239
763003
422701
872123
655293
591811
667663
423519
905352
173908
945191
302727
216355
710694
664883
124643
94649
163420
188862
858065
108299
312432
478810
746022
785713
219007
823279
122795
686875
452909
730206
432311
74065
931439
458755
297840
253115
606944
287590
767948
60253
685362
766039
856822
878077
254206
589272
327394
210426
75847
985961
264967
187423
515533
546607
684896
766912
455074
375720
76361
247203
799146
983824
53536
199736
91738
55014
131689
959534
185776
553899
519375
506983
793622
752473
978942
520067
413350
81520
909731
38669
937953
996496
806661
816375
766364
678684
546209
280314
221817
475116
160858
663135
500046
934761
271678
316190
321877
465657
635233
550814
261721
911911
40518
327200
378187
393912
526963
595697
916208
828126
561997
36337
860360
13185
360033
632341
654852
612612
943799
557972
155827
704232
170043
414905
582847
837720
793727
804569
411875
249875
847326
189999
890280
148035
529268
386935
441274
955787
528461
300150
387283
182921
894514
49731
625275
773990
783308
222703
179209
344486
442993
690418
519302
969762
354274
275553
659763
774376
894240
396939
34557
107941
996816
234190
645137
774438
327301
170804
834963
724440
279952
299331
432861
801525
621811
557156
578410
292100
853656
667084
472641
913075
104131
412517
459699
79699
64475
375175
743540
534713
963083
395605
738836
200572
307997
513828
808671
910815
108647
956290
367355
585568
234889
9648
156302
940766
341502
597117
965938
720699
134560
672466
572403
261839
815183
314213
478112
46018
789755
494652
359296
543328
746259
505306
693863
449883
830888
922061
672981
722823
233562
47112
574038
916240
986833
275093
153551
942651
413680
718216
296882
846190
668331
522282
720884
333148
888990
386988
360682
474152
202608
580423
766545
663648
22094
942790
789086
801935
547502
511583
761725
914386
591102
152637
960374
799820
866276
607580
484161
117080
887253
807401
247888
824181
219068
131467
158689
578925
693775
354666
664810
209875
239373
219130
525936
185953
569514
848271
177924
629998
805673
661653
312816
639964
278997
391176
57666
731869
556976
514704
171016
492662
701083
994452
219496
759927
310624
614881
822376
190186
759432
714414
789021
449173
622335
196301
119004
467862
742538
618230
422816
514758
599207
358825
958478
326333
986232
787153
469816
529714
8316
993617
797251
345080
875485
706362
745283
834885
496771
866660
591878
289285
83445
207333
107240
540983
852261
953256
747415
170390
343799
690162
894994
302660
199513
769546
538423
435986
82374
714747
912578
377410
385379
813984
233801
279370
195137
524294
638710
418392
243644
850383
475220
274145
520147
103712
84718
429587
259971
508406
724632
970413
146384
676703
758328
29137
884985
573761
950157
473314
992411
363076
952497
876133
997440
236467
926837
754698
584182
310220
310687
340050
420288
334502
707564
667342
34912
125106
1443
959323
429179
964979
364619
112608
190483
975954
669910
597800
585731
604607
769465
988236
846880
451974
757421
529354
174690
265008
282210
797819
712192
700670
486445
545526
478377
508245
853066
653567
768106
190828
550670
457842
433255
179545
658429
357375
689715
158061
562830
70210
681792
431953
317730
139383
963848
149100
625238
392869
760533
185132
204969
228680
909160
851672
658261
332662
841853
21139
966911
226052
978254
85384
674030
142226
346405
758954
942598
111305
168366
317902
516397
134549
111477
503603
964484
496627
155182
583104
840169
646440
593081
60280
800629
858969
860133
751031
753675
256906
511156
278948
406493
457153
259410
835652
174000
729484
893957
468810
599384
512296
874200
456537
731235
326480
183022
169364
998634
906391
882706
790372
634489
684899
867360
265010
851349
772707
223267
760677
83552
458546
701602
817188
409228
881437
512264
900536
352402
353182
238510
42080
524896
668028
51760
216873
466662
889914
297212
164021
490603
692493
920587
692962
879498
879525
447258
839760
567074
60645
130342
834089
488785
219787
851456
380204
779498
577564
622849
657843
653336
658360
383456
671755
13044
63594
508852
890359
875872
982595
380026
627164
916861
843625
582747
545038
906925
927204
900039
436633
571157
551665
845284
374527
517961
522463
385616
449758
536185
804901
821703
27044
948871
603126
950316
965871
1073
416799
18727
482455
785762
234655
44698
12123
724459
365137
100818
369223
144223
417037
689075
954841
723879
895530
52755
79779
364263
478363
689290
786389
256800
216571
570593
389518
798282
932135
126477
658542
579549
586520
828890
577630
765483
433021
297712
4304
425234
638375
935886
705698
434258
819148
638462
80931
243883
121114
967841
779491
185697
986584
275138
419561
516092
227000
416355
751136
927445
963006
628513
204585
508378
251365
352774
633402
773276
197706
601509
495387
379009
387242
893502
762236
400056
489530
556094
26560
247090
281753
720346
97786
257490
450795
453287
29304
29976
519367
858950
629546
416363
579276
959305
590661
135693
243004
963786
235825
5590
50407
310753
982473
143770
359671
3335
433323
768767
895263
962379
478620
542487
299991
124765
552064
769254
130177
251926
348245
691053
443490
203297
246336
952775
874059
830602
934346
744197
717527
550486
743798
594575
701492
846090
148847
704564
379909
838808
62944
841300
773248
32929
665513
178115
997646
224497
680105
82625
777855
119696
373885
823118
68592
704927
64409
297739
817851
933602
821783
363241
899619
601132
569962
484165
875100
32154
681766
980347
4413
3827
810213
68882
206651
180546
752756
280884
59398
88532
419621
266029
893489
356332
942803
929094
491065
34665
87276
712510
827652
881787
11352
194788
469594
941286
632573
180162
25980
598989
882728
568817
337457
628730
437161
411385
81987
396873
820750
851283
53327
268347
133361
745919
321635
927073
571984
636149
937232
480994
804153
741203
408831
938519
299855
346096
824903
428866
876402
806581
776510
91670
884409
757116
16166
876033
159060
32320
297130
392155
142859
840010
421742
387611
379
600250
349143
540665
24952
381184
613035
769907
277955
408372
937159
956171
178576
110589
379361
612839
622337
874206
147482
270427
384611
681018
752292
503866
367444
292262
196809
861642
620697
435937
93221
426279
498867
582315
8645
727677
432975
495922
679386
540104
455991
685003
340710
97415
698146
173260
319424
342335
935127
892948
110555
129939
378501
929352
531407
348012
445187
435970
454797
397256
522888
545963
159322
471734
719320
8830
434265
322785
681402
704132
354395
967253
776990
986716
286943
168397
61490
53533
511823
935418
214779
446827
725730
246999
920343
693331
672978
728611
70131
655357
890790
511192
122715
191542
126212
186427
11513
331833
447203
380620
981743
451951
636331
818418
443569
961294
956229
952488
219100
50703
757098
787599
401417
395086
657515
160986
470127
831494
606775
742824
675459
739384
40256
58448
919699
534657
782821
516504
707634
129871
857998
420973
783577
836622
336067
348641
10927
393091
84031
862778
24066
25012
17074
55143
283962
720607
440687
240395
782411
756768
232698
867897
132631
330833
592284
803674
490639
730228
666596
241225
126969
980312
661798
27813
812719
445357
314910
929297
553934
323324
190627
77309
248439
485351
701851
988719
632475
516355
374227
317010
36718
690607
344933
280626
262197
680666
209406
842065
589606
946751
868029
550197
719125
558489
554797
9088
611714
129635
151037
847433
211257
997270
985096
757320
260533
532967
369896
704801
586180
619758
784435
739921
369014
118564
173161
77191
123189
151932
395190
136053
862408
954985
513255
65240
24789
242840
815525
313573
72109
453804
336235
345554
623958
94997
864304
995528
708330
810135
750333
10264
491116
357160
750663
181798
416936
901287
148407
367235
530138
836111
107440
828288
311051
195097
75233
30128
113186
573057
774963
661927
788213
594633
604065
872756
46612
181439
486253
520137
591566
936656
98302
263985
532047
550618
650665
4384
596843
984120
393091
212012
490320
121986
705555
558874
460179
991228
396653
454966
889708
229967
298538
720203
185858
826952
238794
629975
976525
319262
495653
924601
16547
834110
353642
785640
178293
803022
324597
364889
976812
437116
547256
411472
958020
400520
439681
435048
456455
609835
451899
399061
627512
282736
657044
325297
403680
871527
538728
726888
498008
676540
954331
164547
638146
787773
674279
543414
883458
641524
587041
974768
50875
153675
573719
275722
788091
295892
542017
591602
345719
912784
59434
520363
722731
521825
696372
344825
515210
150867
250748
308123
250900
842824
170118
91129
436534
32261
98744
307667
773960
326228
117282
792361
296246
116813
895138
927142
170531
463518
25319
368720
583112
834133
42193
272740
341640
486179
48681
754063
546880
837343
483053
557250
391895
710434
145600
673180
626667
64032
966832
705345
308250
1550
813675
557463
577979
51732
199832
647914
12838
121612
815874
53365
321776
88615
530776
318507
817852
917766
919563
761976
497070
903436
696846
207905
107227
464083
308563
184345
925166
18
298625
500566
452491
56275
822034
991800
594404
416263
959390
317661
919848
884770
219436
504246
837454
798539
838688
520776
218623
890618
182929
825896
987440
67194
258228
117118
211178
654628
814033
456811
913196
459095
9881
374563
646549
620751
923784
872566
459917
950123
746626
441934
916387
751815
479386
675057
572856
602638
789237
570766
407710
238067
141371
977436
431857
715118
721404
22996
851249
958064
539244
717719
461172
63724
996894
589488
857884
707092
702127
148666
212554
341708
690722
753911
974561
407417
42399
884347
120563
605521
24889
830012
218763
830200
806759
267176
776913
898093
315532
687183
385522
113247
264269
143702
126536
922798
735494
638427
938704
763447
875561
648159
268563
213886
769855
120759
696236
790568
574008
90301
390149
520365
289682
360006
584412
594307
94488
655138
642809
284396
58249
745695
90867
892554
317445
974996
938170
799073
294004
714870
680774
121791
274851
199522
71363
11599
6341
328094
738148
86165
383750
627015
531820
639585
669492
507678
175919
870078
125714
147090
550137
21265
317718
164560
708355
615733
774409
900245
918958
822230
895353
510861
181550
204956
770664
29079
684679
109605
871268
241856
348712
665647
995167
569510
505060
117610
708895
936649
428305
34676
981186
519472
505563
327619
696292
121160
672678
396392
543609
393727
406401
539653
690258
931602
629540
512186
473803
582997
513604
316768
159156
418047
966008
400542
338479
452026
134177
882539
127864
859055
112731
560914
387232
703178
204299
593973
879391
189914
71755
491010
397851
341015
944475
643462
304582
750427
918718
771348
911761
715899
157338
610957
709453
211187
458702
721864
42607
736719
208244
616523
219598
71114
376528
178514
900066
728265
336181
984618
466687
715645
587462
475775
232346
117353
849130
850997
650822
976389
123790
117818
307551
594646
320939
529857
363593
455214
637183
304441
431695
491293
616565
585956
440508
592364
595925
306654
976257
702046
700835
472746
60585
602197
348879
162326
363219
111057
537596
430134
398912
87866
708851
416055
558257
299993
702619
670988
676541
401002
806693
135555
874195
260590
107609
833105
653754
291955
900059
192085
627391
271829
139009
194600
782833
919411
536821
541557
419660
217204
484957
673425
41876
679862
365445
114792
167637
350104
547498
647586
345715
286594
370353
409840
570288
802346
670107
954966
475028
572396
240883
711241
40373
373009
904549
147735
114491
736768
764077
31009
542222
435070
134198
279832
667261
727514
35527
99769
541957
690061
353779
866567
853721
912805
840046
215179
11023
226169
884679
833491
767111
962418
815757
97516
279125
668157
138330
127416
813182
818665
221018
222446
229015
440003
437396
105606
845970
122285
474125
276709
911214
824090
235916
239703
480594
296735
466024
297682
205179
984164
647998
773582
973229
351593
564158
756454
163952
851051
801566
887073
387572
824250
96641
360024
952898
833847
827942
328775
642416
303045
988802
874315
807989
309215
149480
494634
569959
484521
476634
27301
362282
345247
879785
357028
683883
748942
915644
961917
950788
309721
927563
655167
770123
667774
589828
113644
840054
429858
432771
953942
603199
282233
167058
582715
783105
698405
716968
360352
904529
66568
697433
850647
284317
275565
445610
689680
542740
339239
813242
269071
585548
765339
680113
580364
248847
416712
655805
896171
112060
539876
856336
887863
724351
810998
105568
156332
831993
825998
862500
667079
643615
836163
728867
63477
625359
524868
839565
12395
220546
108412
471514
923731
577838
666969
197556
756897
863525
888904
69518
747159
870409
952325
974906
944754
660152
813723
804321
24649
986983
999045
386891
770691
219398
151819
263695
300197
987863
326699
545415
24183
879656
181762
498456
624419
821648
713307
533365
931110
824128
63156
4691
441371
817609
655557
485177
705796
927164
957067
415696
253528
570597
469726
134604
787466
535472
847436
969580
294609
931840
936155
212296
658698
379184
156913
221928
417329
861837
182863
292961
253232
886365
65464
119187
958564
206244
27943
969023
479727
484359
282574
450337
236386
724236
693679
433547
748192
261387
641992
371477
611573
822733
833310
553778
339725
268803
742204
888839
389445
121438
635278
242594
5725
353674
590270
15128
966938
123168
38613
69066
511142
835943
554820
257450
134293
14125
744733
973688
196441
17590
764272
203604
808051
188380
291387
729651
163044
997904
538178
522298
727835
430703
361611
99572
947120
327577
65496
507007
38828
824110
499934
374300
432220
662755
374583
909696
800304
708497
828565
864804
931318
158670
31295
721524
2032
36993
251729
272445
816576
769928
408624
154969
242310
851322
690361
682209
300371
431026
799978
858137
711066
845995
918304
350337
736971
254158
76935
231214
787914
854985
597104
456788
617469
890060
539755
854903
293051
139225
622962
69578
202764
340220
367446
920742
431903
649169
30686
568038
449676
261090
977404
900338
477862
272432
160768
363175
607679
389952
791391
522504
777029
930614
590116
187211
680039
773770
781710
459238
83773
435069
377063
713600
444654
345000
115759
82865
693569
488224
911131
550189
884723
723973
628188
964321
685669
74496
693892
755031
230296
47335
197997
179237
547752
549875
251412
491187
397800
312970
520659
593955
749093
595704
785557
90484
183835
676805
568269
708442
368955
177625
827585
117642
153529
791498
846961
153366
758913
69472
894524
362740
880422
403567
149727
734346
784139
694022
954541
450724
333170
698198
654547
457635
396520
443791
570241
49915
171071
18680
535342
651476
897912
404422
167206
80975
852527
550205
243658
219508
733812
81768
678941
984047
900272
112029
848979
896673
671770
478738
507086
737042
887811
377396
469745
234755
421368
845753
592173
818131
203560
90438
948063
621594
425843
898423
462658
213492
979788
823557
638565
908095
807277
994338
366761
474688
785086
525517
938053
918060
121675
800111
400673
836055
462743
437227
976435
920221
157361
399880
108166
803099
960743
506183
183258
335503
38356
471542
129933
267117
138650
463680
771860
277704
860237
517231
332527
249143
688221
241665
790989
377873
180855
678056
762829
409298
637803
526470
72271
351592
987734
725798
588343
105548
731566
544693
974966
802215
39814
743517
326851
158250
376081
664759
32122
236070
838694
122551
219458
780978
468156
523115
835768
822692
981017
770025
413972
44464
730933
701914
49700
451344
395732
134888
240033
442392
548855
831363
204101
984411
110610
432444
210085
266888
942395
859689
924084
933237
235537
672638
26069
433267
859768
135543
829198
831570
38623
235002
131774
820860
244175
480151
779490
312135
718426
514466
821755
372572
178805
505744
442467
103948
538201
717305
16667
220279
30065
113817
748455
39049
633048
431892
942295
306873
269810
413335
870439
478710
303443
393055
630469
527489
636154
286123
554407
203190
963647
1728
852807
350896
35587
612315
142145
167770
566061
792505
975340
169717
333622
473153
737996
398388
776322
419641
722650
948746
672302
942732
55173
605562
849628
542202
982996
519333
816200
59211
43819
509971
16837
273559
617625
489412
801787
475280
819558
996304
535198
163171
187508
260566
863666
655528
989835
421031
334443
95353
517704
135805
697673
739457
378676
613143
740220
36454
994625
338696
194534
315533
259723
135082
422620
8036
245260
69327
743811
738009
81024
682723
357976
391758
485759
647146
325195
626696
868193
868450
91896
134015
341111
285637
325328
127585
807802
527623
400716
106593
781081
928612
257313
111716
388846
642230
733367
453162
201035
654989
769463
927785
450714
20516
6157
818076
804466
492079
912212
226157
229821
636076
377978
372277
213410
756591
527569
541063
998490
698301
996014
505314
2627
834288
51830
120681
995388
932015
941097
319025
434185
919644
684144
726917
370837
549791
876850
362050
785724
623322
16431
228916
658171
388991
556632
187908
379239
189749
606132
61944
616793
781553
625482
168110
74744
957718
223391
375233
996236
734585
680036
431827
541408
601288
647359
140711
814605
483255
20084
599325
861368
782895
756134
357124
640944
966128
139737
293926
823337
825327
535274
66057
615228
705398
324554
337656
905152
464557
452764
484061
358659
703570
221143
45046
453991
60904
856539
137724
764599
706306
762938
595743
68477
439283
618202
534360
898353
262398
901064
274524
386386
656069
588341
4578
583471
522507
462827
256332
414435
854834
353283
319630
139810
67225
130492
100808
583973
81324
630885
838884
882347
119801
698218
357248
569122
300249
50671
954409
229105
223323
203564
380112
94510
776805
560265
662017
452567
151799
640470
877684
337541
192137
437306
714446
939289
65431
744075
772091
833234
258027
56277
970916
608032
961458
536812
647022
811696
498366
823227
12493
792817
408165
242275
264232
26910
644272
533719
571151
54703
153072
285660
856798
965136
220543
657595
727557
942762
602919
353943
684534
957819
606168
574956
843268
184390
228109
235200
57292
395066
206578
897077
884597
322716
367382
78675
490912
388617
911631
152018
936605
504694
397441
680230
21474
619759
484821
726706
134157
492260
257406
961697
904565
333295
3202
641242
646471
212603
260379
340243
308873
666844
901514
314278
751938
116494
103215
446351
782871
72201
10980
944785
268611
707546
247997
529088
38172
576575
194282
894760
407157
149226
839639
353955
628922
207802
196069
617431
71003
689597
347850
196970
678015
34249
936771
16464
251708
539948
549966
853327
436154
199641
207195
339988
513582
57181
429353
367968
565566
634907
763567
897938
885505
519031
621584
482208
151540
903220
163595
561500
734524
196978
266617
346155
535406
323413
225615
391465
887715
126869
107052
822127
247448
784602
87866
982879
619523
771473
139089
638077
999117
709925
125857
141628
924765
739559
175242
970185
280733
611016
861885
358429
429420
465223
413938
349041
158880
488816
743339
504261
731076
323964
759492
444727
283290
948755
637116
236084
300640
99163
929830
982974
939181
926857
480482
975997
905594
302679
785009
680869
984868
935340
729475
20322
9957
560713
594994
41233
73247
528083
252024
414286
263878
190603
674562
878486
600800
854571
918956
516896
996798
534829
868641
315504
732765
860744
633899
571024
619081
297494
37804
797386
944973
377634
544479
573577
695615
160770
591652
502052
691967
446512
140021
143205
317087
530036
448577
896399
983000
611201
309141
252162
833581
508223
725187
769784
459095
764188
729334
806749
71539
345115
233893
316686
293137
258986
364881
228409
763474
633028
845968
881505
177192
855583
433002
532754
16618
906783
26396
361763
975971
46953
492445
403248
993006
449231
345463
182047
350391
811903
238105
630161
611750
965883
302914
555127
166995
438080
415697
584697
688577
806177
270007
79450
603708
158369
183807
215311
570820
311487
884332
198047
267345
768241
513385
152954
716768
700675
493949
140691
287649
990860
463370
480037
863232
809020
531952
40946
91090
57678
386318
170056
839116
