519630
31361
291895
84279
955341
98889
933695
869273
554903
70825
963309
76800
719283
249117
960297
466323
500786
590701
575418
92334
452317
999027
165381
27953
444604
363032
960608
508168
885706
137486
321539
189584
969847
292575
290808
474120
766494
598776
230993
676644
272658
253361
971820
237437
10969
222554
735593
500771
619905
992077
734586
424707
76034
355353
580792
338661
929675
511717
150316
213748
963017
986035
442895
819170
560981
952685
910084
208641
341351
161629
651908
522306
414216
239882
663225
213820
108796
44793
191701
414186
815843
831249
590970
653154
111217
748051
176221
242061
393907
557587
918167
585184
96095
498349
878478
557620
463006
639373
6083
748917
483880
716084
737849
436940
745722
278858
603754
283896
678919
958683
94823
364161
490971
872748
229090
912042
988608
431161
586395
647164
436423
746837
610065
751508
422905
747926
658040
341255
534854
766528
515045
587171
879089
860618
451109
546125
827990
379556
960092
809291
588496
933590
961512
789582
474344
351101
412564
368674
771172
495783
55843
620706
674214
73183
109088
304998
852611
372302
135305
931478
416416
920524
852615
502327
669931
405744
466127
919024
844961
292190
146434
383347
78458
476199
518170
92554
498804
440673
30140
402919
830192
883399
277524
684268
446348
910339
491903
630327
572341
589505
978340
752994
822352
961312
553771
898992
58460
175720
656906
570777
321761
704439
735971
409966
814843
686986
421733
666389
568349
941142
90371
692171
788090
117715
108403
340306
803558
755002
290457
363888
850
661415
458989
407247
496795
81175
959210
326967
996364
867640
7112
951345
101834
377722
168321
946589
163357
941889
44974
194281
691791
232223
505781
388542
621933
267691
988752
463278
995680
553388
459408
238904
659972
27548
928168
699661
775235
387256
745541
433094
932160
392285
418263
231777
341032
296392
254050
331607
342460
526726
899162
187180
216272
610442
674944
950334
443472
198759
111842
19092
421483
668964
968650
234148
721338
440144
434599
504705
367045
854096
737230
315874
399030
425995
127289
468874
580392
610944
931565
305530
962254
864703
533144
289806
231812
584802
905940
337841
947947
272076
581210
629174
939578
386298
303330
836741
681488
580076
562092
977651
986191
152964
280878
855470
711853
378692
157343
373766
675826
421273
648822
688570
8867
645001
365707
960114
227220
27421
459915
255920
233695
859183
615325
197389
285644
69406
506069
327921
364913
875171
97718
526035
631857
908076
515516
872902
458059
519922
250785
598362
359354
468310
219845
436816
253817
577271
498091
334924
195926
722948
84023
558860
551845
729935
3632
530657
989137
138649
886733
486138
956774
645149
272308
295007
274526
193469
348485
231872
575620
95576
693833
299530
213949
87823
97415
815539
425949
407507
309065
339361
739092
108379
11053
395329
44926
346569
185714
736823
97454
94466
226041
270035
379857
178501
859066
280780
891910
81387
548150
99892
34165
31666
572793
530153
794086
11804
218812
361923
960231
689417
209773
228288
916132
614686
808596
982429
907689
561845
920028
54768
587665
188370
122191
24212
826962
104503
537088
12172
715512
471174
107500
288912
938738
435625
989404
903395
786280
229111
483013
271645
425797
951109
729221
661852
208274
857758
110884
805262
222804
963204
796694
606986
540493
832501
596048
302605
422403
681841
46559
647858
341752
420573
106442
677399
739986
3953
452299
972122
327682
700541
661038
535005
345024
861829
337994
607936
848850
796043
376986
241650
729304
706122
973330
390425
686699
349792
552007
895016
257444
836892
894484
18121
559090
574230
71043
872872
986801
473787
132779
689423
135054
427842
218035
55474
768435
940817
371136
278864
926141
519806
393050
383994
839167
696033
40290
677575
960603
9422
461041
335269
837642
870379
253643
966077
422868
477461
437680
465609
735448
730614
318220
134906
460654
95034
791077
30859
640309
993101
307247
671206
20342
581978
826893
367159
105156
102482
980102
885620
715734
622426
775271
815330
417110
359722
74037
477872
624476
584480
32867
2685
344400
282747
431838
779699
52816
315717
181625
605030
53165
397381
710557
578578
108493
269532
189859
571170
299807
239137
456693
501930
351029
876056
414906
238245
5936
967960
175427
208168
365131
795783
363647
967868
880446
201615
13532
975703
588166
524691
216015
950202
514962
980363
574946
162596
23548
773941
731173
216598
584892
85262
29194
510279
180870
78526
364496
780668
230356
710134
541590
669799
423202
523302
491872
465962
31516
446214
445378
642656
205692
138485
901248
679518
789121
336662
937114
895872
761909
319356
389393
884185
95027
697547
901983
628214
340116
731294
229979
29405
112194
413852
848103
558824
352047
188297
383845
29424
721409
855410
46062
61245
829031
575815
899549
842814
685071
323365
249616
262030
353988
697742
746604
464229
78084
873278
682578
475917
768115
436141
305364
961314
10077
137037
875143
106426
163738
554959
533712
563880
351523
651138
231019
833811
415155
21519
636841
396418
464311
708014
182968
317389
202355
402851
263002
446464
498780
470211
628065
740944
64140
123565
173857
307603
404741
244790
364038
496235
806634
515666
550916
783168
729489
283076
819982
656727
331724
868470
637199
394493
514882
896350
984096
572381
325716
392148
411288
674568
161694
949861
48699
883145
743334
404369
738059
705651
569498
205287
919490
175142
122609
768801
52954
14549
361788
434281
624012
866770
476347
784918
426729
223851
952343
983923
166503
729255
300621
685995
58035
741229
288630
767962
516238
103852
16024
19825
307113
614202
215238
740726
638000
49352
206414
465234
597282
301604
133030
334111
796789
465902
50550
759337
819228
465188
984033
459953
787467
845499
191762
651126
52564
769596
288087
528774
658630
221782
897824
211212
607582
958276
20194
715226
220868
134792
393183
963341
279465
836003
823529
674855
806199
117159
272500
765222
890041
599546
567970
340037
530553
273234
813247
422182
155488
647718
971597
428912
897959
977953
242054
691971
187969
948205
254447
689848
863101
8642
623769
903401
75480
356092
544691
518025
878928
454950
885948
766541
231963
17310
261350
869716
692368
876546
265122
587247
340754
875920
202556
966531
222899
970566
531435
575509
987803
914592
589419
173139
466150
388165
618004
950059
332062
94306
238100
596796
951357
812537
779117
112468
414519
669804
485780
766846
935087
67127
386011
411167
435548
784391
678510
596004
867164
424434
421756
865319
229417
301879
68367
417107
108768
682152
23232
101467
380961
686516
374407
899675
996773
992142
899480
734563
776796
356583
493341
304832
19945
577082
536749
328814
623341
762417
975565
937597
172086
759290
434717
724211
749057
662561
374953
418057
884049
540787
216014
945901
215574
664909
705170
432236
374463
365485
526208
972185
928629
378477
315935
847886
282037
457512
768572
197627
701361
895748
600107
219539
60313
296372
217221
145081
193625
969419
380031
375165
81059
147846
892584
986261
303050
912750
310749
226449
90770
983810
775166
402774
843517
390989
465831
681450
201346
819411
575049
102513
607519
863110
995207
176194
237792
531966
111932
615208
287080
65836
62129
790437
992537
845732
197018
662184
606973
774726
405977
406155
680069
406988
201497
668913
787087
125959
981167
911587
346182
381227
918143
334178
129775
175764
733753
638068
501694
346961
320520
675369
335723
661813
430171
192693
446217
931129
485190
813084
637157
146403
682539
994686
89513
668908
741949
115491
450102
508947
498347
75634
881803
32922
640170
357817
953476
493133
319548
674189
356962
958005
223038
615790
636425
284401
855914
287975
618497
550571
352548
532638
213177
704255
590267
360635
594053
353889
444687
509842
142544
4304
284360
383825
610112
202924
131685
881959
178262
478907
950787
997688
788653
467703
272275
698484
104342
216855
420302
123590
700444
478878
937830
906081
526180
207431
174562
110953
667707
528230
691426
25469
45410
495707
512176
976433
651740
860763
968289
300189
367355
727506
153354
653513
122758
401388
695527
927456
219738
216459
354322
242746
372288
616532
586241
762310
593512
992310
682760
315249
362247
494856
236709
246095
366390
353210
590963
477143
413741
403152
626245
610223
757203
775846
949525
559262
540580
814583
190937
169998
25473
418172
901128
478319
977603
515146
938448
946890
353062
709076
54985
866983
157870
265492
975629
772829
383417
897867
37823
9073
423100
387229
332450
182743
916922
734940
76087
269557
441441
171926
15953
908043
283189
601682
225659
976550
970171
643377
73791
320981
560011
826501
190752
366150
688421
663758
623926
523914
591761
738598
825832
780527
144728
750365
468377
542588
348820
428851
985892
433030
181230
345327
606554
398677
31041
120538
898839
415316
936946
681015
928389
718119
679562
61991
783542
85120
359516
17517
753802
333613
409576
119839
719030
264277
523956
792440
370363
461636
649362
743696
823583
285177
874040
404154
329144
241542
829200
500421
936172
589644
503268
116628
788088
705029
92083
315702
687296
109613
491361
686420
115314
655349
652260
583104
819239
988861
830457
304545
627360
608922
21202
670282
453886
202632
865840
130173
170316
562961
165822
423743
78623
64217
56845
837510
47149
792809
352008
765023
319194
163274
553732
568470
298066
836349
595007
439324
314079
776705
682373
248564
62454
983566
928125
902426
570185
43780
275754
653130
903042
266499
28442
305160
86248
779575
624751
897400
408012
113031
688637
11080
824546
794387
645486
375645
436193
801858
482972
115872
180020
833895
590196
29451
443820
506798
78888
902787
805443
544687
689739
590961
74505
970890
640660
945024
275221
216166
880209
5675
935034
627075
532077
670424
556118
676899
801219
144532
711532
853456
336465
937836
905777
525829
611325
754367
645826
666286
84767
137206
401634
534598
240506
79920
739266
953377
611070
120155
919717
396642
625376
419261
347060
508017
305587
560212
974045
500967
528265
731377
902723
844717
724679
651791
913539
128864
765600
349221
790736
848843
544844
892989
757673
456135
928456
113304
147095
813363
464601
72366
358293
712439
917117
713654
226920
870801
694516
440421
514219
282142
205407
118980
950101
907066
849071
215926
195119
232291
539242
520486
248563
393589
813629
944044
123202
678399
336140
399379
51097
719107
763311
734180
601027
522236
787635
920628
682739
875462
578307
15354
408936
347775
62101
287520
710841
611950
865033
763575
380398
620151
236139
466975
709388
716003
623716
535254
767711
832544
265397
686329
689632
957108
902029
636416
609532
393849
689577
105547
27876
644718
829173
348741
189956
920603
766514
359013
57468
839230
250474
562414
206059
388678
766270
134846
593132
656774
207252
878653
929061
841566
188227
963651
91631
115942
434517
254306
115424
190091
320202
842613
220021
802025
939078
875658
571308
216074
419872
346370
612570
988197
364595
351163
821039
878461
601190
796695
850501
173948
888485
562536
434411
278233
297271
710156
911049
464517
886820
922749
366991
167668
925346
684397
333202
87061
14926
17369
209092
322682
541068
655590
550443
643980
892296
445051
396862
452602
594711
35376
528523
480124
280901
737025
502192
952174
963728
650768
390090
424599
410804
744180
545890
702906
206050
534165
835409
880279
874762
963222
932140
925226
809926
384616
366697
17791
185257
374237
352843
160813
89460
130712
10429
518840
730029
568262
415787
718591
3963
69513
326109
974153
373978
988903
464839
155640
638118
308726
706201
367068
318063
974578
28967
136109
158769
259232
713076
844929
954834
667620
444963
701720
136191
23339
941119
506304
645542
778236
38703
359828
457954
423551
709681
977121
859745
365437
286113
815160
835147
89746
845274
705053
575917
19336
340298
62253
305065
84259
956629
490725
104460
975658
899466
860703
115208
776050
37800
780370
42337
913984
255261
143755
765160
904875
608838
910364
187123
656153
355400
660214
433635
737663
368689
34592
26780
933724
702031
680249
977821
730015
611399
944642
100630
693862
655690
616983
209890
876262
951909
790922
594410
767295
973330
802938
897492
892172
256144
568347
23210
739890
319786
970500
428307
862288
162435
462855
457444
241059
575244
881117
154773
197665
949029
98532
818422
587679
625133
250908
942573
664503
664037
716312
866396
404271
912579
283702
924495
52295
199935
778710
231476
581462
601199
834042
779815
167716
573107
121753
402803
96735
221912
137238
915644
402337
263274
536174
775698
855283
916724
983955
16225
513518
648900
436120
541266
964703
330466
902983
754551
974820
207481
742907
778156
175343
821093
78816
324635
200439
285709
700627
712892
408767
242855
746857
251440
922853
419162
9745
383025
957759
353165
329269
390249
29838
787590
72492
809730
72601
881058
297986
125994
906967
887564
397039
384269
279741
242056
400
498359
519750
349787
193145
840619
201334
179398
163476
193575
78452
557667
500715
264294
59603
954470
389036
377212
211278
733705
699682
520405
746207
891067
578454
643172
665604
889073
550059
818399
444477
462475
620763
47378
276006
499993
341552
384440
20463
358501
414356
544359
869246
275480
536505
261338
174106
164365
450465
562616
680876
148720
633675
599125
382888
130820
359130
826438
533816
165721
588695
575144
698377
409114
254465
668301
296905
798614
542262
358837
491803
522708
58122
429082
967866
804718
411885
51545
47537
790000
408174
938682
125813
328718
240448
595680
924108
887163
680244
651544
851135
687400
186814
571919
599793
712901
192152
526125
244170
752787
996986
159273
544066
274140
393798
492225
247773
100073
126849
786219
261823
28651
475507
97887
647644
514285
531236
8458
848303
255827
286251
40213
380676
996770
803381
447238
148561
833162
305076
934444
410427
907800
652773
406667
57601
383002
640677
330900
212958
995151
180019
255188
711690
450397
339003
464739
192940
426329
469460
869695
563330
823184
933386
12553
460849
247147
227972
220047
772737
46948
644656
683678
918547
435776
637437
357942
793315
336509
290445
183649
725324
485040
273059
913446
490924
560643
832544
795925
221595
496347
585428
284157
223466
325370
447519
655137
61145
529714
759099
338530
667513
991362
562428
529492
967837
721740
1102
928931
994647
373651
677153
853941
128019
152854
135974
712883
524995
243216
999949
285637
366116
223898
117753
710853
437109
500791
949599
391243
477914
472720
777404
187788
496499
685738
982393
834306
231175
636643
76603
353206
906002
273748
604211
965836
173252
240428
985050
355166
490616
623153
691829
174903
553284
273496
318167
397620
569241
879668
717615
946244
536442
257423
864465
483756
343571
447815
708722
17240
463706
318129
524842
219404
815742
649177
33434
357278
330026
262333
922257
771267
782373
777373
208043
217242
78096
439776
826476
106523
781785
69037
893493
141964
511278
298748
468477
26808
6491
383725
726895
151766
180611
852359
514887
820347
673373
571008
14261
859545
294991
849992
752532
983031
214412
135167
685767
161935
721040
143904
697546
779106
450615
712273
771290
612873
909008
887505
526556
508544
54796
221411
918684
346225
74148
962906
843861
892203
929238
774991
108966
855706
11953
777744
793577
385314
771055
173341
182915
722742
709073
87041
406165
234268
367715
314732
973062
929139
946477
818955
142261
771306
737600
685098
786901
630303
831615
511958
783686
555351
244318
88092
339379
200408
94372
293240
258045
297568
992854
213813
249394
936788
878501
698885
138567
727030
487058
142599
849517
765910
823475
719886
732974
68627
273912
178056
742730
100054
13159
202544
629285
91670
505811
26784
296874
837053
151389
1129
623241
184749
645172
789000
523648
920628
913954
717196
96933
840291
394151
387869
739774
780826
661042
469814
802827
99537
533293
126088
619927
548153
512407
264245
386705
782559
202082
317109
78236
331609
589510
476489
178366
264299
609163
69109
804847
393047
611606
678949
338201
726699
973741
828617
452696
697386
250969
926658
657544
565347
186181
984030
976415
185930
595563
914459
773498
115202
712404
327884
610263
320035
906002
223147
176692
682999
367669
175624
390325
144761
590299
391243
777948
385682
877091
907595
960307
764389
385268
991962
660114
162031
396129
193012
314985
39779
407489
712173
366458
199034
426656
954515
95340
519481
906556
836848
452486
179470
152304
43079
489121
340651
301272
888784
567529
571046
454437
345550
38844
732303
477728
760985
885902
139394
155815
856302
647342
484121
218325
171190
499847
200224
606034
580408
61170
592225
819749
672422
5872
711348
410308
462368
624597
57915
48529
572763
815785
469175
441859
901251
377331
214903
182043
493771
639089
560334
265832
466305
252190
934590
161044
756904
830246
913525
966709
193253
788343
612660
483618
291854
244502
666393
710733
842696
767878
578803
672986
673658
997173
958556
861073
248705
244870
393714
788665
282109
52846
636781
281342
575015
728198
892023
605289
845154
900601
28200
34039
227095
210910
547504
13950
825371
874340
915076
453397
120995
60553
329242
20505
581577
412314
254428
610215
981640
198902
758321
618514
511683
736265
153651
843297
918324
448741
360966
574496
162641
765300
935069
956355
465743
964261
249801
394517
335825
69939
134874
538261
899707
183401
688479
571320
191709
515962
210206
514593
384595
598180
358961
843092
543116
341039
293854
682912
192071
30472
120971
321741
230224
484054
590245
486184
844620
162069
129730
887026
679815
235612
759903
499847
654724
470944
956379
14557
975480
563158
811366
202979
442849
180751
572241
911420
787242
929973
457089
62951
936232
322666
376992
590782
572261
428337
774008
628916
626333
152213
889740
226829
543344
192469
185285
955815
471363
461180
200095
260949
307713
439012
181508
810329
63294
462217
389392
869322
37966
677477
246640
260684
895215
907371
851116
614770
840060
840830
846066
139259
212989
632405
557934
355221
804289
145327
431821
417658
566605
463889
961316
757094
43229
404054
601481
989641
550689
608189
821126
24027
837676
103088
364202
148898
870932
437365
327730
411922
851367
741830
221308
288919
942286
155998
865101
629445
335702
347310
770079
981835
944617
924482
756531
745292
711107
187317
808234
446969
931452
502189
108494
281395
891344
439382
266882
962931
433739
893539
475232
247654
734811
531189
83413
538141
222653
798257
106904
191633
311860
526330
714391
257711
436866
738528
841285
448455
879123
688458
677549
471063
696275
907155
698865
447306
902443
139744
546133
611085
751638
241657
183944
672149
805149
183110
566589
223796
810757
629631
623150
191579
290883
471312
274786
448028
788402
579261
410230
228274
514729
680038
373797
525858
376145
92601
962048
739912
997945
341414
629483
80785
782020
330048
509727
469436
710704
175852
177456
866526
920880
549922
51598
642378
902214
684441
96673
514859
385966
993310
276249
742799
691144
723476
172179
685260
663422
76949
2352
864737
168090
850378
193769
103617
974006
592307
130804
202989
590901
860738
52009
452237
566299
763327
536607
211226
194268
791333
397542
7066
409764
672746
715027
541463
727254
11459
597148
272489
543465
3607
408342
819419
936076
671989
499695
378950
20389
204599
308618
659412
553090
384002
143279
619248
162694
202355
330278
799902
416615
368519
29749
750969
694522
490315
869343
414433
557454
160958
27722
343981
177689
453864
947418
578799
724462
708993
793586
68688
166256
974185
295647
354007
727776
27498
401225
359315
583017
489902
402651
558927
820565
717554
922901
789674
8454
666897
54690
184694
426678
298977
780141
739242
654738
574673
467861
67
135048
806408
716813
814656
266614
315521
913278
502719
969172
142516
444877
88919
748902
169398
794740
762343
985335
867283
306501
466488
628583
618832
584754
629465
176545
9141
14215
580430
317053
388505
408874
27584
170158
529489
406011
615898
126680
908809
568693
823077
710629
147207
88074
212148
375656
509055
228090
54081
690988
397851
338709
4696
499775
425358
96646
499488
826717
892436
418917
405895
719483
458968
874397
928374
370158
326286
411561
599402
86662
914594
820551
337981
171122
242197
87203
157187
259718
555977
961326
411869
661785
830530
57080
105025
773844
704000
280792
884494
246946
466087
322456
192771
165243
692516
383473
900985
455736
258925
474931
289401
567869
586292
457766
318004
276265
347017
111133
731141
174464
775219
52054
994313
115023
644332
121866
533959
123884
262447
386045
837718
580542
520135
850101
756798
833574
795505
97283
592132
984625
45701
10966
240898
313717
9359
926386
851059
71759
79038
900531
284512
349849
565226
704575
270701
285702
760522
351797
707488
659336
29936
83239
786794
682618
222659
602353
924292
261960
949652
921804
674665
29270
797349
13355
151811
975886
455594
882679
797412
157894
292210
441078
542662
601159
493452
550653
128194
67281
654788
990118
333748
812080
630186
355827
366659
252604
400735
121137
4626
765861
987075
53105
609056
936893
736870
926227
956107
647992
222463
252028
640768
420198
297919
379825
260869
983480
350668
320056
235483
220881
613104
997068
803067
390482
610134
877180
389411
650780
205573
360563
579792
77982
622586
853357
457493
735375
814902
183807
500878
228992
140411
330711
698811
790459
498560
116079
121802
66531
259204
5723
313207
131153
356127
968650
470874
841404
723965
979721
152275
738548
976852
566559
388445
801672
369701
175412
973282
524820
62000
988971
24576
309983
580308
533394
760660
906333
275890
11161
896053
658533
244090
881609
518547
407391
254386
820734
313017
104448
439596
527444
865961
463817
681683
913462
525413
153857
720995
745196
447322
841030
78794
266315
900381
102463
632914
927243
767601
840516
782158
326430
761307
917370
877835
46663
302676
594566
97320
113052
244583
630933
482412
279359
195048
257608
568170
324496
343060
243607
690582
250278
790121
974610
856593
62594
59486
40164
692726
133307
226328
282889
79655
77348
793812
689254
514374
796103
539602
805120
467981
530106
33904
97834
473437
355893
327648
138149
86034
842723
691214
240790
382894
435509
345561
455290
484506
163019
678363
149592
522946
750582
229908
621954
870921
401598
975218
30806
245065
793650
805328
143602
100286
673636
897723
269432
922591
899688
811990
398134
382367
125751
227345
705003
142488
651883
165401
496264
202805
673459
935927
875226
786476
811771
651883
559935
665811
368749
844720
798823
874219
998085
899643
365056
579150
515913
706681
501485
116017
516637
547685
304733
98751
759631
276440
961280
24430
538471
599760
696253
205849
14890
79589
85853
801751
37039
659462
755757
622628
678221
647144
344306
865725
859287
448861
534073
840338
47660
488362
951425
890840
289341
839877
722132
291460
332712
765088
867764
655059
38111
250926
743787
466007
971269
636104
614550
850756
93148
536151
549808
416349
516243
179988
245468
726971
847862
293842
557473
309912
315258
432246
617790
684007
308813
116750
310531
355243
573416
80908
106583
178032
584812
832004
34597
184932
522663
531221
896608
64375
903544
478337
315423
18095
963125
587307
539172
157766
38793
328980
539329
589916
206868
83930
807828
159995
966009
615131
594138
106642
93698
10083
336618
294424
969524
312175
43078
255658
750219
495022
221657
441879
157706
541834
751257
284009
731822
187710
842151
288061
259710
597544
329680
441656
300302
697556
765689
233794
45189
6850
801777
227200
465459
404120
937593
22966
579315
533872
376918
464263
681427
545481
197351
684518
284055
42825
663063
152008
49922
884144
80653
339695
942915
323237
485688
531992
831769
318882
40592
876751
33929
721108
43157
839178
120013
168011
302592
512655
112248
942703
467249
898542
822881
542951
955414
693272
67460
492180
849045
447375
802880
380379
637274
889762
881556
467783
402264
340448
261454
148153
943408
829236
822071
575406
425188
20047
936423
591585
927981
692856
180484
242522
706686
467634
353856
413266
168652
800773
660008
442336
422741
870115
236047
903872
318913
901733
546383
198892
66988
16488
278440
763359
193899
917219
587490
13709
499812
601047
704237
27406
77399
879604
280398
651933
641816
72322
939966
693980
976481
454650
231483
798956
961854
150086
476539
5437
944139
703458
194634
849986
410891
355033
417704
699699
240527
113351
755536
963362
336360
46376
253862
668639
394891
650407
550184
696393
933683
935706
385574
637173
55299
375529
827184
117693
997687
12103
785685
774176
716849
446746
331187
827680
748905
656996
61665
275490
421201
425184
642505
685894
707566
920554
728570
799
431145
674278
56744
488153
223315
344249
128772
406950
592218
900514
672644
668437
484797
356581
229262
76139
429679
261092
832786
961155
253781
167600
534579
410421
662759
922548
525516
832720
604062
723706
370974
520889
71222
484685
860476
575948
99151
48677
178118
108817
575650
146204
359184
171172
870463
527908
155207
341845
404831
327630
203546
330969
509267
457105
221396
511010
974349
518049
867598
769379
27059
987092
395034
309646
508377
251092
169524
967906
153086
660283
396384
173568
542321
585230
394327
242675
357716
567282
810274
714662
209908
708272
884877
232037
799586
667818
194627
907902
551448
124555
451694
375451
512114
317012
145459
850446
429610
893532
844161
178566
175444
693736
346465
188537
493577
297265
827843
616384
120816
277083
237102
677725
407158
495707
237011
642847
282842
881271
677080
11815
294657
10279
406787
314935
62627
653666
880096
194511
812931
243241
424974
998308
28590
304136
588708
122718
29206
828963
142179
378974
829143
136563
30622
108182
292616
363343
868019
283847
201349
730579
224684
170234
242400
523987
542481
60099
921072
30975
523424
952737
415700
656701
311969
104855
540073
247051
197787
286813
707099
466411
636495
942716
824840
715145
248843
455903
572037
316598
382148
861024
297015
969940
627698
741785
203890
761901
35107
103675
885565
289353
690588
149050
582401
392614
228492
378966
585457
581543
466201
862755
381850
378319
637374
292580
431145
98787
521540
120155
930599
100038
400498
244276
766540
676305
347620
437311
268490
226574
509003
706739
866444
813391
493940
749101
214001
406958
999648
167761
515139
843966
746778
85419
258583
767476
44078
900252
410792
669393
443426
554638
236899
45724
642030
846256
356521
318050
671618
14601
114491
948794
590754
843767
941708
17330
630019
156011
608616
432220
814461
927989
470376
456492
534559
72141
546746
543009
871012
43076
477829
196977
66406
25301
367811
463689
191506
85828
712023
115317
452378
461350
683861
717764
931847
866704
612232
134268
560958
97540
116284
124352
773001
119776
354111
441834
124708
147717
226044
319496
199102
959533
135834
409853
714021
13949
181802
645442
485882
651181
215732
531398
644167
673562
122037
314668
705777
159025
201757
804126
887626
871585
676319
482950
877921
213894
511821
499286
892105
306109
356562
177771
666215
120570
756625
305975
809839
611145
466532
405090
539001
535095
853719
730693
636807
628558
938404
956551
932257
710035
296864
468944
757569
876656
504717
554945
135054
429522
128075
879035
670031
16485
565256
303742
654395
38617
109933
983581
512763
965765
269961
674679
879687
24521
396208
37315
204634
25853
336916
991000
406349
27822
329846
18843
200350
255386
295322
778081
474799
643538
447609
457490
383034
179926
117545
601871
317471
342703
966763
107563
770553
864402
987763
601981
794375
405906
383570
102753
356223
427139
12809
61047
96686
783217
960224
649399
509820
194683
392094
485200
732887
451826
373795
824321
558703
185587
829260
62625
329204
197801
750267
790870
714568
617339
678676
150520
544404
639172
920313
388184
121245
416396
932613
10950
706360
744124
380809
51455
107769
531868
587995
207993
884102
627253
584858
179261
198312
180244
57545
700213
385916
523059
108849
486306
903421
494474
591808
487353
44295
454329
554347
863451
906391
819085
675779
453036
281543
215626
448052
958519
606581
521599
135950
294667
303381
537156
342258
221087
120054
416304
186797
686399
7211
857447
253425
595789
185245
538396
984707
798110
896552
764683
188589
855080
252004
974645
849941
528111
954545
473924
986904
289177
71099
560074
630940
24029
60209
453571
577692
478466
992962
533026
978961
67489
909131
51189
952829
401702
648689
812306
515114
233126
31659
79823
327191
359020
695377
276054
605376
900653
454209
83117
165967
893040
120561
666830
564808
740682
541814
755605
609823
268841
537819
245634
12303
491090
985903
687951
977873
880184
322207
176978
468075
714928
782162
16944
563468
56545
538811
134614
84298
121471
623031
820194
787020
329251
539649
322574
308594
137602
822867
533868
483211
633769
178409
251742
35964
898962
599413
458919
24659
942080
120593
705827
573175
927392
85529
339522
205865
822872
684751
664571
774327
705423
793931
60545
656461
612738
515085
301633
220780
815011
988407
505785
599480
793230
968603
154879
387179
292587
145937
801668
950303
228942
262697
948182
391964
615194
654871
778731
633666
899501
25115
773226
965019
917214
362342
420943
397996
575308
435832
827300
57517
829851
14305
994604
316429
822712
572282
640403
304266
434496
236782
846639
80883
533452
325758
350492
342579
504638
345239
185870
551237
160449
65820
626047
398191
874392
74967
1456
399163
676948
470472
546169
745782
634812
306519
465943
655373
871061
263679
475055
25883
85481
434854
757670
757406
299850
101911
915837
338660
155462
579211
502789
418445
181959
439631
367722
600439
109861
193567
255988
117080
331957
138693
416172
924169
464026
435232
238930
62721
587972
950770
573624
741096
958209
689327
647567
490303
54762
321682
488529
828679
222803
507562
20789
585460
391791
331065
403268
777751
362795
634938
470462
98142
94512
845243
482491
886847
597712
65389
839089
520579
264692
705680
363244
404478
947052
203845
12247
916410
579367
325804
491690
773184
569108
630943
262256
234177
824165
586060
983400
434013
548305
864654
379545
274574
44266
539146
655908
568610
56820
139039
101727
986393
46938
835980
507368
780662
350377
460481
997733
167470
856756
286527
431206
720861
768746
352606
974077
353240
379141
72958
742688
305064
81582
367691
957789
421277
699751
949314
557298
755523
990981
58629
816026
603600
160444
651944
300901
629816
391713
160300
393116
770162
398436
845942
560669
512268
646698
473223
873124
266950
471662
977691
453994
66945
37673
932059
239207
966825
97669
301753
409363
702825
867021
281857
273109
328352
67629
113816
953330
924365
509019
646405
387185
949254
893181
873759
60426
88331
378010
666344
662163
651089
823238
567650
573459
526878
721807
836881
885932
363943
581192
302853
993557
326797
48081
620836
322191
858073
551193
986722
860206
13388
372048
84189
726959
5893
252324
112095
245598
107448
552126
924834
183483
255101
463906
389405
734160
84057
41925
910828
451227
252870
54432
564963
960273
770468
311897
687260
771826
990935
44906
601354
423440
52197
177577
765539
952715
534920
716284
184733
143496
427065
366693
576906
622829
252177
953496
303750
225696
377340
544230
809039
734891
763427
529455
212724
31434
575991
178720
890769
476247
240307
719122
648420
801051
740359
226270
702143
780478
38342
232305
667499
496494
671304
591824
994359
701276
91965
649784
6533
163613
940305
105517
168168
622376
20756
679401
225436
770561
736450
759214
464720
153016
831681
16902
253798
312267
972021
243895
741407
959036
286350
445851
703189
798339
684881
536000
551993
726915
778737
485083
718791
6390
40988
386495
134121
381543
371724
134927
16406
275158
338510
751382
772339
251308
238836
543690
742743
583135
14041
250459
865869
204134
871351
664809
706865
828894
739531
476729
821800
623178
1449
447799
803727
88133
305062
519697
902234
788713
832218
665259
557443
25110
880183
686491
783211
282241
812702
147140
105047
274188
614750
462668
280785
327458
632933
218207
73782
345749
407015
627204
292615
303769
140524
178334
954803
977574
621837
637456
118627
959798
909958
698612
631679
92527
788259
637570
161785
732677
344385
905444
671502
172284
693833
468534
102169
298024
478536
135034
535358
934216
172218
989247
81718
155847
289870
975458
134201
390098
790659
437505
405215
82841
343108
698496
299136
166438
350018
830942
188024
235102
621901
666973
669613
157083
26276
505700
897034
780588
615641
501225
132171
894567
926745
11192
316229
474457
918709
696535
224055
497282
732519
398941
877889
651181
47885
771280
828159
608131
107787
851946
487523
223515
392976
789930
299412
286629
217624
180650
144056
773669
978035
689636
563694
843569
795054
788178
881290
555569
787459
475877
931196
412565
372961
501749
715365
603776
358871
170353
503789
826506
509585
67560
883054
572169
889968
153253
59495
33735
960635
724035
203828
25931
357860
838416
798094
108634
666766
601388
553567
503427
821167
677050
238776
548214
443212
424348
96604
825928
916889
782351
884716
330431
949448
646964
281189
631491
933078
70514
60062
629528
616949
274118
707465
724090
774743
376033
147146
733604
863126
607722
901086
618043
223240
298409
346880
320602
126470
53190
416605
935446
773580
963190
554717
811765
178599
932006
47520
650488
605481
921421
977013
247346
831994
655348
669865
12404
281958
60709
261072
971404
795294
683299
275327
404166
900505
945471
720309
259770
38554
49781
160089
209002
651633
190359
750752
279343
676930
12656
943638
811551
517958
766835
61601
229972
44502
265185
493573
185280
645145
265712
56349
492532
932967
696988
387435
722911
458779
833754
912897
651921
40387
432947
305968
309751
328792
418279
523041
185278
10390
655824
739383
390797
217566
754223
572528
442102
668798
350882
684875
686113
252716
983221
267182
32821
812297
927918
210529
320230
444047
248609
97295
430111
607340
882351
161048
523607
141719
423558
13971
113405
373979
22258
181735
340930
498880
72184
448253
679793
589132
111342
366957
647643
743947
948733
467182
900421
447109
601632
708496
155102
286219
373570
545119
250527
103904
203908
358152
669085
548208
192474
840865
546405
438890
701447
267866
603786
368705
365371
101887
287073
277647
710327
114979
826103
971302
478583
264300
740861
796247
403122
656517
161633
342854
764283
282133
196230
497640
676232
540967
810821
789091
418355
178197
136995
357215
484064
172614
838571
877056
413645
439549
693145
484581
802190
614702
36284
186046
315749
465713
726040
645669
861216
972516
765241
952261
136268
593286
712403
669813
146799
426115
538676
154071
195124
858650
152822
535180
347001
748627
282223
147478
411077
836925
678939
123606
742368
52562
779403
730546
119033
762154
648380
920357
597799
711223
516737
573013
951330
876721
468785
524577
625223
441121
525660
298246
81824
909956
543743
684008
566052
873403
924245
812129
731131
102274
204011
313370
413593
799542
939310
364896
110499
939420
94699
752892
838254
96381
864622
18708
710297
105760
227509
243905
979796
393247
186398
180296
290838
85816
186642
162051
177615
479988
939989
377656
901477
687332
175013
820360
761748
48765
49784
141663
317757
174775
272762
27330
846347
897066
929227
420448
958183
297440
929750
296427
991907
79176
661585
919954
443204
949531
847121
981175
636727
663869
906791
811688
397115
875589
389714
931729
543327
884910
670856
228089
282508
287746
385010
736969
774350
913888
742661
963809
809062
432028
205480
850982
411973
304794
365385
624026
937623
910967
506534
340266
484401
563812
799010
566353
450478
905254
796707
694557
830365
275615
746030
368756
389074
432871
800509
681496
335973
364287
904750
47462
322672
464796
73127
326176
255072
144126
625443
137699
255851
248157
944049
776586
598175
134148
161168
298586
306122
947497
628863
720119
421539
736751
986687
148948
333570
600518
50676
725159
790215
570278
74331
316603
281621
518459
970517
656205
951286
906139
285107
882128
25035
978600
881351
202780
394245
765251
530315
511943
37195
254032
365737
1231
174489
960516
247701
356648
570561
857254
250098
684078
258827
74399
116207
879606
836140
35410
658808
955625
40971
508597
487882
193778
941811
313032
452183
392300
695072
512332
603116
292385
181624
774462
690654
424891
521374
217277
810021
987059
207976
430555
49406
785910
3578
545773
651585
417409
309627
472406
658538
840058
886428
996202
454061
664799
48401
806388
828204
592243
349095
724033
62638
997050
57841
354205
351829
498166
298752
141253
124364
784879
225598
887097
407032
488855
847795
3157
218356
67426
586129
193244
991509
977967
952796
626886
401128
301583
458041
151364
674316
239916
110626
411011
649625
850661
736768
425712
480053
589812
209670
78638
456385
961018
220300
335027
395137
696920
779868
102041
179223
537601
56062
382907
111476
483391
145692
168678
644931
450555
367589
838690
687350
579577
115955
625434
538698
214332
551314
880185
61957
934639
550334
494382
254948
671272
791529
997151
263159
406574
727706
777267
503703
248841
311122
989943
663928
355026
889884
762003
740458
518297
959066
167619
495020
112590
894688
10473
339639
426644
698919
172706
281095
701230
901299
751317
944893
422995
622225
135954
916277
850000
731568
888125
16450
454885
119863
321847
156122
41973
105128
619824
626541
590611
687911
858243
630066
381839
202868
204218
752414
231998
902720
500735
314535
800763
242908
328301
483579
11876
403248
272168
712965
720322
446988
58866
70850
630147
407135
847051
483524
745526
559578
512015
414476
190361
500313
826865
428553
805506
191909
414395
392639
278415
170383
252648
984777
348479
82254
957297
897017
790634
60226
76402
156826
981780
992861
991
44677
793377
863243
369232
10633
160107
272141
953445
545885
880159
37933
457284
10089
385832
459658
416059
233324
85812
968234
867727
172134
812887
695135
466025
961872
523399
857985
722457
592391
389842
390941
377585
13194
461548
567786
854253
239483
886296
725690
329785
886124
204823
243519
128959
187566
412153
629208
751016
693283
297140
950355
289210
567854
801230
359677
410379
285506
471764
45582
802033
966934
709577
528689
550006
125047
152505
313273
386830
547833
214239
26272
445260
247863
930653
159506
940544
118970
956345
260382
121609
844945
69554
888164
518471
81786
819141
882778
42120
730760
288262
630491
200822
848874
998533
907616
525591
562885
606610
504346
840017
659407
138659
787907
877892
298654
985465
531877
35339
718813
264899
643303
9592
572994
206184
377046
158839
337986
930144
861141
944560
151654
213179
371510
758328
972298
181908
36158
690224
801173
564725
18109
230243
870454
507813
188916
781920
172054
648684
605883
266503
78997
38553
497846
900249
691229
194685
364429
69948
919043
637379
335883
224443
962155
924636
100217
540769
877431
620049
895780
1255
352191
161422
381578
371952
97984
363386
476100
376996
792387
803522
341344
2729
116649
911183
599533
609183
646929
670442
316472
997166
483913
216285
867356
256010
969466
423100
961143
403963
517423
72908
35138
861158
463578
601604
852329
17512
7876
175261
230921
93335
821907
811885
192072
54080
95
664096
219678
652981
178060
873485
843840
588170
893170
511391
546256
477032
225742
792344
93650
25285
272070
530005
989762
256319
444770
680059
835614
442680
207909
668803
407468
601285
227979
405727
854641
287106
669852
953546
680786
196453
528606
596769
194921
336897
297189
871356
885159
423692
201605
512785
270769
521892
106130
281930
272252
752087
767820
754568
269304
858707
958709
663905
152099
31765
627597
622212
329435
356501
646397
10771
427606
510651
31802
649292
496094
78224
752506
75388
406996
712911
417536
596339
310623
831701
60413
311114
553663
404348
679820
337850
892784
636043
828325
139486
193090
873024
645953
34107
638237
491267
411561
870222
737181
417798
31888
359152
418881
543465
722152
177817
771880
605372
270415
926297
657550
246511
727843
905261
561449
438917
719651
712181
503637
6534
727125
965662
369791
995005
757690
338395
803530
912941
616141
844103
280520
141819
365081
357558
963615
717439
826365
2032
513432
827587
754183
390804
796372
586174
711563
131043
313043
826021
639299
295133
670532
972309
910963
560310
927520
950589
198383
935970
347673
84281
693549
620672
188904
388335
899931
668252
286472
480185
545595
386238
325633
696842
449127
314073
954462
616368
962048
764874
683963
640053
968986
551296
494541
126355
41162
219841
784397
761067
377171
382945
787105
568974
268611
759197
329001
357948
551272
745647
519698
125881
460965
90893
4889
324089
47884
249163
697200
377273
841919
274482
280552
647590
83614
202335
768072
615118
324292
758647
584678
474266
848527
845846
989691
884050
347172
463362
269989
150772
202415
237481
661189
411463
5100
634243
357836
454033
189384
865363
611023
508241
3831
325924
558382
880838
318490
910010
365234
207469
536462
723688
551826
749518
631185
187109
511742
108437
674432
438218
942922
280005
201078
694762
393469
142083
787122
638646
730088
310178
550926
987070
559755
321530
970004
393213
299165
487822
755051
882478
365904
890773
318050
748246
401790
361627
975179
334709
637729
98555
430340
958060
212738
830579
780541
154080
930318
869685
712416
919619
758133
373188
481706
59485
272665
478605
255016
83159
85474
475714
139041
398981
98850
65841
577159
718748
229141
484555
652362
21457
890580
613540
564934
738172
68835
699156
443238
433790
375409
951498
660865
983369
107130
264253
530265
363112
469829
622832
409463
968466
234442
424909
647617
232202
491941
22027
844318
837564
761523
341486
756060
386416
909667
246875
854921
126800
751658
119229
8422
381203
706067
208025
427920
266166
793721
768475
146985
278955
654977
701048
252534
84825
103909
788421
582197
627056
346286
981256
873104
579983
880583
908290
694865
334991
807072
115741
779577
790272
81980
203913
821513
869354
597147
970285
603077
267733
799531
18901
887264
970969
743262
823505
17766
889539
842648
554101
490231
905431
865845
115487
962875
320975
982140
618621
876061
25042
376828
282485
612696
617559
747019
107059
435184
936498
990466
93853
202086
872191
48992
384200
444952
949651
142866
259194
750910
443115
337647
352077
182422
908502
969169
781434
350706
765746
944809
218796
616
196084
786282
349495
775816
423769
818566
416946
776766
840442
507853
944506
287969
261126
941363
764851
147051
217497
651336
566773
42736
191960
43431
324840
769082
852179
765563
899596
137490
336491
583614
862805
6093
585764
782502
812204
653703
898147
242523
10128
771494
88052
6159
369085
454496
666564
98300
908307
75577
919662
561976
406093
133803
253971
872068
422741
38660
477062
237301
955418
57007
885194
255462
630346
547435
273184
956724
171894
673978
721469
552858
523184
521019
657802
821361
497045
434284
82051
233046
241040
866929
204737
845728
848768
190288
158514
400502
528319
428753
224456
886665
925233
322168
548677
216284
463802
913302
964372
773417
825576
729434
603672
106740
956171
558131
883940
929757
353026
893105
728475
724615
811812
997525
797034
209905
65740
821334
416670
803663
515000
349370
612858
329676
597496
28736
850401
953303
641674
566704
728678
601239
773260
851696
618197
797728
587036
913003
771392
378114
890963
47345
286837
341163
706519
786959
413324
725671
5216
196492
713356
582194
710814
265626
483971
663140
377408
213534
581635
694355
284815
589089
555911
930020
632130
329576
362869
131101
842861
784063
401554
954379
175411
556318
14833
87240
813752
159850
208648
348000
877727
867299
530321
43888
456955
668230
709752
899021
269150
344586
584341
43026
18811
115218
310669
908390
177284
440485
61288
487504
903586
32960
107942
120071
107804
248850
570791
20088
464290
559745
90354
394968
709750
931052
17655
527503
725145
84689
978882
879188
559927
490833
90790
840627
764466
129682
238733
795570
645146
521659
826578
70073
86882
363184
905496
959994
650305
557968
750281
144728
457632
671214
588160
929164
134266
794600
638694
510925
474150
793681
658714
864980
265788
188637
927271
572283
493794
585511
88369
582322
954700
977641
238565
762394
958434
13970
807280
255395
92030
761435
583730
957913
137580
797929
336775
611907
583679
399715
504344
165791
419827
755282
716756
749279
515372
201939
624975
371785
882969
277987
214532
218868
543119
787128
628438
12800
537552
93814
223963
671724
346887
777807
852668
369119
708595
721568
900110
105018
137496
722569
947923
129668
303660
57637
795168
803865
575914
574022
609719
312013
793851
170402
960067
676581
269681
27200
660663
806153
193733
801636
843604
717333
212630
971256
625105
264163
138875
147156
850269
222700
565629
568733
5049
642609
261560
885643
399122
516056
209717
138592
184398
497759
239279
388518
600179
85852
291009
662672
432025
590524
880275
359430
437746
365769
436420
608458
231216
112710
793478
849071
831261
494783
617222
222103
88941
825025
655532
668402
745389
535349
930784
179318
300776
395120
649737
130918
94572
626749
43732
366382
4060
678307
116134
122214
882832
261228
883075
864062
826152
930725
483987
185650
380737
848447
242484
146563
131157
132889
381652
655421
517435
286008
163802
35136
715791
602369
833172
193199
130884
660227
612194
182520
781512
387077
347422
753733
554679
973401
184214
872256
838991
683831
953439
924525
732257
564592
627293
4582
964577
476422
728108
321075
901079
373947
835373
625402
178179
186062
511102
911141
203994
508660
298383
290779
286065
475821
802215
996048
460700
375229
487440
410391
755927
720249
149105
459985
21276
904551
942544
237786
848888
488118
854544
970863
289955
515209
575368
8110
478362
158441
216897
678710
267300
238014
201966
833443
759413
157351
540182
563121
869766
741135
218779
253119
295109
411630
212652
476214
316918
465144
730566
601036
782513
642979
363106
873795
423419
34118
984149
749184
931096
347774
92184
550447
552154
688585
12462
197312
913127
453133
464844
390707
3278
669135
826287
990227
259683
30025
945069
247930
601208
739714
572610
487657
668172
766179
945032
712258
784602
33101
531635
820678
145929
867124
448403
381678
702607
877501
663559
80045
660822
211018
179451
353885
110246
765620
269392
616953
871999
943337
66346
763288
689531
617712
503657
291696
307923
888972
4105
267534
660849
630589
314490
671235
465659
433383
475344
401284
398732
264912
790651
987091
580673
690992
816363
302197
803004
716393
450223
691440
886874
660156
892397
706816
780802
345355
337347
744171
887674
678587
307467
754228
454468
848933
541955
44957
575740
163590
535388
358571
724519
22466
201547
659650
174615
645173
545727
369368
590755
963205
485610
871564
65420
828896
52138
768820
146562
194514
851775
767878
433376
392763
445229
877923
230237
53802
613427
623887
877644
985475
516161
178412
628299
788619
312385
70009
660598
22533
659143
428731
669724
631024
697834
746435
136555
760483
657337
75074
351826
765908
725688
967570
430067
844376
978442
266620
627760
969278
326657
325269
128149
783491
997911
200364
936064
162314
708464
365932
70104
99363
432290
266034
286213
747957
505912
407452
196523
201012
265428
275581
720169
159824
283680
973880
87677
86658
914139
444942
42299
450414
958263
793203
730947
257172
124673
28911
809843
588734
767331
863856
610858
193173
632717
528175
139310
182138
905155
863113
793673
830040
209262
470252
390422
242970
78233
68475
577542
126322
583983
280567
807851
714243
391871
846258
525238
573984
375249
820354
132214
482084
479308
370750
454686
634948
174956
644145
614863
940454
908251
815756
910636
663440
218672
241703
118713
362812
20933
599681
848397
162075
144686
724688
313240
39128
905596
803902
824486
687173
102182
451749
269839
924468
177145
956763
302494
174660
587223
918045
994348
645842
925174
652423
868573
311854
950622
144408
50688
858234
297873
846827
484681
443170
421880
795821
175255
438180
679454
373706
733909
875822
970315
723325
445112
159075
327698
804272
553124
556900
738534
624904
285968
522279
80273
478065
342887
792025
656295
604177
508439
329216
398885
608324
299358
755371
896832
474498
487014
487104
949440
900278
769623
850566
909213
80246
647760
280152
514524
698692
308452
116050
501433
193625
242246
191945
579392
636771
329667
965916
121738
945185
384550
961361
449345
369889
778275
469765
455451
565455
38075
788775
817670
85251
277421
555325
964756
107893
350470
207080
98774
713878
523723
609373
287449
78193
195415
755776
312863
52231
541434
47786
989510
423784
183923
42230
371850
930026
927071
131621
165451
79349
654456
163559
712171
511173
828796
530587
594755
579463
894810
530436
450661
448274
823483
889588
443939
287883
44697
591614
899652
729196
415624
819811
786800
291450
977038
542001
802880
957245
204792
478223
19695
635715
721897
100066
406701
355182
958372
153501
426090
376825
478575
886212
401733
229255
382666
873084
267844
741788
883589
272308
855060
305303
250932
390785
679423
67917
949869
434171
677168
248534
44114
980942
641990
454519
318579
743193
958180
999524
30973
641718
178943
481265
860665
91113
684383
63258
273239
32811
935774
96875
766907
241754
260558
964751
575318
36761
52591
21298
920875
87056
515390
311437
157062
440544
428980
212202
921227
560776
772299
213946
275507
112306
882101
60329
93862
113668
430092
929380
740183
311973
297116
157546
908451
744872
833973
641040
737797
956857
288411
42982
85236
798332
483307
807030
142616
352834
835347
521934
725693
729453
836607
377678
735955
468127
904338
974769
332543
487660
11084
859549
136409
262175
878891
704233
707150
171357
461984
298546
872911
947377
942415
516110
877280
591629
37811
541280
17751
392727
51679
100230
342814
318652
483807
450404
372587
755837
220888
948466
89036
542026
187314
379122
715089
957675
584575
406269
730634
995188
148900
734228
766557
982294
509788
479729
647124
583332
160136
194783
222291
16881
954628
39723
414586
387795
639118
627770
766919
576687
578346
842431
672974
718364
49779
517922
267656
312843
394008
390376
715236
368574
687511
815828
599501
291933
854418
430758
429896
719790
621771
783062
793679
864298
604276
953506
830784
672322
300072
399898
785562
617555
587013
419919
641530
63177
633969
366050
554969
586367
132378
166708
389244
755973
720817
303032
890095
644595
102238
84612
514325
369575
167749
8210
643702
702006
306886
630
209723
796832
731991
671846
663023
470708
831954
43875
575349
570147
807692
29379
311160
76194
2522
485854
989096
335725
114827
118446
964402
106213
23988
599494
991258
772179
484011
708852
660414
403646
335281
489384
92939
868353
208739
125200
420184
266672
125299
547891
744895
896972
796128
327501
640071
324259
170732
952085
292128
105428
91548
98940
878500
673284
787393
44240
223965
537301
180244
321948
16199
229529
520505
681225
399758
361933
434842
664017
99917
4697
852396
307244
140494
897246
850011
828246
381168
508429
80539
315320
50458
273159
277563
211184
892157
53369
710011
937755
161714
766890
596144
457394
600607
237494
737805
237327
28897
715654
189177
256124
158269
393103
68411
784478
50080
999520
366638
193840
904235
609726
918808
616102
197898
630825
652803
199151
185281
469822
409485
819776
477013
537905
601472
138923
343570
76348
734911
1505
463083
319219
408777
830182
427858
705114
607812
888981
919813
214790
991511
124985
20489
550294
751701
962073
654421
416302
545212
99676
502220
119494
324182
943870
195886
257965
632824
22146
559429
375132
893750
724283
964867
462236
920705
314560
306081
979970
167173
435583
621608
221713
666837
701176
5822
806683
720090
366753
33577
571583
646596
338160
342476
398061
19732
681344
558953
623827
77640
542801
522885
809419
65178
931510
767978
621731
20691
922672
427002
873930
13409
601623
954116
496090
428662
260373
986125
211499
545923
505589
836342
1676
452931
453521
203646
597488
912697
440212
662807
633494
18543
857
802777
947331
572953
259198
34512
327876
1708
126860
242928
294953
581057
378025
217831
547465
162025
754463
902543
614852
523640
206767
516717
340277
443024
573007
922704
535116
911767
383548
727963
842810
169509
179935
711581
826269
154263
513577
683155
174586
802736
240206
574367
544843
361776
846421
561405
293916
453886
484915
614930
428829
534071
433822
618039
269748
12697
929670
228330
464297
69167
659978
553724
716247
75566
392220
30385
577610
268728
635234
475429
19638
616577
839377
103748
421667
189078
90442
221947
957591
782036
805153
771630
12423
653317
545043
592452
802858
855348
457448
444294
769695
241278
819637
720659
343404
884256
567202
306568
317456
473077
258639
132315
182401
973554
280822
471568
381705
369876
219148
145369
49491
325950
64116
193792
332222
998278
67942
509706
977939
814865
977112
124842
437583
674607
817323
394347
176125
436148
28574
434221
970015
959136
100663
59137
266579
613554
337715
440745
4001
399265
245483
238295
222175
522279
800290
298662
90568
514775
740137
949556
963541
789511
170304
177014
820795
546576
497109
507826
553399
202800
136351
53054
953888
900041
28211
765955
352567
798870
296748
760480
18693
728673
570178
804699
516515
351290
731740
216954
149801
585848
183233
917316
783921
414630
192387
659244
116091
716763
253812
972174
265958
344672
140804
129952
817235
341261
974531
597665
22644
896065
386593
86438
181402
498565
541767
361085
166960
733488
149601
490145
827743
155544
327078
501543
947513
614398
939898
578676
611808
675392
422136
410458
571464
847058
702508
248130
66401
639625
939152
722219
503740
22216
635468
883562
772432
832766
267075
544710
254006
155124
518213
639954
56055
1655
335875
956972
195938
106983
792043
496741
70222
374709
811097
608695
284173
381864
895525
968432
828514
954950
192549
468287
285007
216067
433118
130475
932167
511415
980358
402794
756762
624521
693416
927604
473254
326445
967299
36430
69099
567212
527279
660964
247140
44945
153562
87649
714843
800650
717566
245120
916427
184732
433209
708591
259169
155233
749600
495523
616627
450041
946045
512334
859793
296211
676059
198196
40733
211175
44396
495125
146030
529640
118016
377296
311589
927754
342010
817273
463275
414592
272530
217737
578862
560724
183809
759258
899152
864994
807097
456596
60366
40407
620986
848597
877875
245756
810656
596421
185474
938955
440642
808461
743110
831347
860672
395565
664805
885008
943242
488624
569223
757652
967939
387300
637347
791196
596557
531034
609589
854833
674110
736310
439320
69028
116753
44774
712074
270852
578859
907592
773764
588646
210471
731978
938353
878508
151750
771873
511830
483472
767092
412934
505586
727509
641854
702224
847444
475522
759881
29093
650440
503337
817174
536758
578141
213367
895261
11661
655657
769030
724457
476982
148904
235266
377956
47132
683495
378470
973167
116532
31319
385203
610120
299007
53393
785830
532996
369313
289211
747057
187761
606336
475403
390529
849034
313359
820805
823329
198806
890248
277201
811746
822740
118378
846538
34797
51249
882966
642803
235460
194878
514857
530677
523980
12572
591956
335803
310381
761009
666815
388830
495702
686369
664671
398565
227711
988084
481587
188992
543318
471527
675786
901776
229171
329164
55567
524616
296372
644164
227740
165400
749721
698755
471953
572365
35799
975142
957779
50455
423776
386993
444336
565604
29471
954810
750095
154339
447758
163581
830939
935980
150281
356539
10947
980027
405536
558130
485628
803483
350596
856383
194755
377925
628087
922314
1078
703413
967056
901816
350549
883977
286825
890265
339243
435810
110643
701179
423031
34152
954043
646867
402600
20933
291167
986385
510834
871161
600899
436770
21962
300268
385562
226100
407208
881393
647986
522280
382768
519980
175929
969040
196826
858774
108565
485468
275980
89273
339097
17754
753189
544325
795619
810976
3768
606466
399703
508898
468287
673178
711733
290733
841803
6245
812563
570897
47525
780247
672379
242258
323068
871607
647205
336602
291532
575946
66188
388941
73851
7860
867140
729605
783900
352570
429743
332177
84326
304548
893481
186480
479528
876995
863417
675088
258400
568026
251145
177926
607586
501199
698279
335163
13305
234217
219040
20319
342506
35685
164371
287119
10474
275021
747144
40222
598573
577666
992615
847887
529218
114112
796141
124049
833743
126907
323049
727216
825957
779438
349316
89237
118414
966355
390715
794559
963511
977229
598074
394308
63624
820425
712168
571504
729504
642567
757083
326082
214103
673897
642229
894604
791712
954957
184620
181180
82540
610947
971751
168396
416904
194915
33883
899089
300603
436183
641185
380245
627
680715
266925
890976
958890
462024
21036
762266
79682
123783
63486
127965
749528
991188
340585
13405
971476
143296
406323
518977
326473
614034
728177
701451
686297
851755
834841
11848
53782
433603
448565
156493
445824
359352
528738
339992
834657
936961
152072
642626
854475
4106
279439
204430
315395
777012
927699
737945
883097
483861
260762
234366
320588
223467
228622
221981
238174
211735
338920
646594
414759
962589
827206
25047
495700
924718
10201
501229
92611
348607
637926
180572
705149
650917
656092
100430
842467
609163
888638
880011
474053
666013
669054
566894
516823
808227
663647
135768
951732
206901
29586
240337
73460
638312
439608
921863
800767
419033
535541
325261
763137
211314
505403
454158
339998
996198
968018
702977
320923
975913
792942
404594
934671
538529
506248
55685
328061
646409
907578
869004
992140
942782
482797
173175
882977
310886
573404
41325
375029
360312
796971
417238
160879
766929
930119
897745
79572
319649
567435
652132
577933
49729
772232
436729
212782
208025
265809
983181
217592
444029
291431
552169
84866
756507
135705
432426
387563
661148
552214
684799
516602
241727
897924
907676
360976
621766
822474
532281
768141
811849
795215
887242
611086
739503
899204
517914
566256
280589
527096
399372
587292
377382
453286
445616
704426
437162
722683
756039
642144
352994
32632
369581
529423
574019
597973
776579
781844
402732
234866
846196
351441
598195
319526
748567
58511
221211
836474
913697
609347
697546
870443
450261
26431
325154
919081
507634
670124
641801
834649
992378
143046
532763
86135
529670
714877
470976
452910
373262
143976
294636
779070
599847
154902
900056
910155
824127
333736
142821
327798
983962
250661
981378
717973
773289
364011
351899
81041
802289
782865
307292
877242
932620
418644
39167
181657
633493
397357
519984
758242
231464
221296
586728
292698
89019
678240
499053
462263
718390
797827
196775
63757
773789
958046
127729
145167
135158
498199
231976
566389
115641
451453
654068
914689
109912
397383
812127
854890
256883
761294
258091
321047
75424
233507
513634
379214
153923
337536
277303
157736
431496
412042
839818
157164
322616
146402
696411
739264
819757
356268
806536
120433
618460
401102
502311
626593
253101
613875
238241
773240
349532
317212
30933
423340
447854
887329
444627
625325
137643
237306
531469
539778
355733
491238
822397
233365
469067
791717
66244
300921
413251
486736
923290
147452
316080
849638
98109
157
722339
594334
456471
138906
617013
229691
717173
674941
949956
566793
158641
554073
600401
446050
939204
487498
274317
178168
751664
71997
829942
777622
251421
497380
113924
173750
570935
71204
545119
442328
610397
315112
561122
755541
939132
155405
652768
102964
108084
85536
210228
486785
155476
364772
108559
506778
757561
444056
219128
417105
842655
769970
986424
864477
599746
563933
455726
729977
123519
973830
568008
468435
966387
119610
217285
958118
550980
678049
363505
264646
801552
772560
570750
874866
872480
914503
929157
649047
542995
919290
416064
553416
65084
903171
554200
96545
415022
726000
958074
520239
518436
986963
15216
606260
902830
869935
137883
32837
962791
522727
857240
41184
63493
403850
182330
165357
812634
418351
489071
753126
206219
847371
554778
220302
93471
252484
138401
641808
908076
953677
118264
791252
811266
333171
794335
298231
955970
986172
514526
293059
278277
201530
300310
843499
331290
574090
180056
854325
400720
692015
428390
453662
394033
101133
889137
975133
611384
167969
813008
80123
20797
400726
11786
593295
674090
463938
553415
944960
180438
221646
447504
614600
40131
80613
677856
27046
790588
279594
198511
889930
569639
423538
193128
606206
653773
626547
314637
185125
729192
294677
567346
440505
467056
851992
338986
954665
998733
136976
88715
713217
876531
428452
301522
411403
842919
98164
206308
299736
340969
440349
288056
586998
286720
274375
580010
144918
172764
43564
507700
470198
662747
68184
889719
928221
287797
987021
586594
792674
967377
132066
151115
905696
52439
658190
347525
907950
495674
403944
974161
368535
724241
460072
318839
648919
807367
794949
988501
274342
911146
398355
854518
266647
839131
175091
11881
573897
945775
917402
430342
894364
415378
260970
447705
234800
684586
943003
491469
546037
68113
159827
944929
351195
719066
41929
816923
797262
424865
815648
471405
135035
201271
896314
638751
146048
160768
479257
651569
187160
274634
740659
928135
382426
649041
515619
242299
709269
101106
567766
146447
815281
425817
623409
557847
369940
286656
938421
973604
877645
508141
682159
986554
94041
413560
820530
909060
139899
918748
138057
496706
213996
836727
988186
198776
702159
195560
981666
533278
903424
57917
332515
849595
170844
725837
257730
405701
922125
627301
124571
755822
556385
934769
704203
255980
185941
532219
49139
192946
579722
478937
522080
802267
472005
627101
922259
228862
703159
951320
50329
139810
296519
167739
135406
367104
374274
251080
389291
747216
884754
102607
469313
717428
512973
871147
757213
928149
162865
883413
348592
887813
671904
572943
322658
128576
286037
311812
259430
460140
882049
937380
79574
573211
870732
207917
507750
930396
491
709233
756005
482863
391261
969425
778395
866792
63505
570045
489714
371787
754674
212655
466850
322456
912838
743531
251853
760866
251630
155751
308547
750322
76863
839236
186059
4944
385241
969284
31274
483432
44294
404362
372369
659045
812739
956269
38534
682417
154232
643595
178852
719614
405820
300765
606468
414845
56423
597313
942754
869955
708279
416895
516093
818804
255357
162845
725294
882575
972558
253760
568146
510385
498631
362449
590345
978724
58663
740847
901589
962472
476340
8624
927228
389419
308914
854384
297459
115499
681499
990843
361106
654782
909249
861387
692707
552069
369654
109167
569963
860591
337880
263207
560212
595949
457903
617408
490392
543438
169151
804210
215416
427900
443564
147568
349668
472069
289689
522528
203817
385720
486641
798024
380819
55835
389540
750184
648728
378964
598353
841102
400862
963109
328174
890558
755478
79215
560502
40132
204678
841417
721596
707168
37804
262739
912396
215518
545447
989435
198754
842626
174720
190048
624871
518708
464592
730901
43744
380710
388015
66962
235150
386002
347671
277664
910970
553765
572595
116311
203979
806338
898524
430806
655200
73036
587274
185962
753150
128803
153640
32952
614580
811912
225674
134708
864493
688175
73183
280466
168174
876934
430093
834171
829765
499077
163564
832654
337413
44267
24844
437822
615939
457448
557623
784639
975301
965808
132814
68692
824034
243552
101246
881220
15947
448745
309124
550698
822524
662765
666724
536560
378392
583671
645191
321435
39328
689828
887941
564215
56309
190193
496928
843114
716103
52620
459183
756310
432547
580798
668590
372216
821463
580719
842835
848086
33610
297571
574294
280204
956147
301469
56435
979693
58563
57216
387656
373087
885874
747430
755468
988470
46000
539056
582907
459536
765961
885750
150222
766944
110644
341046
123169
763137
725792
506618
360117
107871
475975
484441
358456
138545
299772
981379
155161
516012
365682
416288
769302
476477
429164
53500
957027
455444
619338
679066
558346
191931
209661
537488
61928
575468
418176
330401
112064
261543
790196
19241
8238
693734
805511
379000
973261
779440
730151
164641
525793
246048
121022
218568
51148
411555
234444
221116
116142
295326
60282
7595
352484
681644
259984
319161
382728
619088
538384
882833
11542
256067
447518
44112
960916
528884
187098
640155
737739
960890
431311
293036
19036
290627
317943
465008
629759
658036
178260
661510
662462
129446
799383
617650
111579
465043
163414
21141
69094
851837
225715
875464
256175
849559
611234
486937
236629
45689
790221
969617
35849
190617
626670
572013
880968
541349
669133
897604
139080
175633
910659
826607
735150
883929
827280
401423
788680
609486
155783
261592
437059
552443
333133
891105
824956
533700
865828
762278
115221
21537
889615
934587
956795
367678
184834
399554
709017
31854
755653
753449
203634
217851
151190
442624
248703
521867
937165
769327
31719
435231
259514
198402
855872
726697
308524
813644
413652
714382
315022
962072
972294
548929
316628
110883
727352
219037
42326
404244
994050
699851
920099
988512
440744
268402
346408
320158
655254
917957
713813
427236
314794
952311
295591
518226
253400
187153
17328
287251
693863
816908
156525
802789
257859
220924
749069
182558
893811
871355
270688
233767
779013
947481
802515
571677
713150
261996
505761
352624
287079
999697
224251
721153
834830
619521
357422
288713
751018
723982
689975
618597
647074
665005
759363
862409
258098
778209
73087
287115
938443
335018
834322
235234
888482
738646
188613
618134
38242
267243
885938
187365
213502
38085
396687
690402
777571
447953
673208
563516
34599
289125
300693
42442
888204
104257
266740
512699
730958
879863
999868
491081
545415
840448
54675
823490
467856
234983
742371
64840
791733
727056
692970
697935
935939
604441
731951
276437
305961
415104
403140
688641
668962
913762
521391
805246
694456
937415
436901
635488
691699
31061
135066
208416
754913
679688
460011
743191
329574
506339
380373
784055
332232
615005
513324
467713
364801
468574
281927
768534
263546
985318
198195
465009
231963
331365
535882
749681
351174
303949
603893
436905
991189
306390
253187
875695
360583
366002
695183
445905
610324
778378
156139
787655
240023
518854
935987
256979
600943
204185
651808
2097
720772
722725
84396
244936
893305
938447
442893
599886
419459
807030
568812
638815
622325
427737
863622
832198
858765
541802
614459
998477
902629
784029
694466
523379
578715
32164
915422
469033
347459
834125
190648
115432
762140
15260
707508
183362
843187
236485
418397
401065
266781
304167
822095
834596
41187
767149
432856
544552
275279
284343
899045
608013
778494
704088
67904
587670
296339
512652
883879
115
406275
13706
682719
381416
718466
581048
609412
187934
481727
242914
886906
130221
51644
950263
59800
961318
542356
976636
196132
9189
749462
61484
93736
545742
495373
26532
890755
315517
331088
769328
907514
980758
402420
431880
551032
203798
919777
677294
287959
868528
295295
232153
50580
987964
647213
625400
379218
281062
39855
821532
599050
812350
217480
161973
707238
478452
974435
153995
353929
571804
710558
966020
168350
983518
470522
708359
908582
56197
766567
232833
211964
506162
655392
134625
123647
718299
490496
294640
705534
752977
445734
141181
344374
509046
69682
94498
510558
892656
478496
440853
529184
600886
3640
544055
186588
453216
141075
266485
938192
545652
20166
443525
449160
903177
886925
370811
409026
10030
222021
975186
74303
865379
51
340136
605159
765000
218602
873236
837734
409233
114032
980255
905204
752087
433460
403141
913568
377697
418900
387474
158903
218805
700092
985860
342947
484181
946940
133647
271403
78467
572354
957521
219915
897704
488698
582683
518607
166402
148370
73879
163493
104049
402349
174058
403802
341468
761274
920471
710661
792422
760704
839294
780718
879911
776302
661941
178602
792202
367766
669072
153205
768385
278144
388252
977276
928978
529570
195258
112690
406144
398816
15341
874814
98317
222324
303221
3991
206092
447603
113010
140560
87162
636793
222440
357766
76370
355422
496520
908074
339960
702673
634224
413586
723878
285362
136054
380405
726970
324822
737839
46804
202438
104148
825128
145165
645037
500469
633401
90616
590422
379696
443556
73712
156832
247194
650463
602160
393953
467927
904842
328676
197196
894940
356869
512887
558582
625251
5573
372640
187489
246809
878616
715466
165040
147955
432369
602
745561
498237
929926
367189
759483
348893
555998
294611
683352
575678
962248
899009
918781
682979
97973
889030
936272
557694
137822
653255
81733
34580
858795
443406
414582
428757
375930
757592
231989
228313
455465
2003
931375
49898
788167
943378
323654
775047
847778
592001
171921
234368
675705
129102
193772
28388
3529
501897
322860
397818
710509
45120
51614
911659
835085
587916
116963
570030
839603
224165
895404
542477
220309
328482
287536
625987
510381
432270
309485
622752
210728
854996
214492
622796
718701
13354
658225
727709
650839
670963
766746
180789
681612
169164
911827
149438
848321
438143
490756
478470
999180
144314
985212
717798
126456
546595
595089
602259
314449
697642
247935
715720
69648
426959
583205
628611
747577
884888
28484
433002
42374
588169
240114
27799
646388
93389
845254
587108
95523
548096
891465
907098
582759
565086
812246
476407
909169
120723
404317
616296
137749
25568
800920
264197
165962
457982
77493
466939
991634
215467
421532
614398
555829
839277
955676
854613
696432
739547
679451
753671
298402
262415
242476
763375
302662
590106
543832
905404
634836
231801
726449
930710
481745
960387
933896
33358
711719
769992
908139
513183
589573
183635
698574
321816
275141
247707
863287
662987
870774
38066
511328
787816
682022
599264
221267
250728
833316
622262
175542
520684
775418
245492
199544
867732
179636
613286
212597
468762
130917
915938
636316
635458
13646
219833
418078
745588
89254
175015
356424
277714
779417
159692
218447
326902
770535
595460
830899
418430
201413
825914
648423
63455
160210
378654
187231
685261
621547
12328
231640
766834
764623
992489
9844
839470
769700
806000
245017
610675
462981
541093
440821
22277
796127
70997
237865
722795
641739
994349
956349
7675
377172
159596
996102
234598
732376
321022
112280
458442
162380
765059
24820
117015
804009
140108
876834
239661
326826
498692
347708
813358
936065
929570
32724
915753
353526
825900
655171
217075
19014
782850
593688
518418
32304
962814
992458
477109
911849
500877
429887
111922
759132
444847
776541
94105
259998
527867
342235
821494
762262
498099
969049
290132
704298
417275
617873
390139
285419
527141
232412
671000
494290
387066
722493
184305
603013
976946
739135
12766
124706
521178
594642
227840
445786
289406
575809
371427
161825
49204
962399
546439
70194
902689
788688
652101
377332
658631
713353
198572
440657
689667
424634
783936
952890
603149
268691
124132
653503
794779
235192
343288
905680
151381
316456
908187
72901
764944
981831
644575
114984
280072
690706
792624
275241
751709
721990
251747
116231
634759
245710
659157
981784
71531
150171
283499
584296
893187
746596
17662
930374
175327
679709
683064
997911
470078
633782
393368
308691
532999
301846
99704
713466
656
127244
734821
259926
889332
241842
104306
610719
904991
72651
761546
147480
787982
599482
500823
75850
965269
882880
698870
740839
722258
886457
99531
843544
557746
395235
237458
809880
128671
88310
684388
944023
68373
433850
316920
927737
779029
230616
943067
586551
374891
97007
63306
43001
950478
646003
837469
245091
822107
303952
587969
710360
52269
522791
577661
622930
168146
583339
710120
218351
66113
172566
330052
847835
493432
668620
474017
156483
920093
287982
295841
422461
790299
78665
142128
736894
124915
410738
26687
517932
886481
915786
200786
989947
497868
32585
912233
393293
583755
548430
932853
42291
38324
762058
179151
166213
225235
294700
559143
238832
537597
421867
227560
424843
922283
657721
330533
110863
294881
600190
300357
408494
65340
200450
750019
587420
741478
585510
