160226
14214
290036
353782
349325
959186
668691
843315
376588
96762
973429
525971
172467
586456
50169
810905
517614
93638
259960
349932
656072
729565
874556
670296
561254
924053
116326
301503
697216
769023
246770
231900
461801
716278
260559
93467
282457
472199
611456
237870
270652
949037
92999
507260
828620
283222
953317
657830
956733
563237
756883
512266
988445
351389
271919
679737
284340
769108
434362
599288
228320
276565
364916
809903
856954
439941
605250
517784
413832
505916
493006
956925
961979
765727
976655
821660
265398
72510
161143
157471
89906
522813
17692
460072
92153
170078
137772
441881
970294
145410
193719
135247
873807
832777
474970
748992
439231
171417
773362
717123
956078
562403
482223
22370
900403
498791
525350
768714
691851
51719
524829
949861
298686
807844
957779
197192
758566
913681
742417
257762
779189
702527
523103
135133
408424
798728
114937
548912
363973
500897
64904
462559
678066
2330
554884
186050
514662
185159
977624
722139
797891
194971
224491
823585
182501
606353
643207
720259
708467
143434
645564
448323
604172
734474
311127
145329
377489
872578
190882
504512
271875
341807
616304
337707
499521
843036
180272
66820
86929
743353
790912
686669
403287
716500
508445
798520
510371
864594
840210
482609
326573
824258
415629
790390
922244
784238
198162
959845
275467
910209
639642
693088
186506
213735
246858
216712
754035
392004
920882
245766
419154
296525
188182
886652
510582
585502
664961
170350
264788
612386
422761
913500
593079
657120
839955
297430
156573
268514
690527
401772
44800
668908
280315
587165
842524
712468
957631
774274
286019
891872
948285
122845
922972
415221
847393
806482
197407
992683
139323
990635
825087
366455
401180
641386
293995
195609
563835
684580
742941
509167
965568
894733
257027
266895
565002
359814
497178
76145
113755
305760
532564
960517
51830
469033
616487
625513
91245
272146
150417
536559
322252
791353
516764
78982
822556
950938
212788
508517
112278
73508
517651
739973
221767
22211
386858
698059
659552
318820
102803
109325
769269
631618
632022
311620
290343
124139
605141
921310
785223
971751
396803
752437
369812
367499
479101
343712
431994
533370
997400
106455
336803
575765
220522
126059
391368
81534
32073
668520
400132
720828
275321
978864
356961
127731
538863
664756
836573
145528
440539
939448
547871
288804
695835
80903
248535
433364
764618
489705
331147
305079
592254
370606
442955
176992
3915
799000
282314
327374
670154
555177
243962
544266
833340
178483
563921
318618
494793
193370
780598
444852
299059
902398
762385
397019
290119
119353
564379
847333
445325
258511
402958
198965
485339
686254
88738
386331
300223
14865
986368
192072
777403
801727
94907
929304
732410
739905
818476
195285
670814
79379
271415
435010
878795
611473
133755
174096
585567
891074
567183
269233
484247
914893
41784
691675
946591
937160
821514
980739
916571
429038
313480
178747
796853
59645
991488
574594
754574
43483
204703
335579
853770
766696
397239
760576
73402
108155
190791
372649
863791
81240
370822
58566
555862
754028
51401
214976
861265
434922
856876
486463
469747
761574
561641
97828
228369
626045
963291
322922
968921
781961
570910
915500
344402
423390
302579
92969
482079
451366
653687
25805
350518
928461
143940
373577
462887
224417
850964
37914
374395
54117
950250
616006
779821
979599
506431
979983
59618
73558
109087
255075
937737
487571
407155
653412
681756
406602
96277
499201
469198
572942
887610
804240
746817
820412
451041
949230
270362
752811
909402
738086
86976
421865
366602
969419
31968
453716
903746
575760
623133
697320
124321
829563
682256
677472
606495
757790
815707
333155
773143
70884
486321
533222
910114
632566
779183
432890
279672
253159
657482
922379
640375
126666
699293
626267
264471
748463
927974
176226
357389
964112
926230
536167
604392
629896
252301
557129
978306
837965
550529
309866
344189
145690
145087
513771
521867
230552
327513
202403
557863
249001
554676
931927
285871
270384
185486
613913
325911
156296
352277
611935
542925
314138
641501
291144
784177
38662
231555
780423
206404
522032
32014
949277
450566
534463
842118
145854
933483
89574
670836
647152
460101
91472
757154
622936
335231
104713
429387
325948
491839
108620
233165
670376
586827
41443
639187
726927
279856
373933
641837
980617
396787
595836
511741
791518
506902
759766
240292
579588
142030
20521
371528
768988
318837
892275
652119
207922
110385
989678
346845
653670
572828
45772
306792
946324
221111
445679
593323
219081
217745
995559
499571
972798
911390
199890
522054
134052
834902
870162
565835
245735
780174
989438
395955
131287
779191
825149
409961
505474
89208
30469
66887
733227
420310
224105
536233
961015
211322
792025
725025
784807
970241
291567
10988
920143
540199
443051
184070
602749
401891
7353
251351
724392
420555
127102
137247
824130
828816
262429
966621
180945
80633
632623
851658
69609
788549
823117
98696
35888
125721
165292
685378
377970
834203
121035
223514
226128
312029
95584
305327
834802
957659
111269
45150
149464
888051
909850
920394
695889
270941
726186
905221
982714
378073
4830
849281
600321
440637
387418
191233
422198
292655
249384
322982
540093
194311
271850
464035
598809
263712
531369
974809
159898
940622
80682
734971
741502
868643
88560
981902
231232
373672
371786
767516
480756
172275
853350
646599
696336
799576
407409
91490
337408
130691
929707
17209
752061
30636
918356
550177
68521
263222
35470
621960
621859
466050
697473
525243
204875
510777
827793
581467
172047
337517
528960
878906
161303
784820
849258
616844
33293
220034
196192
395762
565765
482579
293070
822941
872607
609334
246455
578881
543208
786212
752656
540203
522713
106995
175315
665388
930642
154771
601634
290386
748155
299589
994914
634181
627579
811135
66809
171033
139464
715101
416520
511484
516698
485008
32466
58423
131195
269301
669068
884950
703804
286430
539862
263935
967983
501859
951303
150686
439542
177192
215144
312835
547197
192960
158708
612422
90611
401350
470873
981126
544126
300702
742185
76675
114663
553514
251284
396141
469075
496943
28985
971099
195088
75877
886784
545831
25529
684640
524397
4587
539872
213110
587263
956265
603120
455677
863368
925215
656265
622160
876923
459746
440932
615585
378443
145111
621081
265716
332627
933944
266813
181445
852706
477781
623993
770761
254321
951479
726453
371425
778925
866647
341159
5119
287416
711484
667374
85771
630752
841074
748592
681173
836868
105084
486683
565584
707867
242675
947268
359890
798536
730713
353802
728252
298283
78204
79867
25760
245139
943182
559753
121494
403171
774134
684356
212068
219435
656967
431438
348145
284927
792616
535275
964206
479599
958676
462872
598535
827255
711413
955610
629363
94457
871023
122372
893919
232230
966700
103609
224400
913905
452910
299912
587465
153616
400895
543434
701754
286637
676295
62352
301142
775844
363640
167557
100430
393121
33617
682975
586459
280135
607127
956642
616054
832863
799424
731257
334951
556333
647104
623526
49529
260617
740685
235776
134647
332095
830277
86391
962120
540510
70373
736595
35288
61032
428586
367144
827009
678293
919791
649368
460105
852244
537635
703775
767404
402627
786000
821703
434050
390146
762915
928669
388644
84015
714112
959424
273849
651258
963676
760974
542670
775476
462181
672851
225551
809060
816326
620733
868841
750602
293369
80199
521847
447545
102542
108996
808983
965520
259088
756820
948350
619400
613119
179619
241519
595280
983785
471929
632591
466156
996933
469189
91942
622567
195810
523607
129252
500365
924062
513836
517230
913081
570332
39446
422926
84442
343832
239932
705074
290288
138876
105521
855188
568414
762446
501938
569289
340484
333105
11947
700622
880690
825303
227722
175991
116660
7630
73797
477791
541319
212176
920855
725449
773409
482708
324246
804885
639849
341545
947234
179050
953630
986865
101896
838625
544256
584177
486889
651390
901641
709491
110259
400384
25819
931323
64203
944411
875009
631951
517008
308619
939177
445080
683669
935310
740019
536397
975749
737465
425840
151952
37924
520584
943621
740780
427780
396973
57226
92541
116477
480360
295457
459150
327738
981990
88451
785350
838240
535520
89906
177913
224346
37090
496625
529466
520420
811485
667409
601435
52548
422561
264454
71377
700347
343002
316289
827406
10516
464121
93472
156871
264837
259624
48473
461252
38648
978616
651050
143859
435885
785699
71161
261333
584532
937624
658185
491090
61320
781185
719989
213342
75035
660909
573634
683432
859475
87859
45320
396619
248503
145339
532427
334421
175586
465249
1332
118855
55053
865823
912888
582827
765710
938902
823232
15704
779283
864487
554312
155706
840452
57219
75807
74535
183976
11314
691924
637640
608847
874902
344547
885616
978737
604646
481366
722287
948568
916200
375987
545980
270420
20768
477372
277699
532688
675050
653364
197609
505413
950919
564430
219957
209945
675366
502621
832409
727943
827976
63830
792697
644513
639331
311023
451388
408827
8102
562835
706977
592014
675096
254173
293763
134215
288299
993990
681183
96277
631424
868139
175806
332373
30109
126191
941133
64244
48717
708890
180810
688377
502643
352360
148292
778955
24299
472881
966169
536009
314381
561449
302049
284132
648048
260187
793544
477023
299
800214
654055
712468
188156
998491
540880
874289
330222
403580
833028
359605
118640
249785
874545
931542
100997
119060
390881
381552
902826
281239
468641
136576
299136
576050
374132
143943
809687
667862
755552
881709
615810
173104
757325
729840
123858
685813
910071
493233
19953
636229
50725
493146
946278
638501
147597
14678
327249
323858
686094
175282
588712
474742
280105
755976
917197
309846
189590
562448
210502
774000
879272
592811
38753
825991
214229
368914
612505
737432
404811
429836
7478
697117
906032
375489
995769
717989
493098
440335
185750
565372
606749
777678
232700
795171
640660
20072
812304
931455
287652
843359
924558
872515
908178
720072
922872
341045
613539
744230
799980
605574
140414
224461
132860
595402
962079
506572
361704
780161
501533
867302
360636
948013
496068
70714
299014
235867
461269
528510
544856
811245
869602
589002
817605
768487
13283
588659
57696
75674
475217
275779
504682
42513
527938
896919
465776
922494
670615
288261
335776
266862
950512
730537
704715
972168
873733
908877
742148
400857
284694
821966
562752
415311
106425
143422
244675
141038
467356
753072
317972
543644
123534
146346
884526
676269
879864
782456
962443
340321
319870
81489
363119
586418
725194
982538
653416
184497
755874
408822
673717
837866
850869
59729
996476
876940
688789
530120
663579
483663
335161
702196
271641
700145
710765
901775
10335
580100
698143
131580
87847
174495
762706
961752
300988
47303
117033
310133
954156
381349
597138
350450
967764
571147
744305
997831
164885
259483
81806
123842
795176
572045
73603
991973
182996
742456
547183
999266
952913
508692
197540
618440
60746
549426
73530
137304
551419
130064
281690
260694
96047
450481
678037
502436
517967
429532
930839
604548
15350
107423
117813
961705
415168
414466
54224
576233
196310
648948
50567
411630
822736
841210
384619
203981
510432
625228
660065
777046
915807
303589
32310
990634
73461
389742
44625
510356
291410
323815
851713
667
882529
811840
3411
986138
165432
80321
626516
883483
335344
535576
800360
480061
210272
101121
431296
446287
611760
15789
196466
849256
728710
541468
271139
362348
276011
222842
401482
651281
985770
528565
370421
753154
596624
371534
333020
189622
38556
492287
89599
916995
695720
874698
353026
17074
492719
126916
607243
904751
836252
831091
951714
444180
239422
328726
83122
307721
626618
316257
34884
653343
581918
18884
974909
252467
865080
855051
194249
771982
642259
480371
73333
427223
105701
587089
367328
356776
298857
315256
629182
572911
864635
203027
942020
46891
502163
865315
923119
902509
624750
850964
9899
962699
765392
874843
950938
610741
728824
772300
373138
430132
897807
924745
777185
908292
471821
224946
35763
885337
979061
978820
419620
740155
347720
97612
986254
644060
663800
686178
652469
321561
979038
861037
877396
289098
351016
224286
421037
357407
923046
976813
196700
488933
616030
649764
976068
733629
685958
326339
794721
264867
64252
908804
413557
489917
65156
996430
651406
769153
793086
714825
147514
931649
59074
721998
287962
795920
89438
550231
393169
282899
859576
324335
482807
968841
984958
336627
412121
146735
771769
632958
174703
534389
202453
111037
781916
557598
315515
63733
6188
819607
177128
335552
844524
418364
19588
970518
619222
774200
90832
441885
218795
523831
803142
497350
1943
844226
209553
686954
875963
294902
533216
488847
140093
476134
542262
222723
766180
27727
325752
776157
20780
908597
290051
469529
893974
900719
908178
471400
16968
309936
529215
347732
704629
449038
950947
243853
882592
812659
8993
195627
846377
649508
555994
156686
635664
462604
297262
676450
369549
72898
418458
778452
650512
961413
171426
192876
731513
673929
551864
509206
9386
643827
236080
447815
26472
240476
601830
303907
290459
702892
368072
133581
526822
537994
584945
25888
656819
997970
145483
101046
99232
17045
326021
377500
215764
791375
578292
630539
217408
334395
160052
456729
224331
328129
201946
217325
307185
313670
223414
674002
133969
832042
797541
697063
556327
789738
847562
189604
929900
570420
131431
702065
203686
763515
514606
697651
576802
95659
239140
198886
379659
306419
725492
645661
247589
642780
727384
642243
542552
591784
493615
740392
727452
772164
548024
29248
187923
715789
65372
444928
594806
346784
788817
101731
608859
509838
18493
7095
916639
534900
721349
290014
699931
614377
527556
897858
734760
748384
148338
4611
552613
575984
775938
108339
895918
12019
63252
908382
65429
529223
131680
232131
156783
143629
322328
832311
751757
820578
667037
119177
694074
556146
893053
999910
62022
344624
376073
350736
593979
216967
469257
435016
933286
882621
493071
228524
20434
742324
192959
455567
926429
133247
564060
719460
730116
841395
525804
117538
73149
450989
619104
724613
467764
278282
495202
77304
600110
534609
830254
401784
95706
310885
198849
536161
79794
136600
427694
109497
307141
91894
630137
997701
253146
828611
983638
781424
132142
399109
127935
617558
56014
607479
126284
954944
588346
975276
113575
370568
746237
361379
930760
65071
857891
528723
798442
696948
129377
945096
133135
313411
17653
573424
518948
48948
998808
758302
406672
59713
419483
460831
859644
712150
869015
642206
205797
812874
699023
220943
820851
999781
817913
794320
125779
107334
80782
169492
964777
73269
494527
222790
552772
899390
241385
812484
409836
499698
281690
41816
475938
245627
646091
733232
793523
642443
98444
630345
491058
921962
636873
414824
409657
346655
926096
332610
267721
262033
118631
312419
475951
144273
509552
36468
408227
667048
901763
970079
512005
600139
261249
427883
199124
178215
301649
675655
937254
457440
884992
374885
491735
774290
327901
28897
448528
413200
793034
378999
459192
886266
828425
336115
286188
152700
941270
470788
384615
629987
241428
45262
531425
555300
127206
977380
429053
734404
646954
673780
915598
112765
951423
872202
779912
273865
508356
55201
81924
76175
53375
327279
559051
680723
165200
979917
200310
435006
295869
305953
39345
561887
664925
601957
299415
638249
2422
475988
703255
713870
933508
321787
302784
747181
316846
267518
134268
264867
522968
531680
111337
762273
502929
354298
762921
163797
958044
130311
522319
362259
417010
155824
220363
787342
633720
295049
13843
932606
250394
637198
404919
954085
983076
170431
507315
169052
469604
276895
66032
263882
258202
211987
826889
54212
156697
361748
155184
881214
145088
594315
323986
669340
846680
586524
463109
405971
200421
9953
465308
18263
147131
915851
85145
176903
478971
731141
992781
595643
306941
828784
634275
497923
198402
939018
364458
134286
427052
444477
194405
926374
583151
179217
595921
967806
369976
124302
870924
935616
147125
55285
484891
981221
541565
329195
317196
593082
734403
266452
13440
623504
544816
364363
194407
172698
561071
748631
321410
315859
43943
518064
87157
656865
11959
631821
149881
669310
199274
56582
942361
218830
461456
361099
320736
244384
178277
233127
796849
586230
953046
177068
767697
175630
230701
25914
662010
780849
887900
307652
449474
979703
580785
245046
960002
359547
507446
527487
199658
316080
973345
195199
304374
563107
708954
436257
659544
137178
324683
299850
524835
881109
342837
713824
628266
388906
780692
222591
777631
48873
414261
165249
114631
92345
931850
38087
948902
191516
510600
28088
540002
876781
770867
644540
247296
386736
18458
357804
520756
640793
831790
374548
521053
106499
250231
777282
436909
546457
648771
72732
220759
689704
310684
770109
748677
721027
762762
854445
562990
774473
632645
807022
130631
615375
229086
603689
521037
711067
69839
651583
951505
189316
731111
78631
814384
286878
169764
911038
856202
998849
850882
744901
866446
769147
689963
410970
327958
237042
14867
541468
113219
991281
103930
350990
889037
873995
762622
255549
268848
705891
157023
386872
735442
250080
693519
990582
388417
626217
816590
325578
420471
522499
50692
372314
441235
19102
749651
479578
449359
469587
470429
232695
176073
619776
694494
352769
445902
705482
510951
753364
314362
454089
348580
4414
707173
706110
156569
474312
47549
460435
208507
469457
152544
965738
728788
161707
265519
591884
376863
186477
871448
461393
384602
204299
66654
337529
26707
146359
274286
240933
401659
103772
53831
798583
107318
483724
435845
870344
115603
95984
617797
316279
629824
20251
826860
886633
27822
644982
495595
125089
428447
690737
47771
713142
494340
423490
310540
426038
625536
687623
472770
545888
778614
400242
201676
886815
93219
146094
968830
46971
297676
176151
241836
167184
111451
229707
870902
634386
648268
692510
834559
233484
812828
218790
173942
447802
534019
778909
395843
304922
299451
105732
527607
789630
432886
55230
926052
34540
113833
526368
466614
144350
988643
625035
604997
203999
476272
800460
845792
496359
344584
335521
175836
118269
101759
252620
673960
748211
603911
944182
835043
356168
832142
437315
951932
142783
745054
523199
130847
355809
32873
660957
983279
125185
660789
120134
562308
813642
259805
291420
257766
995283
707290
585631
847449
271190
567313
250660
788655
201323
119426
79260
866976
985969
831771
463624
40758
123558
810119
467503
375426
682778
344856
477016
305700
16242
601527
628384
821887
527126
739726
188255
438492
258835
548858
57908
322464
406688
254320
163755
563270
660980
480951
459385
466852
116190
337794
232720
539779
88803
565907
231293
852700
145959
760219
700237
97022
601869
981323
94165
397074
567369
665566
523698
374926
770803
439696
600592
62719
986990
300089
630895
936006
163983
346304
733175
749559
107519
683433
25111
247787
496031
757079
684196
77846
22629
947404
248835
987712
409338
11174
666099
85231
706979
434075
214144
365321
971672
623953
524412
770404
375121
316291
918204
771698
6115
29247
751555
101616
632679
52903
26520
961930
836136
76664
212332
790393
56891
662104
252661
365318
530641
623292
279264
57925
697389
190183
314750
303465
232359
959227
475588
950636
241881
242312
956840
958109
380320
738074
814873
851495
105906
413462
257260
48386
689822
787202
437875
494713
503503
965626
107684
438223
580834
40444
975948
605870
652209
409877
568954
67668
429060
403335
562108
722622
250728
315489
278670
165661
77567
154746
499487
623213
324117
348106
729785
45721
853500
685169
666599
40094
163812
958327
830300
200894
857817
277125
289219
334709
503607
1191
388773
894444
648643
895194
794817
635326
966774
179541
901632
772463
988545
800266
946687
492739
239676
19139
68766
716892
282279
612921
427554
403228
282630
784412
953374
66773
453086
679309
940483
218303
817772
903339
557190
189886
466081
484910
481988
437121
363042
226727
587173
194312
517868
366640
619924
819261
449587
300263
481308
529759
840485
698989
405729
616327
481969
253901
743986
994170
852013
847145
440930
494074
878244
958437
831146
820664
611212
260394
3181
28110
475051
445084
448989
523561
228661
720487
718305
252514
564087
580520
884711
748771
704625
843558
17091
575117
76088
286326
812980
403927
318125
852229
701671
340937
352692
288337
630935
724544
764485
847927
832648
549449
789682
70321
990621
273467
392759
577150
444714
998915
363546
807727
460070
464161
609517
909340
205986
896653
1320
496042
282955
722055
240314
49073
355213
382721
868979
551012
547868
404174
16263
263628
891357
819898
94312
630501
634178
456992
685758
878562
136456
459249
51462
199268
80345
271471
288876
457076
779653
289579
389182
616620
143214
110693
205398
777776
616797
799129
984107
474522
901710
656656
470247
8682
872744
289455
489972
198884
163699
70341
233325
572599
844463
610686
165275
700581
389036
931302
626448
334699
683431
819929
121008
590135
258813
557153
596040
722997
292381
588370
266033
172447
408704
485194
650746
396977
925690
719633
907910
821414
322511
701315
504783
792250
406205
44862
980168
545760
473440
427266
927894
919646
734076
871308
505596
875753
597986
807359
247713
343625
592533
115842
148848
700205
360318
893290
852058
450226
182024
448705
526457
72597
175357
554424
262447
501985
32422
497296
735769
584184
555351
675010
486801
491964
239273
890843
710228
14708
337302
811835
469385
695822
368516
353296
49107
47412
35037
471568
169012
540799
386476
897230
769240
538643
246190
285127
138452
314692
634409
700717
497996
127158
148178
826924
492872
251812
947345
398654
266802
245200
923001
923785
336246
84050
364107
837832
438835
643977
619533
981583
270021
742952
442659
472136
156866
706984
819300
896636
465755
905662
160960
649080
24619
876320
309021
559290
158366
9670
148908
731748
84951
887494
151841
451506
430894
396517
435908
346873
285155
323881
610289
629887
236272
948840
985632
257691
583983
782360
704323
26904
195012
540701
888044
863128
98149
798245
887655
610813
748154
762274
566984
658737
753190
728128
983901
833194
262457
938060
959932
489755
565407
1313
304684
188705
144148
818241
197956
644666
380448
510962
156561
926371
952618
967060
796792
83787
106488
129178
438473
362813
318273
941146
659710
196004
335563
518308
413333
385243
200305
524598
730419
37072
685144
466915
157682
459063
307661
346039
875745
161581
816065
161493
812348
271935
578658
735636
160585
409204
717564
175869
544207
543016
833971
392028
860842
132489
151855
28374
101889
990747
955718
848144
920116
787468
859125
508821
439454
237895
994077
933968
89392
830926
607172
59818
502980
960169
517982
405075
861882
51122
721423
501217
923577
638869
201948
652103
615137
451350
808488
794602
897676
301585
660846
19295
383431
116055
381780
233774
578041
755913
796437
905472
488051
513249
104809
182641
337573
656782
583837
119300
501173
30403
563238
363884
437868
830711
482245
752711
788284
953195
479248
998090
489694
604676
949653
367073
273968
330460
526107
655947
777818
127658
873497
780233
693711
93275
228063
429447
28475
596169
975993
311426
401923
244443
202924
372499
597140
297648
249783
495344
528182
869488
833131
840214
982562
963899
174437
279309
647255
8257
409446
446864
885253
12460
705486
904539
343012
417908
11771
62252
983144
505096
540154
890121
320129
632582
977515
116352
248801
475363
559381
38041
120040
339721
92736
672581
682332
855329
605982
475140
839669
270200
8675
683881
64605
180117
829396
399280
855984
116836
315319
416561
530031
298352
947668
917611
279192
287651
454777
968768
456843
857002
344161
135346
424737
344251
678336
805728
681325
970971
820274
556435
721414
77237
77855
8466
760065
316186
532707
462538
228749
731410
603606
849633
86409
183813
833866
540654
963220
613972
441175
274667
985531
198316
391076
127588
841461
769789
676125
228710
347433
59452
322872
566330
665886
77677
383221
485070
870685
798996
251688
713126
348289
874011
515766
613745
43322
58222
477688
899625
516472
102356
62832
619095
688146
38417
924929
55504
732903
867043
410301
627647
588440
443143
907152
898399
265461
663980
761305
140016
580800
264806
474359
414936
741409
646278
270580
512155
125048
991627
781397
277454
991949
339663
163576
689000
62986
101658
403783
847275
821099
682988
3913
456910
74757
404614
344359
511504
59984
171071
518007
301271
32820
99203
47657
726963
269482
12346
910902
175872
605739
375924
708903
473026
45212
383171
997286
908430
539030
773312
459191
144725
112501
776459
110901
387532
855729
730863
238269
806820
127860
939974
939957
199917
840217
942108
59767
93676
312251
376531
862284
343337
358307
437895
632045
557601
780385
732993
114820
146136
551131
183823
187641
177867
463154
603501
123999
3109
503902
572081
24682
609515
639389
525268
202587
791983
805834
78573
675817
802653
548078
443999
913260
520043
926222
897463
289339
488065
888725
568956
302070
687452
833461
474743
156412
843767
568881
96314
151333
568969
976866
752163
923796
319445
263201
9038
221564
165199
135278
505440
28756
752471
736401
440967
680987
323489
623534
377786
730150
263753
325301
929860
635646
309608
648665
46847
781657
146374
117598
439463
20887
748436
364222
258666
190491
662272
894585
281079
455330
276665
677959
615830
384401
393052
324267
847423
372580
948610
766519
467080
562324
565021
243830
939187
248478
457857
588196
36076
499118
214234
685261
711607
617921
779097
956051
884257
466610
764745
449930
832275
195583
287650
247373
168617
884796
966595
157881
353517
246120
106834
803353
849433
295338
327665
909246
482708
643660
502554
767918
338297
304901
770407
29150
926504
50596
302096
518976
889303
862820
482003
478496
564637
779785
317719
857730
838226
322447
731887
806568
795112
223087
392113
432051
99813
789485
363842
559346
540583
712377
645991
725737
516915
705399
870773
77272
940143
608023
59647
666641
898244
966154
148111
807147
40358
503216
224251
382331
515315
131918
213296
643658
704320
895702
841712
555520
413602
221464
938014
167720
531754
180260
960972
774287
4302
22386
892570
848757
992355
990521
912563
13303
900570
459243
810141
789853
175021
784721
608480
839758
276428
899441
15821
831555
827453
511904
806737
514640
206343
873314
233994
782270
881119
74108
496242
983998
721970
738308
512916
292522
424793
609344
854798
713218
352226
646738
711329
761357
793266
88051
23253
681143
865843
246424
605115
193942
968276
772696
465103
570659
631880
384245
586049
695723
821101
708428
592188
445769
906088
277151
372848
625754
555208
828749
291444
370092
242269
128285
430127
44972
942841
785192
363673
868190
443647
832990
151721
307035
292972
491801
18469
192176
869568
420611
884579
36588
204753
195498
55770
805944
16650
242002
750411
845579
881099
987714
838247
386617
138493
230380
813648
826292
424002
25595
91061
560378
916076
424668
455247
816908
537806
561768
949751
778219
174843
810417
27265
188736
179660
269220
652739
477013
649994
560980
2734
408633
21743
373936
969206
877909
501807
25196
768036
574696
200888
408486
7987
706029
593763
75667
983184
507506
221652
572046
589762
95996
21309
562608
937031
25419
421904
528585
149317
850075
36681
96772
751466
870599
444122
158115
344629
746385
131216
655394
29985
41316
423537
299792
637483
283398
71929
835945
892938
688522
482423
272094
855825
216652
960109
533392
947515
538804
600753
108606
474386
516514
853728
668394
344287
413163
330024
657666
423668
229834
868778
673284
602796
525256
767884
628597
55116
87529
511174
292484
118538
596419
925566
486715
250046
387316
878920
191008
984639
456755
469660
251065
467050
958350
647012
916776
976711
447481
515217
741929
25350
170520
551711
527073
268335
767880
987879
299550
618711
753403
249616
196034
436756
850606
995045
67901
989404
218780
584760
934219
93379
328804
409929
657314
830451
568376
726194
935701
419609
263387
18988
84753
7748
141805
185393
560371
860074
974935
766305
292814
189578
148917
898162
757888
423941
366932
687007
244793
669780
242748
119559
879211
439730
609306
507170
940318
941425
356431
25553
711565
205005
380594
833894
809701
479378
730896
247302
408691
749632
879023
897315
874897
382726
744988
788747
76454
761535
285737
933412
759669
499353
677079
720359
239738
681210
304996
260618
889070
16327
466464
690297
49697
223577
461860
103868
796589
994746
672309
883634
974321
178618
147785
8764
763843
881883
809179
102400
451425
937601
834183
478155
266917
574826
369113
728787
909386
411487
998598
270256
430783
514856
900050
510097
77554
809683
570880
93360
816391
570755
815901
672539
279240
954921
586572
647567
170403
821140
954443
13463
907016
692235
105595
332066
106281
896986
804330
880420
60993
272967
6798
21743
931661
275459
153250
373022
405758
714546
173497
855238
967734
908769
882306
159148
552337
585074
666001
462041
269620
14281
769135
271219
129964
45178
895040
258379
770527
725350
190523
776910
167841
168552
791890
458425
727561
991960
102786
282722
204980
401528
460080
783314
127349
304926
753508
384975
742851
839165
274586
539238
575316
301846
12678
844122
693771
25058
690489
119213
822074
410019
330620
167705
612786
984449
613756
878280
404976
76114
869277
985449
614176
354338
112636
745973
551914
755285
503767
356142
567190
474370
995929
297043
219625
841633
574700
772132
200475
872719
770177
170476
226912
704490
738968
357492
937554
805888
379668
866963
460889
867318
965409
930474
149013
97730
113933
219428
409902
64820
991965
950007
539636
218815
235578
796019
324915
933185
718884
944318
10944
560898
635106
874879
660239
87797
149219
477943
975773
737634
327276
292538
113461
598888
712360
211978
486661
237452
186700
989309
553334
439246
55446
523043
805189
70852
997468
746116
835117
181096
225385
113323
109111
777299
165137
365676
342543
960122
922648
525786
50407
935875
401250
905917
204374
675028
982295
91638
985387
48854
890141
405833
888727
681109
660235
187215
218364
406469
221602
472593
724022
45762
280561
378136
851434
196473
5911
394727
667766
916737
890793
229436
293773
444627
660312
969215
423620
96748
276446
183230
697246
754174
718986
502893
224477
372901
184116
302765
413358
480110
844708
447193
565594
960330
965854
801801
643332
788773
985249
563426
707132
775335
143379
711083
834813
436281
795762
1128
895880
277205
788186
772522
610703
93609
571493
435361
178285
480660
27320
727452
326012
564107
643281
863746
751730
54502
355584
937020
225989
632554
42031
57312
114059
953471
695440
739545
82123
335245
200521
286036
383160
737792
277581
678036
507723
992903
39896
417226
136140
642701
945500
724645
153389
47653
580355
751323
820404
720314
448963
248257
997252
638932
19917
851869
666035
350992
676994
941366
296382
46368
119682
956337
790990
821921
731211
29854
187918
340835
176977
9860
327504
784850
311957
759054
353114
336244
466615
191172
437070
495333
919987
806822
664447
73317
947067
128901
770249
48983
983410
355098
897475
103633
267340
526093
939628
589008
230738
85266
188874
450209
637597
466912
817169
748072
774944
303235
993445
785729
522258
771568
722362
760414
79123
346980
930271
688221
36425
581162
901872
310220
67784
481100
603648
863122
403464
149370
815277
699859
605013
357634
250312
136593
49040
821366
136517
56045
293022
125448
689654
545669
56601
464618
163736
463556
798001
883549
324826
351654
905001
398770
892895
985550
333997
594890
938699
327004
173731
923166
903911
237647
307663
669631
708443
249276
195759
586019
100777
993685
34767
953032
242628
529051
731011
274684
918384
338234
161795
722156
433781
201399
571195
503934
944816
958688
672976
763025
1731
116800
567804
979029
232883
873343
943635
513809
707824
52782
59293
799272
319230
331841
647594
908527
916455
344904
306628
406834
70468
343770
442050
119108
677705
880930
59171
353276
826892
272801
446373
233560
332049
61891
561816
283900
272290
487835
156230
871781
823822
336701
252145
723898
878261
866609
544401
977203
725065
740475
798605
647781
182631
737140
855424
666454
841143
385806
208926
191688
242321
821209
860488
866238
499413
204316
11489
103243
522559
952866
946730
565324
911321
677358
8567
273098
137323
600579
963590
913958
7678
483043
44785
264855
858041
696232
952712
781715
875323
231581
353301
636723
901999
409983
674325
604093
437648
508965
30098
255642
113622
719554
528430
409634
68714
328362
388965
382223
579473
676033
146761
362504
706344
257
6697
151238
517521
880248
715515
388218
506099
530741
843842
41845
6236
449285
920432
941301
559108
813265
928396
359996
718144
493108
246051
436898
710414
258819
672526
408978
568128
194058
597268
305041
369071
465421
975192
561916
895384
59573
764957
561169
517915
149246
467796
502981
311712
922067
298429
192922
803649
533644
609486
278767
22864
434736
690234
876091
990384
925912
692749
253764
359924
808011
126921
826371
543584
155338
471109
848753
553537
882109
260590
452844
549269
422932
821263
444289
395795
863201
596912
675408
252116
955742
548302
214830
684281
401934
401853
579046
755217
945250
619485
595599
524051
678351
342358
311807
968107
175522
903774
642769
974233
28533
991188
96521
296558
355439
495649
672603
744862
962392
156015
471947
183202
576810
764443
130286
637792
200650
861158
485216
701522
575982
635596
11706
973892
124914
661059
982544
417009
614826
889072
172179
368794
192384
139187
224425
556170
469176
617225
511270
321970
738052
404541
7255
91085
889673
573234
520659
814881
86493
260707
831584
566211
101834
33865
26310
815579
585915
30120
805721
818043
455574
325564
83718
350135
944015
129482
382855
190545
504112
466388
773320
810961
592228
275198
359022
908912
28346
70924
283949
430701
708696
746168
642330
220954
886022
827764
404556
807985
833135
918342
385263
335940
633243
456180
487704
984069
117110
316361
389015
858846
491132
28862
57620
100813
396025
657997
787270
440558
137010
573424
600835
775571
726007
491743
311713
190191
737173
504460
413093
543483
868725
364425
314705
575476
589960
294428
914595
52060
925038
839455
455008
862126
185431
575207
898788
821315
647149
964031
655810
645716
192483
83713
431371
342345
174289
