816229
177572
831980
100885
294062
281615
108594
572690
498988
787518
644251
303
451534
408647
285519
89503
564576
484271
834015
988097
304003
389889
38806
14900
160614
4837
286835
710985
813368
3058
624644
469326
540363
478845
896729
637779
56261
808480
407323
76696
17474
477550
496536
831502
329116
321808
687812
691628
675969
150223
692501
12701
827999
705116
293667
840326
883915
267332
297878
908072
157962
396313
514511
943070
269172
161107
401125
951332
527875
579839
741592
179241
197819
498618
530725
330806
954086
906916
488728
917881
927597
164665
650072
463506
858593
926509
375376
146164
519085
26739
255166
619640
97599
595718
219034
855022
152448
514306
65151
812578
958723
574448
669184
405675
691420
155936
753417
156572
432570
244364
977613
849677
566424
661418
368207
830810
906589
521461
442113
445173
319294
687557
819540
996322
566350
226419
455623
151605
945760
987017
118904
285547
391325
105306
405335
158120
3432
304201
798320
171524
502386
802491
635409
293870
726075
791863
153783
196711
507685
28980
621847
980866
856005
777684
508198
321293
902066
387161
826231
967472
322779
89380
111491
19253
44508
109241
627799
803136
91384
23639
266068
49514
478865
672532
501634
766743
844849
358261
795894
219909
47790
496428
97804
472657
255943
342862
499007
420102
394167
680766
356988
381501
818687
538983
555716
643556
275775
200444
21184
355060
386939
804687
721607
374801
186843
564537
339431
426468
427064
885922
243868
512085
666358
103079
521630
998188
808146
410221
47572
169816
12126
94113
872699
742170
867250
703546
631449
825985
744395
8869
378166
516830
649374
636250
12362
153040
630998
843976
920401
75211
55286
927519
117042
59243
283183
107915
432326
353492
574805
996888
815558
889127
294374
898538
216374
652120
604120
31322
440680
446963
838983
353331
218279
90490
149372
29963
272906
392686
247516
326470
912159
947175
125944
582994
856190
746956
151679
755057
738648
535218
381285
458176
82737
23498
921772
901085
1161
106681
845999
792514
166321
38404
176631
775663
965732
903936
88053
16645
391402
199894
991271
827626
155259
299705
358635
586336
340292
16590
805359
735962
414729
568834
983771
433746
327491
531445
229117
565239
353183
459748
412257
425979
174563
56677
480564
948234
878664
5937
518525
513962
160434
230359
443236
315654
592253
58900
632031
124489
819318
872762
872441
5134
776972
287707
213340
450594
180722
893260
393157
370855
128355
361226
327065
655639
69924
657460
968374
883895
177824
132948
298503
307905
714734
866324
797801
628593
258456
565653
532920
837399
410323
396768
430479
766223
666803
219209
693987
955267
940061
919373
395608
171523
742551
602717
234633
913470
227400
500179
677895
7019
144378
233341
908073
332973
53829
754510
295793
120660
817238
150019
781736
406817
325489
80860
753288
273980
574547
341131
201583
754517
91908
540454
919834
323447
269698
506557
325176
663697
641666
580933
742210
333422
821119
961540
292134
847706
469049
914018
309857
462424
905295
874419
609670
134321
270039
519824
831310
172677
548258
788607
192260
350401
145567
376580
92995
584046
717537
959641
449969
914673
148480
832838
957736
453409
679185
461416
445792
897157
601008
921779
654844
275608
214107
500110
519346
857654
898402
747318
938300
579830
405831
851386
309847
112715
373635
6127
794384
899711
695649
413475
752125
614229
689440
861994
643203
438330
285894
25547
946725
382374
606020
403277
989665
181590
955575
295693
491128
85360
781131
453584
217210
471983
566108
557523
812366
703420
998828
294030
182174
635347
763146
236477
332268
860178
293431
505764
922659
149928
342245
203838
645464
915701
974637
550654
317601
818976
700708
742104
157209
814050
350525
295412
356548
501095
871288
364999
322326
5663
990021
548326
562205
890337
785484
501794
521786
32020
368460
572237
771128
294135
908585
627583
748901
452705
105760
485448
190279
694834
173451
518128
845969
869756
550466
392321
874627
532790
813946
485261
146916
321173
249205
525643
614287
860370
457763
919703
592059
21801
926976
879998
78126
399697
573938
36641
688546
161045
923368
786859
105874
600986
547348
651043
102075
151108
485319
271640
482229
861431
440618
73166
11311
855984
451541
876185
616867
625427
739690
41840
699504
105561
26639
729150
365850
197937
52557
670396
68637
95730
605347
294092
766474
917132
305554
861711
134631
18231
840567
609181
399556
492649
277553
783137
358175
772878
483552
427751
801320
178474
758374
895627
447821
151323
381936
693779
473007
646446
500025
155673
902155
468585
544409
769272
692152
146907
276474
304529
114400
857455
344579
240570
748860
292850
552559
573710
684284
266961
698507
586391
719337
959507
437346
256272
869897
410102
771136
330458
720530
410192
414172
339433
992358
916850
403384
68119
395001
798840
290519
478266
926734
527979
678766
460931
746917
791971
839202
790624
654289
844232
843627
721813
144366
131064
848225
759573
892931
93173
236130
669928
63871
187669
732693
214222
486056
876763
105206
518491
830134
849908
594546
84540
869603
710830
76756
420475
610061
529476
121745
815127
823503
893411
503717
206087
957679
176091
303135
347696
160612
644578
894901
370033
442135
85181
764271
45258
417988
152837
637080
358003
603648
937453
405854
341127
58250
669941
365554
566360
306630
411079
666941
837173
327600
313456
944101
690350
422745
898103
601850
225605
543278
186077
230678
283060
317084
199970
412688
247722
228477
964533
567828
702898
542563
422377
835691
290666
995724
595168
241456
540678
695571
610341
254441
812122
22273
497263
647852
450516
508691
738033
824457
572678
732340
307203
145352
247895
190501
572335
815345
53943
151510
457713
408050
474985
937042
327302
15690
339791
787062
747731
408988
54666
504697
294086
962511
495921
926542
258326
306839
346944
393294
966220
188016
468818
709580
282660
745799
500196
536444
597316
528653
240280
219709
593275
890978
200076
599950
207905
230029
504325
21977
40302
140507
272818
961940
518308
541917
21709
594644
491732
455365
44794
199744
624950
844388
699831
63036
994878
142862
55726
483431
611507
699691
611338
671166
959663
957962
208466
350477
292435
707630
792061
647830
720257
861504
235862
165317
595731
423073
723434
40104
356671
62032
36353
440298
152922
597192
807505
846268
28519
780626
655905
722505
506957
608066
342935
181294
559053
814860
12144
794571
598448
706697
663613
350696
99052
662400
399443
238124
19492
427182
786215
478432
539987
805969
723889
107498
614424
994820
128302
513130
624578
528750
133925
945307
569943
677580
235371
86694
397527
117902
626789
350860
621400
717551
553281
931001
758189
550449
740834
915133
899440
651736
372632
522473
338833
20329
869629
680522
421889
311383
57158
305373
446659
973706
331891
585412
744784
952693
246059
444556
690242
364905
603102
69542
910678
904876
488568
88439
219022
947714
498907
49975
154790
415508
463170
829135
364655
404288
345986
696624
352178
165773
88090
606960
740892
569964
817977
989582
445011
838284
143999
592705
221671
755586
852619
589946
533631
651428
349193
700965
832165
366213
681541
589474
793541
688704
807458
832929
736217
482516
745710
609086
250326
129700
771012
222682
994321
344153
149271
404422
292785
356737
426386
567710
76684
325568
939898
167164
271890
130063
14376
25788
296651
341393
676308
517825
82523
735016
632322
361543
456390
606962
335845
398892
103098
66434
650002
139336
864008
841274
529834
552080
426773
725555
223470
459065
622105
355308
434622
828759
649550
109024
25289
151057
353615
980459
100461
919716
954988
557487
394967
457840
5291
457289
164620
523987
612921
602603
909045
251359
333781
231540
962937
971804
87606
806231
604380
768296
403133
965721
108851
741356
747244
496406
792046
692727
675226
521688
897934
39339
794995
309586
791507
396299
426563
328986
586140
997670
520551
858737
51719
323545
527613
417516
953142
562169
877450
201433
728367
267371
268550
832139
817764
161434
544912
233157
848651
729504
517038
431722
423437
642868
956781
313361
935526
346529
801823
794862
41229
185985
648336
735616
798416
200611
43189
687252
203884
397509
253130
834239
719770
392540
169932
22437
812201
844791
763987
254568
323031
975350
130955
129789
258762
541761
645187
804125
30519
67499
818815
221767
725771
107423
740882
13158
147233
897558
116748
633513
411594
556186
52244
102458
644222
654514
146793
79946
458548
989907
59739
156969
484876
81254
556119
694986
480905
921030
347035
294210
478864
958521
907038
731530
93523
880118
214548
90800
960413
774276
488754
645813
684316
432078
892221
769628
801617
391300
171163
101386
944079
432943
781408
925619
585099
795544
724733
264611
646835
783527
416492
931111
53297
849233
66507
280586
356325
381057
989676
952735
720021
418380
202265
251397
721514
728539
711302
570904
804940
435400
196223
743662
90117
488841
642830
864740
813824
198687
504700
707449
237416
331800
94217
256639
6838
438968
999918
629628
841059
833091
143903
568820
738342
265498
73065
771045
187768
319803
940305
172450
421438
702940
719489
955466
35205
41360
720221
115316
420929
251609
112852
90497
928499
236285
459499
481787
88310
503578
741242
165095
462270
471069
370605
995169
801389
152254
85669
340964
719970
29436
30505
732054
719914
768966
376369
496169
623360
696992
757499
612206
126306
313109
759043
181661
536649
376323
637388
630893
14186
869404
789686
555778
348363
291243
925695
954697
679065
51144
428173
704263
685543
887172
419606
89884
44162
109812
451534
688812
332113
834941
851234
990729
832783
969304
860203
779310
163985
244459
39789
320734
907342
940480
677304
268939
484862
974030
410738
656799
822724
167445
87082
203352
387545
732692
728410
132753
737390
751652
902438
352588
744467
540935
885879
217098
393232
214446
999441
672109
392744
839235
48484
828521
118711
744179
523587
765194
529177
95358
760221
848161
726417
583037
92781
896048
376002
105439
66546
428680
212618
233151
53286
145449
315920
340277
829581
675256
707136
47292
389668
949845
251930
324233
516333
890579
597650
133060
201507
806982
312815
605991
722537
599142
261729
16413
193911
147623
137513
334204
496677
945031
928224
120949
518070
607658
589316
231070
647699
657255
672246
829332
200953
810655
170174
811265
970858
784185
609803
364661
430176
992174
946995
816129
8162
653608
472923
457290
538938
472388
807569
521001
715576
414390
885145
22229
381277
159519
167968
995982
669099
728938
810680
664985
909629
145311
754223
324101
619197
108445
972009
490542
590030
549948
471119
784035
993647
65022
557551
149062
925211
179643
592922
232340
906621
505225
695783
935415
563148
925872
664617
480097
774663
162609
331866
170434
556178
946171
506352
603861
696205
932965
199835
241111
996551
515867
953649
349510
244466
628893
87385
695685
652100
161829
601273
690645
17857
189140
941715
327120
843389
25605
979672
495727
266553
50834
70499
613160
96390
411906
862572
220688
13086
162597
352959
510193
429012
823502
382102
254622
741132
185044
292828
6335
254881
823165
756963
885451
173171
599124
734628
680180
254322
303745
323177
31436
718228
58145
532174
621023
930083
522210
162264
254995
699699
187545
288546
164591
260519
564568
794509
720988
774762
35491
928689
672347
734530
375224
733402
292200
321085
930165
750083
844886
294159
200699
853170
605743
223627
362667
782721
986028
241343
305901
590368
265371
165292
604410
687234
378404
378189
67331
460113
54601
383950
914152
464694
261619
502364
178775
773157
578836
546726
489515
473612
974206
663817
458762
27146
943159
44630
633233
481720
13629
677353
285571
448255
484440
92476
334889
865861
440002
104064
661961
435296
384661
592147
723830
76207
732240
908023
169848
581902
621539
6062
179038
265110
596399
658666
156283
559207
46294
531468
508858
238081
632159
492611
103977
251384
237627
823984
157459
402034
484283
379509
698883
419258
972993
310016
261395
780427
655971
990452
334657
104643
798662
276059
954331
176182
512371
153025
332077
537684
537961
520514
360969
944841
43058
710664
456008
413523
262862
558498
334774
821877
481725
372154
451072
638398
730049
121351
895712
250818
392790
922809
662104
749419
67214
497537
422111
44326
570289
189372
17505
634849
441994
500277
573604
557264
887161
109150
449104
6548
700494
630336
86880
312259
167492
838137
17799
93355
698487
800264
708408
305762
779414
8376
769950
176054
940347
960261
874159
253958
623677
422315
437346
408788
428758
922426
898641
706822
452623
96313
981251
429936
820260
136226
60772
634943
169957
833018
771243
532038
751279
75994
70933
599131
349218
149811
555401
455584
889872
950988
559759
844624
57731
162810
842405
580760
115397
754582
355416
217214
422342
729891
594145
459985
534233
153670
929804
155627
546959
765025
619406
756370
228929
214764
623713
69159
634629
575149
419309
118282
521901
524820
3436
945925
548086
526960
47560
505212
745262
477793
946017
545502
477559
371220
69889
832477
58989
785882
699863
49706
733757
130786
887175
598066
146709
159343
7594
368716
835459
982015
675964
234026
60956
542210
420921
439226
705114
883598
4666
81172
437353
254367
813171
685860
563977
762197
393057
909405
185110
995495
164496
874215
417085
553801
485057
408966
963541
854020
126461
812872
421054
904053
212718
992136
497388
352010
866331
307685
373788
738087
868190
941115
214595
113253
838248
469498
483058
969808
979694
994930
66136
748198
369191
374853
870146
560543
34846
65060
63667
356335
735919
851959
823557
362621
688409
550415
285166
141744
156353
620102
830557
542078
931558
604156
64384
155187
333894
738701
535922
148597
389251
576299
7856
798045
191706
279578
454207
717940
471146
873395
19686
937970
247698
294980
515591
177946
26250
97791
180776
919682
227000
524928
728630
79728
223173
864635
198554
759333
814935
584742
361618
455455
257718
521098
731668
658300
926344
257001
489243
436530
906753
898054
765918
821092
991099
647036
15949
970323
31583
673070
425721
559285
324057
694503
588462
642885
963771
539016
661274
370392
78402
185822
69983
387667
512735
895516
186626
415077
292341
825606
812306
886588
755835
302012
164628
965368
829865
887740
427287
316003
426015
115987
437087
62242
302576
59672
915562
838294
374327
965868
198104
310874
661324
31824
718800
302808
301551
43847
383675
947162
244320
224107
63947
289487
978066
782442
712665
663411
342946
73549
261008
540856
45416
852106
692197
819651
910394
242677
15776
571314
290743
185398
870675
195199
780812
22223
986888
840588
280925
313128
967490
905228
521289
483148
87270
785158
391889
256215
730920
643719
197685
220027
250810
965199
835501
492657
461879
987674
762187
373416
791188
981959
951847
968409
295371
435142
703112
993178
11463
279211
223022
101518
601342
460978
699328
317145
905715
744834
765333
727991
802277
544307
272926
954505
363589
410019
547571
242866
56257
756591
720792
841187
42603
434793
354142
762684
452933
645558
912291
132390
728126
237885
42073
572989
717088
165164
806209
484549
661020
82165
641843
40892
478547
55472
650895
119788
947033
101514
415462
805490
110756
559393
127135
311929
646719
495616
597571
884108
360267
807275
496705
47485
319368
862827
628493
293452
410267
178115
725865
348259
435307
933443
943191
646970
423892
415848
722886
372457
361321
407348
161294
992141
414536
412785
80642
680771
347398
146460
431933
689873
707566
556142
3405
250182
413730
158695
612942
612196
104867
243437
737719
709103
529572
697492
568947
389810
483695
71749
123623
860936
596347
314105
353603
35217
556105
171317
85264
412554
646402
923562
59220
713599
117767
390863
28641
626176
691973
543220
150111
898845
422215
476576
713859
802143
740775
548074
626420
771925
45536
891001
141019
270133
117741
132497
434298
834710
496409
424610
468064
266525
172276
173643
239432
254752
599081
912868
586881
779719
727769
229044
14001
63283
22522
149986
147802
852185
790972
387667
83958
391335
770942
943488
756247
371465
328777
882438
599270
421377
635536
751889
525243
626811
595611
297607
846616
208626
306372
54804
876472
703882
577252
260214
83673
982781
304125
86389
191207
68272
85516
630715
930272
334732
332668
684077
867473
510173
469399
98543
563305
291692
119019
694342
345231
513433
460761
966726
69285
265925
178375
984515
186454
512296
592121
974610
565044
617578
275503
139510
596968
321093
519065
748548
920379
648797
220888
486882
194051
410078
552547
19333
958503
675792
552150
588743
315090
984977
178658
816324
205955
235959
340719
867490
797213
879123
145678
866307
149722
11961
498346
575823
995702
768853
274875
385219
986886
141086
93209
528608
596364
95131
29300
279218
550089
13669
44338
649301
264992
266236
462128
63711
916769
713772
569891
736346
820682
377333
514565
684345
899249
760080
823268
474249
124475
531025
826707
913354
810537
992019
750049
769130
932390
339990
744656
250672
924338
762537
303898
946170
875249
415816
882251
735847
319651
624322
107389
19148
403838
14495
841947
722616
635284
268429
867004
432401
491451
52744
844142
828237
158311
427006
17497
186066
808153
289786
642625
160145
491567
610916
406573
556294
389207
918507
891868
512645
508633
352015
229460
696047
824181
916997
587106
208058
967018
987671
929792
37541
871922
268411
832968
586516
153579
761765
207169
391501
718899
101198
235692
579165
943816
427175
626461
392747
491179
729651
744659
390877
556481
38394
540172
293984
924022
110566
904967
657024
999233
948722
7302
271412
720167
91543
980985
474195
556488
927548
905394
421334
484910
733561
619584
961884
745666
938613
490033
10159
748527
252724
982561
125503
394519
189407
764404
484232
186280
575362
242957
136354
424885
584542
682346
951492
797595
433907
740598
706195
255224
168488
953749
943494
524090
185177
471386
318663
41108
850071
417944
357651
335288
439458
695137
928530
376779
859382
679236
748673
879414
987596
609204
296128
376183
993974
862448
375286
739805
636821
865260
251230
616979
21373
621168
639359
696478
475020
213526
478110
187754
533268
321126
415042
9038
86692
759107
688146
567384
258534
914676
799875
926647
770873
595164
72983
278787
904515
233671
666868
356201
696138
913374
41355
924880
497898
8022
796723
109231
814481
767111
725714
290324
32365
395117
934887
25517
440205
668736
179207
64369
836571
567249
686366
566352
890718
521128
55762
962970
157956
364519
776537
209143
437359
962117
343584
463222
559410
235406
547094
287086
522313
27338
635277
204357
235700
858920
304869
472792
765736
179909
877402
690394
856420
377836
57390
288987
690415
209552
414501
471481
744691
730781
466814
352225
731038
447615
677763
97372
413364
626008
689629
183294
229858
232276
510585
488015
74080
259995
589436
329232
582815
763428
756948
376445
808094
653977
607238
723155
998493
821831
743913
104004
636331
510603
111108
20530
542709
390126
156921
729047
146623
997542
69242
575359
84773
362545
431360
266753
364180
34770
623818
945877
502685
356131
671612
175835
897144
963231
29244
975424
903461
435616
915093
540255
312323
607141
618557
561500
794822
86066
715695
318827
845830
553190
908432
231420
535592
239402
352509
567428
147612
472708
631535
32569
148660
238583
101806
581047
736383
19148
307902
754412
326700
278891
398906
222610
421282
751514
535776
69442
695033
243366
10240
692067
702259
498734
53344
421136
870641
262050
299700
275339
770167
285685
486621
437116
542521
211585
644104
570407
8723
530740
934642
6429
162578
974206
139283
236442
656822
266289
210120
953048
948060
406049
592945
569884
685219
621426
757035
289580
41014
462553
710720
678223
937675
8032
199545
967118
559989
828812
221920
223945
394835
853301
557620
21883
952435
731371
163674
330409
309028
489012
991762
661424
26843
163814
756279
733457
959630
280619
276154
356331
679263
544973
841247
685603
194441
995097
737415
622245
306362
19388
258002
391620
649735
11667
540889
844228
865371
229397
975388
107685
961383
349038
139284
577623
191182
665928
647256
617664
990159
399070
861078
961766
187439
694346
916643
846340
610986
685581
748722
725246
819588
193476
669305
361657
994561
774417
629971
586850
190798
757655
344174
489040
606979
355830
603549
319682
269867
71182
586541
885050
772786
269701
392146
394548
221332
165271
396759
249491
757332
467460
111988
628495
741804
358594
554829
258212
264050
786883
711186
283906
851896
343510
111654
606183
329723
158755
822524
924937
346188
938449
154470
757674
230989
843271
291595
183263
419800
415077
76273
409886
329807
106289
539391
361021
499145
800765
488092
604316
759642
337807
60268
807644
241499
157328
243958
22984
122105
722801
326066
704726
616170
486049
274467
388837
201180
130448
333304
913137
133181
639750
623619
378245
869813
446989
621004
287592
273188
581874
812976
16333
502350
372294
228439
468337
668826
515383
746029
8687
315553
751091
767490
118194
187622
345333
589550
119954
539858
86847
919940
774682
740436
258567
298953
6184
383830
52150
39214
804514
626500
989161
355135
63524
498149
333498
632685
205871
733643
41134
612474
12512
178236
772876
19821
437131
758010
816956
583153
648529
793748
290821
346142
499538
905000
128957
970137
713257
371724
829825
275289
757119
601429
6957
515819
670690
591588
951606
572722
92818
686200
256772
269974
177569
442646
836275
668926
440798
946574
424042
751864
305208
317884
679774
376824
946484
196416
843742
135525
326774
72390
341132
783702
711650
83306
459154
699720
977504
782291
336653
390626
267545
968906
448842
655889
623402
911233
460316
18480
408992
487003
279279
57780
417831
507015
354544
591423
270945
441493
770680
628703
661533
170293
957450
12811
436495
381497
36746
783642
541880
956903
97120
217626
950692
80908
1529
54848
769634
3272
756542
80995
931690
59462
873013
627229
142304
750626
977506
370693
578445
895488
211812
231474
826101
409837
906066
902817
678606
754052
74048
538345
50763
737448
894644
43544
98337
765843
824808
694809
743977
684784
820053
916758
853010
322402
266313
662944
332172
143476
721535
470729
692650
635069
211703
332854
91232
899559
700280
294720
753995
555607
636956
577528
540449
707659
491384
768373
661079
429069
245062
673687
31921
157385
176170
455132
84637
456420
76545
42558
732304
435692
403911
919529
945355
184783
79093
540702
228699
196471
255230
349036
895723
28588
350772
590228
574631
744230
874412
358548
465361
320779
589721
302827
888333
732636
305064
147406
194131
369867
195695
398415
628907
526624
222978
894649
664957
970130
935000
102009
890338
429555
293696
661692
856738
710503
561037
368630
429920
429577
839027
106235
398009
174123
244672
356630
542895
22283
127649
185742
435416
967768
882879
558349
363343
316934
869348
396773
652713
874966
718272
239429
228562
516945
133991
616029
834709
628445
174285
17105
380138
190184
468549
313889
923036
13297
72097
716024
954463
130512
350647
610568
324830
994938
472495
653743
323385
94008
735023
699641
371540
952073
682161
401480
876128
882830
389809
135105
139720
630656
789248
432074
733249
536811
594675
961616
895946
772511
450207
577847
97743
697543
840898
378065
421517
27889
935361
679959
29260
880965
228835
301676
157130
292889
436465
598413
739866
981422
447456
228714
804781
65030
257258
586108
977753
350665
231747
748058
590085
38727
661789
898475
833247
812992
313518
602652
509993
966399
315531
981131
891795
208374
615771
279101
664986
358070
655143
683523
44071
373495
365233
232687
521532
661258
283388
414832
53615
482490
359495
821042
623132
569340
60054
974284
525944
730440
177526
187908
520359
884934
453147
307564
248034
219594
626723
262044
920458
534851
143647
878624
158611
783762
316271
564155
637633
68734
523797
280874
543210
364527
427140
566472
829826
697064
514673
715656
266678
651780
27207
205019
529894
928265
141291
595208
680938
310996
72791
499021
544710
734071
827638
194686
251502
659954
260128
866046
486637
90306
471597
40533
305884
563802
577532
393200
832339
383345
182764
247227
911007
839376
188435
696244
327319
62547
251372
233783
236199
514508
510519
163972
93172
520387
742237
786425
2123
256667
543030
559003
886442
961474
34856
221082
140351
718328
718330
936845
289953
659115
40650
482071
149991
719855
995587
527755
672174
768274
958358
411824
845141
266878
759868
913724
263497
499682
270238
673636
593527
266947
585164
555450
847690
255832
154050
588245
783212
761185
124606
627392
19227
897976
223830
458469
810308
769521
398338
933865
505831
777378
314441
300474
773333
528495
710754
184539
290181
182638
481326
330926
905495
946135
817911
688633
240526
833159
395088
963430
257879
600985
52544
168446
518694
536080
141086
307723
32385
327585
404802
933206
363056
481924
993728
777227
221014
323537
555788
191065
204685
1950
896944
308733
258541
333488
405887
487887
740321
892493
509406
660580
79950
728939
894244
588362
380775
502510
263920
352219
412300
591703
437533
268190
317696
370865
362820
347102
223926
628687
138049
435963
865508
767472
63185
340931
102886
700542
29028
841653
276077
82178
849007
283840
648279
30107
245337
849325
452238
99664
285641
293938
525638
847004
334239
13186
486038
389043
990548
146637
267162
760596
200428
45123
660962
858567
477817
65577
930334
232487
557113
267605
27535
329176
867672
436296
941512
653990
461317
128408
411503
145140
999984
903933
321199
873278
391882
988085
52276
521
738275
868084
119213
641710
775100
243898
136311
528978
428350
119672
847907
103236
790693
485222
698735
744879
955057
96469
189385
580592
203870
625073
412369
305465
10102
791012
38225
528857
246161
895539
323646
257922
948278
843236
112559
351773
100014
159591
220375
306076
636251
525509
744097
31928
103969
613720
692286
785660
21610
201532
78808
735687
121953
115348
158659
885003
23830
466021
429296
935561
958429
808110
799570
474488
267329
602618
99245
410495
303047
598562
970860
292318
73749
569814
347797
887604
2180
870177
296926
270913
552336
632054
305135
137738
148613
568059
206386
320558
725749
234194
634862
689936
315451
617405
572436
549535
980338
765588
558182
718744
362369
151167
840650
730166
305073
751462
737257
72641
345600
263553
318207
210370
216738
884483
85285
853763
25857
469329
414305
15714
957146
225553
326199
469318
187251
223011
996906
154150
621344
457517
137416
352732
342351
249175
103458
190055
514649
838053
931423
761807
907317
14
766167
708945
742471
746842
430941
601173
327945
622294
934203
898202
344326
386526
477470
189059
506951
784020
109985
152258
129461
414964
126007
967440
969170
991953
746863
122217
547106
360165
537172
509106
457372
792816
683707
711939
451964
460425
651640
674840
775230
758554
886221
863379
525988
303477
959155
821712
397165
301483
493410
477476
1121
881811
798180
712211
73407
924418
113935
428269
903402
901712
377010
855885
747084
676771
79788
265820
288270
891220
866468
846750
764451
960676
9692
703652
266556
824319
584099
108587
719958
529009
835380
338626
603072
708674
21409
430133
14544
765356
79773
231648
308596
642587
501917
790816
227704
993614
60443
992485
627084
780712
936344
559391
678278
565873
869973
324978
452870
299047
243229
711408
439177
629799
492538
691048
651430
163855
390896
649000
720216
443417
210153
472378
268603
941677
577434
330509
876547
934843
732869
480520
195356
807614
40180
840467
203967
935510
624624
261339
855666
240202
757749
237721
760182
555176
437415
148646
315183
823222
173106
302971
441736
431837
403761
864803
872795
914527
948012
772473
346888
444914
120122
842905
244508
918894
155500
149684
348319
859983
935192
986947
541651
546513
562536
149193
612330
849650
367030
637455
71144
707650
844846
116727
684061
144158
253101
574077
726125
86135
437323
491216
636490
747459
378333
718714
742535
786676
79176
247692
990621
392616
122586
293975
333632
404201
357819
754086
283579
140887
215845
771838
586215
544011
451883
977507
105784
948894
79335
840801
353463
980174
854851
391138
214737
257211
343873
676991
24171
726166
7521
604060
563396
97840
402249
574253
120342
236250
380415
92801
74430
874878
388680
112394
862091
363582
464254
32785
312962
694894
488146
170040
48616
181904
437375
50056
673123
305855
441294
845466
185639
809279
898527
195828
237860
172104
390462
610975
560097
970824
803383
942557
834511
635252
627259
104103
208291
436664
88290
395750
51706
672664
763054
348476
318486
76098
429266
457018
399490
445078
138084
690299
518533
938943
814005
898586
83818
774626
135933
956802
312194
87116
481708
826103
963669
762510
65726
67571
171234
813455
683630
768436
677676
763673
847323
889865
889195
768173
717724
169446
103516
266543
340894
765652
273824
537091
305907
585286
370810
269853
13132
18875
789687
401866
420305
835421
208866
191005
414934
503961
105658
37914
510076
637553
780964
375409
352924
379180
463314
919583
481594
918637
45952
366136
201260
243269
767957
463653
737012
237150
467779
446444
31349
971733
719488
532388
997426
878173
681537
528518
428616
378615
366769
435657
711808
625982
923229
536521
177025
319407
445983
469736
101862
840214
688428
597937
650424
734657
273047
978226
321143
272941
857793
733521
20820
689037
171026
165120
510216
659601
767746
32678
820355
853202
268229
765355
494901
102948
230898
316656
982314
282335
139052
564881
86814
988375
308035
534376
467119
953823
649277
371107
119452
197885
310634
715087
36959
436625
502936
825684
878352
633047
110526
272791
379794
423041
233975
337919
211830
441468
571510
415513
959292
239673
848809
562422
272139
57401
816981
917126
679439
708129
31605
602449
626464
402252
600707
326714
458623
664805
397174
778942
382974
537513
558912
127208
228166
11051
666962
866471
239596
834655
602908
716256
310519
137543
434826
862374
7739
868172
805717
283375
89654
41726
361984
278543
881561
928863
336867
398962
522507
899859
70717
155731
570959
660294
426240
194450
870299
509876
855387
524581
459305
629116
784367
763505
359899
223873
563326
452531
893617
358012
564078
575881
58191
266823
96194
965740
132739
898110
551302
887297
79433
712797
165763
447281
312354
598270
750108
291801
665378
792668
591452
147971
743231
820604
718118
858339
82964
683043
457761
169004
585721
272916
213568
354768
155146
52655
990367
952463
873490
158038
281674
864339
99735
848132
728802
343479
840410
879016
122670
675031
768008
454424
82717
20737
794058
205311
77506
243082
758592
322768
213159
357829
761122
850327
667900
853355
304522
576224
636182
491989
42395
888558
958101
490453
330931
72414
991263
140544
783614
910143
783882
29339
105446
203636
576689
29662
515853
220404
689045
777232
707348
929855
427062
801042
839700
709417
715628
816642
82560
907253
979346
587119
872615
443354
355938
843353
123444
786490
780014
534261
930907
450076
201406
3491
65592
471449
986587
230619
799957
908119
564590
143360
551543
116967
631985
986738
37202
934238
934290
956724
346719
363931
531088
507733
69984
87965
39243
891265
259254
959570
723932
876585
203729
583159
565889
130796
346935
115816
564703
406626
71475
70400
491762
486154
940468
624537
662859
628750
105698
562186
718390
294788
589434
641694
393904
453668
28892
616660
895766
163692
243154
660152
592068
773880
220012
724229
186979
502021
732876
823661
507102
250941
528810
712803
343487
593578
600215
138937
680083
269051
693337
317167
548567
674848
863708
542623
126744
608259
40396
428448
38516
492511
34322
302696
156040
799056
196217
217128
768711
250787
825288
498843
356439
714530
486393
509739
666066
845678
498165
517571
315866
137824
886864
96792
613161
239537
984660
747109
605392
679398
316262
430081
104023
429053
343909
148650
748430
10212
481460
704089
748662
661650
535315
283359
543999
571515
659826
78028
440425
88481
139199
550302
35217
304514
131945
761403
959084
3408
186028
814049
267968
184261
754183
732477
371739
741307
749658
769732
433269
542339
213566
148662
996665
809120
695507
433139
6820
205479
287773
568355
752014
944019
509800
86744
195417
424749
59239
544382
27963
422418
832594
201663
623878
860736
252579
946002
364032
556955
515285
740546
743408
757681
927306
853784
140376
994742
912873
828910
383689
811878
365559
698510
203139
608802
268931
159021
870306
242667
633699
329018
426771
181260
739005
286787
926636
34902
923344
573838
644436
962813
370731
273787
545205
178325
770688
651505
363457
57550
169416
928206
912426
59764
910597
785372
535040
46108
866891
295613
886831
924550
650354
822504
515930
271715
288700
836292
876728
915387
938228
222800
380640
153414
883143
332944
689291
892392
56412
191121
97290
800431
739025
426059
819897
624100
387213
473808
655754
932066
920099
738694
514667
694237
20475
285909
907884
625715
537958
64376
285597
279433
335942
471778
608084
707531
816518
2983
777908
715176
366586
787435
851926
663158
206763
542486
941424
278513
728473
384613
474337
548697
887848
299208
415662
866034
32436
347656
576749
857545
579072
326844
313900
728
360522
919338
276765
385415
699128
525520
951865
456634
947870
196781
308414
650755
709769
224892
587059
88335
29962
655976
574642
826769
126703
126962
298493
392228
247516
416247
91116
429625
621917
651386
223502
199732
308224
624984
368149
862935
426351
189692
90548
293806
34539
568595
241814
720839
208209
210446
731704
467320
526223
529795
102832
843172
782673
805703
901922
893730
241685
265961
950986
735541
902511
366396
38314
503381
251569
931762
991128
638293
729318
351641
956915
713877
929226
292999
328886
21764
475845
765141
20251
323546
214937
96813
747183
135690
41759
231944
808011
832992
405102
622711
561133
91189
359024
312954
405254
282520
592139
783392
683531
853257
235111
377734
318949
460659
442725
466582
803241
577466
370056
428883
640181
350576
529867
948018
272759
694150
195304
746566
311424
19905
665648
510050
799226
153203
996308
931680
535616
900776
881250
343517
533021
329382
683394
19767
451027
658960
401778
287083
854945
976049
621582
965475
900640
801272
596113
783678
318202
342677
732277
745700
446778
196938
60521
991371
683996
571997
760239
783680
550031
664762
919374
523550
976145
417523
55727
539282
174360
818191
657154
578956
306334
393387
247830
305251
894305
746592
377812
992393
456958
468877
80535
910757
966991
399964
265974
682420
343134
293929
232304
887068
316157
532498
387667
138060
417733
4813
475818
566230
437575
932003
851452
43470
477412
318411
10737
861077
191190
704810
544446
327054
204098
757683
894992
546366
828071
348616
44075
952107
656427
859207
467485
417443
435210
773256
314133
551354
642822
797820
732285
761287
339013
987182
785909
757274
259172
29996
234874
427673
893258
606539
636624
977774
604580
592545
693002
627717
186337
970152
418257
307365
613956
202475
418771
290364
288203
745191
412307
798071
566311
508873
406722
212536
258362
367696
347603
858483
678953
625564
944343
835919
961881
984509
411799
277201
672311
331991
954866
238488
336433
704229
332907
552114
185525
537560
172765
88365
13715
425352
635781
112649
382244
690178
471214
912264
612040
867522
547791
113001
764465
291567
218908
958425
674592
88419
414029
301298
572834
311178
596828
162463
841857
981935
641930
650145
647040
388989
708305
634659
715217
59598
587724
539655
965341
573133
342176
766529
294770
994976
102295
512071
346108
455913
424721
91415
997148
520118
165671
234718
404052
556711
60065
789791
499713
159053
986882
159325
88905
766012
412748
908380
343271
352073
865843
100231
727205
358472
