280253
330824
850907
124762
542367
376791
399712
630787
410474
816726
939700
94856
533184
985930
752851
187848
27651
15136
622337
748907
620504
868665
625667
892001
479483
738243
415312
827945
781259
934358
797066
292864
386498
414171
954309
582166
975250
588297
399098
552942
574783
830534
133577
580696
774200
268038
102285
842595
683916
972819
699218
416835
527866
161475
93305
818999
944085
484319
979648
219255
424382
554922
437026
654599
826500
396309
7047
759264
412527
900905
299415
986346
623807
166336
320213
510192
755298
504852
618893
239596
333327
331202
706116
221518
891296
291593
207898
49069
514564
615215
743987
969150
594768
289273
906557
655789
89121
371825
260780
250280
643945
983405
799055
937990
520912
945308
195126
427245
707964
12113
597262
686658
328297
817497
146184
562590
359386
460685
213632
431611
115590
599400
559471
244130
113732
425301
844906
841962
349461
450934
719005
248498
718220
601505
162398
677370
968892
63225
219944
389708
966922
713670
31853
30680
706510
243116
824752
424633
709484
786442
961734
21612
652280
575398
493438
530640
377848
474283
452613
305201
315322
215161
974361
582755
952218
366653
980838
604068
67090
230147
242082
959311
909875
434184
647082
153692
630569
456549
132296
530520
494917
385513
881669
813338
95419
420493
490822
851221
903008
93589
535817
406798
222815
200748
674067
465835
513538
721557
15184
577992
396714
161728
604506
821200
250092
225369
833479
146177
607565
889207
306685
675230
791632
926308
261842
350266
252168
199313
697708
580919
568138
566685
750555
940213
27473
525004
292750
986582
971051
55053
294087
724871
804808
164364
142241
707077
895101
924592
811557
425432
673540
46944
104243
62858
946002
564588
993278
475173
346596
246297
474234
277198
308014
606139
889380
890530
117820
596425
7796
560603
360482
822391
354720
335733
646184
941828
920755
129443
302403
669876
477903
904116
315690
989747
222444
367704
698951
955586
487851
655054
156693
563872
478362
284073
115703
789433
284690
677382
485267
753591
467099
11653
528984
318527
286073
516474
70281
82876
586533
117028
63915
379750
475742
460226
599348
205410
834765
647853
532919
922244
441390
652415
703517
258485
897843
356587
707097
758219
18895
56252
268865
808731
577599
528920
778227
268664
24440
464474
132989
706009
695134
538458
476869
338016
853447
455531
322695
270666
359134
40017
106435
317311
900951
690668
705929
380264
196441
482843
265029
224690
842139
593296
35765
909226
276622
557103
125555
303869
386337
987685
481189
451290
957688
447843
10803
501941
164452
873788
472504
519576
544893
357085
601795
448592
500459
169032
80002
638421
622894
242523
694201
226946
529282
407812
59385
796322
901408
555483
859309
870399
544366
765917
840326
795514
513912
245098
180945
989217
194405
658097
594076
325087
354965
194840
544715
454365
517579
800163
692708
257326
721104
218993
263103
341535
938951
443692
784428
617148
776085
651120
974455
993359
82704
414376
540232
53042
605004
575106
703873
818608
199544
953853
88601
503669
501441
74401
796334
345688
92469
213487
306279
683409
365245
540455
577591
119872
637632
562360
349208
514900
284207
509838
724246
414219
126677
243947
146701
658591
65797
659372
915878
28854
828061
365798
149663
673841
900862
675827
434074
314827
155002
78644
948257
310789
10574
704025
133025
807634
371350
621524
604872
416572
463042
399365
186915
864378
784075
561012
567991
319172
392139
232251
519218
13755
438132
380490
768536
927352
644504
901680
646571
174193
483865
289109
560891
710464
137766
636622
306125
546800
782970
466155
776374
594704
35333
980049
291653
815183
29077
120041
255493
155567
946318
379301
281362
678722
395830
856622
281778
675476
117868
340105
504686
825808
80796
856008
806516
728010
480775
998389
813011
848298
804734
625445
676060
541039
881225
856059
445490
309202
194731
826511
897838
652089
128684
164252
864527
703262
425475
927277
282447
720214
932388
965961
852772
664164
421951
867929
803566
975294
726813
473862
811108
230848
541867
798620
102082
631452
858776
193920
181456
836814
424694
940857
48528
707483
157111
939548
200224
986904
120600
19454
477759
396362
934655
523155
911351
699464
625411
274422
218180
959138
335460
124447
378064
150908
6362
765616
613697
988988
192065
806556
256797
497656
669560
29966
815721
621790
829411
543005
92737
904945
538478
893734
95510
127332
298313
253273
130335
61988
965815
368960
331763
912966
497894
664228
575038
738821
318632
417335
487513
844327
109870
836549
674067
847541
22349
523533
236316
483227
896299
318612
881892
318073
383699
589351
481446
789668
670639
983381
766995
987194
243291
496486
341135
282604
910910
55170
453132
17392
398097
474443
650976
921724
26413
754188
680708
212814
604289
856207
52895
622595
563876
764053
726529
526232
703759
336226
230844
629026
358819
511576
628326
994829
206377
50008
254474
459044
802391
64527
388680
863082
726739
727484
930804
422842
974269
228463
26674
68334
417271
985123
364097
59434
462689
786345
716553
86557
654571
384418
851448
69491
824356
102207
165473
56436
516599
573755
835442
127776
889944
622990
128620
951991
51185
199401
279990
553290
433571
575800
172671
73732
11967
383564
332269
327531
172223
135780
226944
791721
275931
252523
185972
343927
824086
630200
516283
732129
31730
539628
547988
953642
750269
94530
765017
323655
503481
86963
188070
878070
435087
568589
920324
882393
35337
818986
875212
916478
980164
806492
246667
156472
689859
675548
133804
567851
828081
43671
156005
282073
805485
954612
612084
862390
440887
79601
533386
792256
420335
825149
658390
316101
823114
422736
514222
447501
775251
287797
826146
934294
933414
775908
965472
849162
320371
169945
86714
362028
153616
555688
92554
689592
543006
658185
246290
89800
261015
526681
668619
438368
820974
975189
236823
146597
15948
501453
753492
966605
914280
759481
260132
369240
496781
106008
970550
243829
551443
322320
768660
792133
156682
593591
323268
166421
808814
217382
718790
528423
267329
6423
102090
576360
396232
497593
588559
163739
57636
889616
713455
677293
864454
820404
711894
373678
247087
907190
90045
476444
914236
64279
205089
799362
800139
395489
449594
107973
27892
147551
548486
345623
451359
517022
703931
883413
521338
209679
9073
771632
779255
489313
667916
803547
986581
73081
347920
827874
907448
29122
846999
789327
121520
192309
626808
246708
70459
658477
35826
650034
879924
522804
934853
298384
288703
381309
800514
73209
23890
213289
497551
870713
996945
365625
571861
952718
719928
836055
763993
166007
368049
980271
24513
215196
414168
293680
518121
21588
158044
161116
921336
894268
241282
805100
864437
62197
618459
427468
147634
603779
661221
95347
416994
138010
823022
343595
894901
848213
475548
905113
166303
269316
230399
947906
399930
712150
79681
814292
682149
41552
897809
989873
542957
79073
95633
127499
315154
197485
357115
481068
151398
584211
958041
623531
674068
292755
394597
552382
841817
581599
239060
563095
194944
436683
768154
189126
113064
763455
424782
599512
849251
200911
692418
195248
793472
373277
970580
33039
247139
273365
362900
3964
896512
472751
823513
30196
704712
930614
216860
681528
834293
388337
724703
984719
969744
106124
676658
693656
236987
503254
132013
100476
342056
38964
436115
419635
473971
46394
631327
363919
153366
202104
201782
220839
202406
366214
410768
327022
829731
540923
850698
894627
611712
714203
188975
239983
165796
61879
907647
504540
29481
626952
163007
624354
363107
647100
869023
490532
236900
60564
627556
756605
954919
268127
993645
766129
448796
628275
443511
674501
124269
46960
377546
853224
786539
67734
691510
70525
256359
762511
580300
700766
729356
871777
698116
251229
890644
502757
212267
40217
685238
971085
843356
305358
926764
467577
71289
41175
274555
430963
859504
763427
311783
894117
911574
262575
586718
526960
95647
200641
884529
840792
872341
160463
709446
159401
618038
571769
951389
11514
24582
161644
100832
104457
248480
879659
491673
485639
33886
582697
821711
262043
846019
917411
151936
682721
191316
941533
403799
751314
653032
934951
259647
470876
234571
519396
115555
512959
369431
648527
25583
489815
492713
533994
841519
147053
984369
598012
78703
200221
965859
278537
626173
658228
902478
779278
480211
667527
29404
439891
213106
836151
879512
778891
407355
557470
462416
596324
220198
631940
167025
537839
479049
314335
626218
809810
587176
525492
79300
608519
465864
12500
66670
637100
781658
239368
985701
232736
954057
829166
36817
496371
618104
140572
983043
564916
766052
770581
93209
56200
870508
38558
247410
90481
935319
264508
795740
469599
152621
964931
30575
766222
411574
552995
203387
900305
892450
383168
458145
955898
674653
242698
691477
787734
690680
308950
292586
870226
244411
299908
269661
431325
170443
121735
158356
319744
932647
271421
902925
719805
87710
956464
107898
158250
727657
556618
358575
293449
209197
905134
764138
725272
21752
101047
875921
554500
410081
506078
136594
315018
588820
439859
897233
312374
391730
633030
513410
112816
164230
592201
783450
345072
30809
403284
150718
270920
441128
693357
349888
380967
489982
100393
223709
418129
367073
350296
861533
215396
632649
314994
564764
352990
239211
463031
488737
62854
909467
536048
783096
614197
720536
136741
237948
975930
160489
796572
463711
843566
23397
209147
138634
620211
217936
627719
450361
346565
6329
82695
220449
876217
679279
21337
339243
817188
537935
748343
760983
880542
344096
598455
479507
411640
546586
392836
739849
774418
608724
549146
507455
151627
56614
884859
329890
847262
669041
846510
11983
775093
660238
669212
191931
190255
629607
843943
333784
988566
666697
588866
465491
395758
649150
554421
845439
616784
606943
10981
141213
866623
690810
898389
36390
815578
299901
235577
965852
226225
605835
788485
992911
774134
753192
938909
275600
524594
738612
945765
281029
210119
604902
19614
975094
682853
268648
878732
795206
270598
697754
291547
602831
83393
204038
561960
424505
875519
517836
441896
806486
66817
85048
77247
810335
712328
750413
380093
210819
922540
841351
486118
723418
861534
875630
28171
443558
584179
51356
18919
203241
962116
938938
903381
671123
411752
878558
555001
39542
226920
283191
635228
832728
424617
261029
521335
822103
834941
753887
392207
115067
151233
490715
738965
267641
424553
824742
761949
979074
498503
246958
248446
709986
744430
409419
773765
154887
408118
994780
345386
752426
692890
603257
938217
60348
460521
605332
471467
416711
62985
789080
168890
312912
937289
511500
832158
973874
12248
889514
344423
193838
378267
901378
355492
853539
558051
391966
52407
931518
305731
897321
117972
924975
868352
286555
947561
555963
883026
585693
175538
148236
172409
746984
876583
120726
761385
860950
176569
29870
341241
862477
553365
701525
305161
869073
982674
223364
673791
650594
297271
960820
178208
588834
84890
678364
567378
827337
535383
444034
407855
461067
443198
633028
949802
584461
217713
144281
225426
448450
733929
616474
802550
615723
392694
76010
590952
886989
108683
231282
403755
948951
847611
645148
306412
281327
841862
33256
562365
873999
401022
949874
859640
587876
327014
519321
118430
759684
766765
758873
574839
176765
839240
683914
465966
160798
118498
44024
228611
360156
855189
791341
432514
702346
480550
292498
460040
654083
131194
326788
419200
410457
406295
791014
395091
225953
450639
491256
813268
780594
148578
34801
943468
904826
102638
343965
133377
418096
586289
175819
356607
161234
345617
289055
420201
857106
717305
668150
586852
579377
951292
674865
743585
702637
859819
706318
286327
769740
103780
516038
24637
820426
78509
946483
194905
654851
959543
443002
355477
580943
543541
630600
773193
923694
211463
272599
991352
915119
647951
626638
97205
496961
143028
634226
972082
954728
635180
209626
602606
231725
307694
762840
438558
661071
203337
468566
492626
618853
892363
273051
98165
393644
323919
391408
588039
886330
583181
287796
439388
978908
693865
932431
258177
322270
753314
653467
107740
706079
407188
738460
769566
103236
301297
391070
70145
749974
814857
316342
999624
683058
67961
660482
935178
721457
810303
497366
408303
98726
903059
648152
22476
665359
433987
86111
950068
541788
89094
229729
608608
66100
996703
262566
696253
346248
968999
810723
122248
675992
739086
277936
67914
249554
588956
338533
332684
757092
166737
812352
48955
428908
618212
380108
77671
466397
752156
301746
574828
184253
504436
55579
72114
889420
286515
21017
708607
515354
729331
23840
762008
559669
791209
432596
444620
253054
122844
366126
600787
114475
478451
163466
598539
959529
830094
632567
411766
527482
496363
277546
226324
120668
692599
312905
820499
270528
885739
228436
98170
515605
383491
489807
776462
991850
688054
319752
168696
748171
821093
503835
99001
748831
355722
318279
339654
997138
946968
437582
765700
283058
606025
67743
412849
352956
355493
650601
387979
513303
346514
644371
164363
68629
330460
199913
877894
476866
825837
194801
390646
930703
300616
630392
794115
508496
406318
335477
307071
714309
5209
627983
518089
961231
58338
797840
163223
745350
382533
193125
855261
459871
12775
699741
709522
976161
763539
356235
688193
738105
930691
572561
571453
231638
499365
568438
572217
549515
51744
827139
995614
176428
181085
745728
655355
728684
826936
700184
434824
322159
131681
829051
720724
870792
884778
183653
728612
347960
468757
143121
46309
442705
760432
473776
883362
706139
845185
263070
565109
780133
349300
812589
303888
451115
325205
737521
626004
467653
982463
395349
809667
207712
609670
187747
799777
269027
399175
709269
86961
211698
369411
578732
79392
757424
600813
943487
814908
737994
11637
534271
829880
668687
83132
869277
605388
719418
758308
435052
803363
178425
83784
112057
98136
321668
331048
282915
339731
352730
278932
868192
837942
691575
240427
184519
157882
260561
659435
558408
764290
748260
688835
266213
665623
424433
926031
864852
466691
753811
932507
867613
573866
204661
241485
284118
760136
803955
627415
683188
34693
364954
563788
112482
810981
670185
209669
616406
902904
340853
398657
427098
700736
416929
654983
208940
377417
814342
462531
69995
481979
569634
229609
457396
660051
578167
985388
722058
439284
987331
570071
61437
920789
673009
686677
488853
437976
155528
974440
177626
256344
579161
882402
656887
935462
552527
242832
613279
520551
806942
910582
932327
888069
649472
584280
655840
798901
836961
919207
508431
782224
931644
176344
437755
432676
544119
996875
121450
405941
763258
486532
917610
984825
757899
304925
78134
725222
325871
897017
722130
557791
398629
70508
781175
11643
354826
435752
33807
869137
34059
962143
248462
213834
245458
812909
532474
791464
691015
859903
991114
425668
850336
895228
990894
378657
223683
327431
859296
372250
715275
839352
849733
86682
235783
750145
533643
281632
748194
10621
781583
311041
614026
361179
935223
711253
131574
120518
770697
677245
818007
519345
293614
590543
831326
632369
356132
470592
879963
269766
605048
445695
905800
636626
883115
853742
622711
892955
789727
300855
859288
920042
795175
751918
492950
402847
749098
287370
875932
597994
711904
449727
668461
243516
717706
106745
875030
740281
634091
710018
915878
169553
710282
574475
790948
127514
216777
62622
336728
140683
558707
252583
997081
393032
782651
991823
994510
400561
285256
723912
516537
101625
675683
516337
136383
551603
905974
263470
270769
789988
66833
225729
193211
969570
788548
308680
742381
398381
111269
920393
424648
266152
650012
533676
284531
855414
353480
116943
488501
996879
553529
819512
725401
856526
943588
281883
468602
67831
276802
753105
545458
668193
741787
962725
804473
262575
974756
868362
415377
689233
303911
692056
244503
296171
940289
437893
618738
450679
572384
606343
814599
467058
444189
309654
382962
191171
217525
986601
435936
196911
331129
65040
986749
986839
141958
125511
977205
899502
389333
903678
332101
886367
155371
409134
186273
896103
927104
397021
608073
539422
265917
60960
595847
977863
70019
615213
586478
902432
605799
362745
103111
718757
455335
993912
371350
982525
845042
463176
261692
508477
167074
840026
917402
516127
151372
382071
454570
274379
304086
245133
904208
550500
431111
210125
674860
113393
457687
342610
139756
925306
98232
530663
935835
855169
67409
250451
13502
529538
524078
928976
523024
127479
595447
854170
379385
879409
363745
905314
469085
588513
176290
711296
584329
52895
837607
412028
486134
745362
779962
848431
308419
716043
957041
329414
87534
803750
199600
611805
848036
948062
881905
699216
877211
480873
25623
687259
742297
882210
805110
522017
827653
706613
724
215743
37925
405272
76566
964536
85624
570098
944040
232233
727881
365656
880233
800562
534279
130840
970388
411168
450058
622802
778002
671358
123522
117282
864967
820027
771021
25031
633856
590637
950608
379962
110537
133349
418826
744152
74807
943920
764550
822930
265456
40417
217933
820093
721511
826891
534454
245746
725532
101699
109216
586977
774521
30626
744968
664402
164177
106615
371221
906479
465156
73220
257071
52192
43522
150662
595305
758755
314353
170448
993340
510704
41477
414808
49739
332907
214165
558678
339842
529923
317652
949657
950679
414979
93528
97663
789631
457679
824958
56670
93530
77303
539318
646086
901196
145304
932989
147578
15225
981012
646156
785140
199339
484450
502614
891589
302022
788990
203065
205117
941636
805205
941736
600196
901335
744096
388227
984916
730215
561122
894182
429451
243458
563929
767317
945715
248445
681369
921426
791961
313824
579486
473779
601521
219850
780500
371537
183543
541073
689723
423737
127358
531463
760089
518918
588323
106697
766444
651755
779873
214625
699986
990063
176037
114494
385286
907531
790130
957188
635560
269750
844191
631755
591620
650282
545084
658185
687807
151267
668758
62343
98057
475457
509661
559251
42442
375222
171574
375450
975186
143081
373791
702647
56068
3189
605597
533163
94737
83675
330010
896802
225167
61405
524122
533702
568845
492569
97956
434221
632869
202551
371480
492178
955476
268202
757843
107008
366552
771891
497056
955200
149644
189673
403655
553418
763777
305716
178542
692690
78891
424790
720786
935597
384079
903265
593522
850586
720121
506056
135585
371983
595095
597057
474632
309755
620380
3927
682209
782901
159785
647995
968287
365491
830010
714749
309923
753439
366803
523633
215305
660744
202108
521980
334656
519550
648998
549802
822771
403840
444870
884718
889781
685860
420876
401132
99320
865109
48268
896770
206352
503948
842715
425700
625598
771011
346694
271897
997019
68100
276606
53782
7019
264094
115110
467603
801034
290031
714599
696557
539231
712650
967104
290169
408418
783089
283350
137320
194247
348960
687736
689009
441839
848565
883308
6277
314867
241319
442999
32672
557021
330420
647623
872571
322484
606492
548286
140818
152266
699748
902256
557341
566652
898840
380563
517431
406466
193294
482955
543964
689102
30112
752579
878222
569850
358103
86782
957411
936131
201800
664753
477393
76690
909038
909808
615078
655943
587628
331440
974748
777165
293038
34539
220023
803321
133404
263587
717050
936317
9539
536034
482162
931230
156196
937096
348558
941821
894436
667415
436308
404783
958706
360237
745986
308490
495413
490430
900392
650654
817483
519722
346991
206372
364447
882439
760157
366760
690
536801
588290
752909
267384
411518
155150
362861
738747
691192
680104
531231
348049
725912
980704
404074
864594
678438
492694
888738
944820
881699
293736
538353
194155
172252
522555
833030
337992
651318
375217
641901
585737
785328
73218
987101
612154
94860
250617
1643
830156
705401
197472
2812
62438
930329
931942
683820
837800
77646
854600
496817
996487
716356
903641
634080
30978
5286
747474
911530
851721
32684
949227
202246
306812
576884
601531
125190
295845
482357
299352
986921
126271
963839
221465
517259
250232
811802
416325
532539
676750
608660
231553
36749
311433
430452
667183
939544
404693
948923
423224
349975
952088
942225
727026
835049
313294
711144
322266
814020
938764
274269
946177
599567
112377
518151
72637
915766
344507
12846
138767
355261
285182
399624
436493
875969
37297
232805
929717
763490
271515
672035
724591
279301
726527
238852
291039
124058
68065
230807
381404
598622
133117
18408
661955
958892
527678
468424
86191
67513
460518
533337
925100
174419
234650
488052
904192
356348
298341
111363
373663
414721
660995
565014
807042
850890
877420
501953
748606
317821
45668
758213
813050
23740
57781
726353
852896
912430
538165
912559
26670
20598
615013
366933
314818
241236
597762
528335
934596
227552
140242
179413
301971
510689
260330
289924
187313
528155
63405
638938
490226
144709
417542
620748
10471
515479
681180
712167
579668
377703
990840
834723
516674
557001
667774
499495
470814
967527
712324
159069
872452
722663
222135
82815
916361
218755
645974
237537
268163
873186
210038
196520
64679
908815
837883
574798
297719
512594
495513
448199
173101
648823
552001
162040
677744
52579
564460
107727
375288
157137
951914
44412
321443
256698
445104
235028
25656
809541
719135
445739
257355
453991
23626
381244
807602
653257
351575
704544
102348
22046
266607
405494
347921
185620
233204
922295
843531
814124
519342
787247
787294
981206
568429
332513
800564
373893
303782
10225
976114
209642
959113
590090
175253
684385
75191
683055
623218
276222
959979
402783
587986
171628
244104
958327
947719
950548
188607
793324
525079
509602
354353
3294
877614
197004
207557
166846
894833
141788
910472
480520
218859
366160
15289
731165
302093
703237
140115
413535
830552
803032
299774
45030
204021
516041
84866
446944
177201
805848
90584
832974
199143
47639
124144
834042
119466
659573
211176
613526
89965
396124
758415
288277
117584
955470
899021
210495
122245
288523
829862
514402
171691
844738
916049
384297
36423
354255
409920
872631
994357
326575
615588
13656
895851
53291
802546
296530
17595
272962
548096
974810
257488
415198
867021
885928
157129
397163
355914
528766
800569
969585
473521
889937
764689
480092
173047
991375
892426
796880
298804
77184
482686
502823
392497
348908
494096
839687
224586
237990
365072
585799
42824
104217
748665
236133
559362
969027
226464
41660
717855
682990
529738
650375
134754
964192
991841
8402
592438
682238
991098
902618
169460
798479
340120
234512
241777
910829
490773
838461
2623
335981
685955
545014
699137
820967
449268
522106
281394
983289
650051
627930
904281
166643
423443
559126
713746
735544
839483
318129
770867
755138
204532
681902
732001
858482
378495
60376
109845
182443
223388
931166
401359
653906
452760
138439
438965
576003
461566
277550
18230
537645
150857
530004
103106
278076
477314
66111
479322
366948
896482
441469
102138
124397
340438
656249
510631
923782
649197
469858
587126
825081
616666
57118
337990
503410
483013
322758
939412
55047
402378
468170
358663
799171
67920
966543
756775
663293
71483
603210
894317
453523
495881
778468
685049
904580
97120
374841
475816
515554
595722
727702
250046
116473
462112
690974
56452
40362
258472
563681
708733
619425
492171
711639
545076
463933
651663
786600
820266
680761
876442
242088
986390
774292
114062
323626
285966
654473
485212
897794
894411
649843
455934
413454
853349
842204
621
890930
376229
774675
60182
338117
293055
65978
363433
445487
839420
481713
232102
407637
939658
328962
765774
755898
730240
357118
526914
832388
408637
292387
166775
114444
254313
302961
861423
90946
956823
770078
285620
4260
473556
615257
209143
863772
638934
126299
74106
90762
968701
627199
537412
727626
682314
147878
581658
558111
436015
186305
588620
318521
348433
937891
192117
577278
585310
939678
352218
325781
377633
822198
752578
892121
238850
623719
689278
421663
355851
346199
728752
473116
696279
770457
231201
36635
990
72835
175583
728352
552783
626699
598683
102951
509932
286772
854200
866238
413406
831718
366573
996992
513873
891602
497999
946738
491863
576785
259427
373462
698814
462011
441889
494129
587840
81016
189641
473804
667392
590382
727048
632909
949785
598201
715586
800518
664361
860888
679872
627334
311823
523001
891382
97845
129901
944014
997348
25214
531967
788463
207239
226080
514705
349355
584547
133668
914496
120453
777674
596369
346658
244528
916723
338247
979975
395385
111213
387345
184437
419466
959602
263259
827703
813114
200416
943638
853894
377990
988968
837284
524143
642297
386841
391742
965660
794000
896312
891294
942620
292872
500524
491194
282906
773383
93838
219438
213481
932675
56709
726915
797518
697321
440626
493944
667210
189783
632085
853304
624439
530594
551832
179617
505311
290071
547272
186350
487692
3669
162384
576899
370926
786667
76830
171836
425763
175196
514393
967867
339882
123649
157301
607193
295461
571809
399321
453823
370776
326409
396356
718150
394006
353058
848870
52005
89346
489233
641364
23653
703132
499781
526676
351796
216431
171044
532992
202702
539680
871981
576656
911880
808549
309549
176631
95192
587498
352017
689744
971910
818411
581913
77047
603998
452317
143657
725203
238835
257628
475330
593723
613917
699300
858141
352056
18740
857086
207034
466758
651776
411437
854078
410853
766935
245587
62798
366935
543067
740741
717351
485032
922135
61208
888552
488604
797531
626859
36873
560939
355862
752109
766895
272049
40236
68712
337313
48575
612856
440238
668140
849739
993579
389542
770583
210180
190633
280884
378143
794725
530344
535139
654382
20641
770192
652667
313293
752822
435529
231544
442443
958650
467198
117769
2348
451282
588809
526322
7799
843230
938716
643415
283221
554657
751500
86836
928932
104616
669935
591847
972444
883618
447193
950898
520015
890790
119745
60957
1094
423759
299046
561866
451533
457376
53772
106330
775294
253046
752908
221672
37032
573112
947314
933573
663727
63064
7609
490319
824022
336464
998048
306294
239248
449063
578377
90831
749642
439311
505524
688148
639612
17441
865526
179774
740922
867574
730206
799978
105600
292074
222969
688858
596501
214349
137851
498672
826765
941194
149593
418802
963198
981951
10730
646991
499272
410879
407432
511000
601497
223259
957839
992113
338966
27184
334483
352749
715237
892127
867018
358152
925419
452658
670671
279789
401351
694304
948076
585659
344850
7852
160087
685300
688567
432068
192125
60629
500368
823731
67039
144936
113268
844894
237052
279115
229359
639133
764320
256407
810000
658588
789914
282383
849897
175838
929296
157146
969484
665560
720942
564602
141400
678595
468371
494783
573719
14243
750460
592474
63711
977186
41643
383614
991429
198405
73297
709117
470776
71874
664607
349850
581397
293460
836220
192198
829802
317709
724458
256539
978821
342469
964065
527367
945721
831055
592213
540597
129996
971626
293484
97334
297448
965508
480352
408456
693564
867555
965932
39156
764748
254355
302795
332393
173844
649735
689142
486897
361091
720433
778103
620111
782125
199878
892817
100103
530382
603746
587890
937720
339756
238099
481326
158043
10300
535812
889025
658469
6686
711683
829771
148787
173620
126821
216084
725507
521579
276829
381089
174024
783673
777338
617575
262963
838160
851300
219139
50547
138296
775768
649830
618712
352087
987331
523964
179499
423387
139289
763074
645924
589745
924523
328095
492067
110668
823210
426889
978340
741516
130178
994849
584916
629880
228656
831779
427659
199035
18464
419158
286915
647091
592083
67877
798628
144842
749237
102422
9366
709312
829707
383238
210672
543164
116684
67924
787779
976852
732080
649843
176944
165612
903283
515981
910334
417696
6609
52035
327922
703599
134375
76981
246186
344857
407111
944483
835880
268301
146982
241094
995871
309787
962491
385702
799640
729128
839845
326054
808454
707699
818493
962354
928996
422383
618141
34034
997954
246971
425914
81558
581953
591640
678897
49720
543852
560782
3144
696086
133926
24074
687243
503071
404823
997321
680926
444773
385917
452100
771557
764909
52898
8679
588596
340123
524139
843400
223973
397130
55495
28520
18452
512596
427764
958832
676638
286196
452386
484028
739798
855904
710679
308018
632827
563264
620872
71624
898953
809197
178934
930334
830125
652935
50370
362280
397473
501398
947263
275916
810925
407612
233896
720313
325836
588245
156589
475833
883452
910033
274115
817812
611566
428405
641890
998421
15525
8245
600076
430206
526084
422397
47861
235295
628832
4361
337355
259771
248349
371613
574550
46185
190499
944094
562961
26892
402336
826552
622930
945242
95151
360018
840718
102823
898262
786209
403955
304452
369380
957072
542270
254662
371793
506990
758577
827370
759054
555960
586921
181458
788525
759474
159213
583364
437820
191278
343417
939982
712630
949208
326432
275548
269758
601513
173681
194120
742217
165671
226174
593507
202171
830362
108297
124531
213417
634202
728377
358954
556728
381734
47801
645242
931446
736636
424251
532252
360936
189944
735475
46658
762977
229646
478654
837797
892262
708699
837481
394130
343795
168732
92357
351526
618555
120406
878400
448271
219894
82405
944778
331596
162335
902927
267459
888643
321614
148910
890995
309577
69694
257513
771426
529070
406906
148489
549857
573516
158437
539112
377739
362703
834565
464888
165963
778552
930304
502251
785119
661847
893743
78971
759834
422416
206278
365550
889233
790187
377569
860200
149079
764329
954563
985302
167369
681133
1464
47154
211528
425676
895526
537352
511038
153358
815509
103219
641872
450522
42892
920781
812711
964188
724647
446094
426077
624458
560646
926167
251091
766930
553534
828066
574677
490181
317396
723544
241550
147809
349186
627468
200509
279152
800057
110302
605205
293277
658863
458360
620869
317214
712319
685163
90606
616993
644878
864555
484273
255480
909556
170128
900992
925469
671040
844251
322691
3470
713160
727761
87449
762776
143319
703060
610893
394964
551034
316663
204240
967136
762043
485743
391504
58556
112362
640726
488980
237040
32424
550864
131391
408984
53712
33939
801443
258275
148303
880493
383050
375787
620493
986796
488119
186444
402079
764026
600018
122293
699545
696260
459311
131834
85988
648650
603860
112650
298583
787999
884677
869290
229216
936037
570642
716981
801960
757599
425225
867294
815387
570498
496959
224091
929033
14030
37496
265081
473946
169168
764040
874519
506483
535619
766774
336101
834788
341606
483986
463094
552334
322107
835680
222109
772779
862778
388469
163382
762429
128251
695266
921170
3915
384232
565403
213411
334055
293398
294552
248243
935020
695626
619652
786259
439793
4590
629287
609511
317215
273396
245849
14002
983951
346540
383777
354741
610230
987368
619577
213877
791339
18250
544176
989062
182126
436366
42800
244012
145729
945718
341911
16285
179841
941244
864529
588518
227586
843471
725977
653507
100669
721652
410283
136430
941281
565273
443040
873437
731960
612146
657209
256402
367211
215807
58771
130664
199706
384128
986485
862691
611873
702525
12827
995567
726149
436019
639530
245140
841657
891198
160242
457434
405675
281818
947083
451988
532211
829617
607858
155533
320436
790055
842960
281343
754360
270590
19856
519755
109487
809488
727015
215861
691428
381563
394171
709840
465029
34183
206562
234043
918037
238128
933839
113590
882562
394719
509394
590141
432731
825695
729544
381232
592773
946995
743289
128257
648042
725666
747573
946343
863496
676393
351161
149867
181459
81144
251260
249252
551355
52096
457563
307601
866620
709593
671852
286534
956835
374454
841857
608694
650561
176991
587028
754305
992547
478214
14611
117785
860335
296875
81407
976487
154978
734025
404894
512805
819029
380086
345979
158872
256292
252361
868924
52419
949173
63831
192640
97482
730668
927966
697563
669904
787967
401117
966068
481848
457635
144353
963990
1735
136815
481406
278570
685277
703566
184533
466300
469791
678378
997187
618805
174824
998452
137396
965803
592424
68193
268419
852398
119103
928881
922970
203411
929446
178938
864430
220397
911432
551330
674431
822830
83312
471266
387392
113183
401621
845428
458510
479236
248889
843410
709602
430143
160367
565218
691114
161750
68858
657002
295182
41963
512665
365305
621872
315232
619294
835886
688005
127868
622858
570215
914215
762266
640498
521301
309902
766996
161344
491339
659402
416601
519009
565135
385455
862420
999666
224335
368002
423424
198619
413948
669596
448001
857151
796583
287357
302751
47922
909
317027
681018
8752
717012
189064
742297
887596
399193
336457
727684
361615
444529
235432
894112
142967
53522
186669
453492
871319
594364
686378
133305
903912
189421
276245
188881
384785
589131
692306
49255
446281
21348
207053
431301
802223
489774
239548
317434
769142
588244
934363
872853
408092
739747
379892
451488
845452
596033
957298
545751
224850
975360
574132
341592
673128
161041
592347
730210
580084
302932
737706
97448
514046
32829
71433
560127
343329
695191
200990
33144
986668
281915
960392
88182
229910
194344
119330
342025
179073
200328
892515
754016
819446
762081
578404
409794
31764
39378
923813
840521
947833
908119
646723
276244
137599
276820
578684
981301
331806
859441
280324
278973
811718
693341
935391
81677
515338
281349
796577
258878
872000
61324
772420
482959
147018
238468
765541
889988
70817
752867
729477
745273
415870
751013
921894
178114
319469
395364
510385
198082
403833
992135
596176
75750
792077
127263
98815
284568
285411
850288
315051
261268
93705
647728
627420
169401
551626
480775
750644
300130
830173
186407
960429
989469
95935
45568
171397
411522
248731
232783
511438
29044
442300
772891
619876
159464
668859
117544
330484
28645
232238
913659
268041
350232
980215
648745
608359
329047
322253
690340
204970
967477
440770
790708
656688
141159
574326
50281
619838
880599
864705
316200
603760
927851
760136
625450
479746
817513
618417
766463
191093
795260
471386
914505
661643
2416
674921
983643
231938
906038
748568
85036
320162
915191
137369
638667
80641
542687
984118
969108
866977
469515
481382
895325
172055
33658
484156
744161
754373
126860
120643
246964
641748
493948
867231
72961
800743
370208
603017
940996
898508
199689
647588
572123
660938
247309
440866
689754
391188
862188
507940
123181
83150
485149
13172
565067
818915
544777
453855
415292
59503
940620
11464
764683
718334
156372
64515
623832
84000
156737
474620
156319
759807
882365
309294
643474
372372
714431
825435
507117
270910
243584
605835
744476
603290
478726
95021
539317
123811
126679
634603
780788
364939
769111
987307
853279
966351
217481
652541
775491
966861
6602
505930
822949
967777
92477
47129
251673
121369
147842
636263
21897
125822
50884
873233
522018
720583
942017
89880
354285
194347
209195
624139
240705
744988
633442
43336
187970
60615
71381
967031
145280
575434
63371
671084
499298
737282
691210
118265
979534
126967
684649
830409
931653
668225
107347
119171
21798
863291
932747
291509
335983
946678
255925
899161
922450
654652
849986
699094
82094
39064
377630
414391
268892
630758
391737
676606
402780
258246
717651
806659
181186
32005
486032
800586
554268
762380
658519
470069
514458
39115
216943
397089
361420
64750
413623
279086
747438
545730
924609
906281
618137
441417
118883
231238
618247
40459
374960
920073
160192
674777
231112
458682
386092
202539
474166
820844
67243
143587
562727
391611
925304
166377
938886
827761
852264
522690
992342
336881
132439
12981
162291
372546
804464
257834
920593
590378
690183
148934
335090
935467
653318
328980
544482
229453
6873
647639
626651
348967
633138
84309
515455
220908
393535
58282
528626
303851
995491
182893
87044
567443
629392
495665
682189
765805
484016
393934
350013
934820
931351
455954
66916
809838
11803
398353
417967
776840
44805
746434
703675
792859
780430
37526
262995
158089
718223
202098
940733
401720
944953
128326
110155
516351
625673
270544
446412
302092
31538
624421
563195
789653
270377
7675
656416
571854
495228
198800
370539
488501
888189
227105
502960
971957
512869
917657
331366
677399
502499
516982
525135
346216
887306
216568
281108
326307
988316
62008
653836
418433
581353
337661
152565
233190
712940
186413
902745
666617
707081
305966
172632
833106
747831
792085
42439
840958
508773
214139
272930
854268
352980
851806
454860
893259
584263
837912
447411
557999
856807
148411
345969
276412
446074
510915
100315
68660
751466
374341
971714
831752
905431
279132
464417
70981
279561
681859
38367
43892
997200
56027
445694
10678
506948
767847
291384
279808
457012
812627
698927
150896
806889
894859
449507
782971
997462
502643
829041
297385
254043
381255
561158
336669
710799
603631
884374
565817
465185
318416
449128
580660
365346
875036
161819
158318
969414
92496
923612
212152
144371
604482
727919
310542
951128
394845
623907
154706
937906
445015
647120
430202
635652
503481
685407
182638
562277
519489
907100
279953
83591
495143
534699
820361
292758
217949
470088
413954
246463
350001
983181
550720
448492
596462
691502
393539
60349
296958
585586
882569
613627
205474
464880
148744
715516
318282
311422
270619
222557
707390
772299
290009
559618
382959
77921
464794
808281
820709
805522
672245
71731
716864
15009
283620
281521
234037
228475
763057
583567
627720
387418
944179
454184
731607
129529
603184
402166
47470
511683
412160
180057
990497
767030
416471
916069
486307
462937
362757
556469
973109
6640
822636
31117
620171
890846
352165
552173
480136
230719
893491
957511
280761
289886
712741
621224
895034
436140
534692
178266
307885
828328
539493
145476
456519
416769
620955
282558
595236
514208
46709
727082
45093
984966
101872
152147
14404
944282
360268
629354
430074
717109
700757
761496
153835
221231
268877
95069
500800
435424
827009
679938
813920
465080
866327
621369
527335
762931
737575
230903
14951
259911
401380
498080
354265
774140
390633
748032
666799
328037
850611
613258
739015
701281
350643
380854
40704
182651
798183
251194
44449
195899
189351
443689
718042
61236
542083
756405
232006
523212
771842
816158
917459
99290
149742
611826
801571
229740
896795
611994
931621
434359
40897
525403
84209
948976
215717
464518
309528
808599
586740
265213
878525
185552
86387
932035
357854
119558
996080
882388
47111
615165
655027
802744
822627
114775
864052
253808
867613
973949
969194
203681
498060
762834
324935
438284
376852
908190
661643
923515
594874
399340
942151
876851
100127
554183
766870
893526
983392
946278
122155
303456
818704
962733
454210
488339
687367
406128
53274
547561
508077
895953
290446
23121
945838
648730
242699
942154
52724
775284
207198
487034
253207
609982
45678
442901
894154
13053
906156
267335
865963
204724
779210
695335
354091
801750
383433
460592
704469
608430
308393
410766
849180
89485
654089
63957
170755
902390
93973
172085
261613
555550
148572
416341
411083
779628
242288
337057
704613
977554
992464
640213
424866
472880
630874
998904
101746
363432
942707
111499
895814
170884
548316
790576
743662
887954
793497
963644
28082
648459
635023
452124
650681
517412
915211
928907
344819
217688
601770
851616
38029
427858
517202
742300
45087
711897
326541
231260
84056
480510
256174
307232
913474
739119
169395
474059
425242
324788
199985
131834
759283
515297
754455
627814
154521
42614
439043
751699
487803
332356
300334
441902
666777
751330
662669
366288
207895
438409
428859
642238
91416
651492
602912
529426
418877
656535
412016
559376
813612
299296
880495
194334
482398
397318
914958
338376
804753
676372
174627
763476
966334
437942
686548
776751
436347
986402
423203
305930
710984
68955
140643
278066
415480
793781
868805
911102
545947
237067
735820
784338
861309
838063
430770
484282
151982
295852
710502
997181
352117
92079
970523
898661
566528
55429
568152
571505
680009
954889
109793
828236
494338
245785
42548
554032
365515
755828
322020
986725
968610
509804
668173
777512
274252
23206
142751
518907
644665
320753
185560
30500
51869
373665
470506
472759
437655
723463
55256
693805
713785
119684
262138
276666
332887
188867
860316
482299
309758
450362
68958
553499
150663
799678
903037
189546
712948
414571
839935
99482
276863
441186
136243
4688
541037
507984
176976
879054
458415
284182
636854
696171
516111
404604
198242
612102
833126
99485
290697
915585
581121
238247
195623
152439
327740
168163
72783
899774
476206
712210
779543
536944
434721
798243
684542
250064
693416
54600
693218
397036
778258
51152
451730
23160
293378
450051
206469
222998
424124
790989
289621
360293
43855
443110
638235
398656
324099
580451
490800
99225
392581
517019
69653
351994
546045
457388
578974
901748
583153
803554
776282
188712
614925
141170
86128
33967
152706
676784
974481
827647
820262
524944
820132
719270
129338
233666
731192
926296
130527
967187
138184
300899
742120
495195
172458
867206
294034
5774
358184
998573
477910
31539
937855
769225
6512
682701
967013
508134
185381
747208
11315
295393
632273
904119
50513
844957
974208
869220
446669
771580
247777
597872
926692
581406
824993
782239
508559
866758
627604
543760
661650
955223
385428
297048
627401
709753
107441
78266
530377
468121
576711
834932
309477
662569
790187
786553
217474
383423
178796
42747
219952
449351
940242
107953
387396
322036
993365
791653
755081
111211
632795
686626
946029
882528
980479
603648
868363
158236
741118
295890
254336
686876
783385
6299
788920
668144
994103
2336
444164
620001
959959
809739
41561
254909
150702
947238
901748
358373
380581
661732
806110
719310
174569
513637
812651
275043
317953
625702
632734
188454
396082
37736
387132
183171
385008
183490
621785
510315
905035
165099
588107
690984
46664
571475
836073
495488
7830
712772
724397
803459
30437
273216
496188
772251
149263
27550
797512
89170
155976
458686
50421
286520
877573
463412
824491
784379
764266
358495
757426
225271
427722
43330
846849
435668
822982
937921
126566
885262
33175
845102
451329
112301
119031
200127
977122
150601
303187
208295
635614
124053
38050
667513
371312
902259
318576
214360
24687
683478
206350
968341
788039
584194
225
816205
318292
189808
250987
783619
120831
70969
596989
463050
567126
385101
568976
882797
920894
331401
656477
982666
508330
298879
600703
311843
363489
35830
648028
511962
46197
11449
81397
292684
89261
60614
239012
429860
912670
643865
868988
433143
729793
254056
748726
405580
917314
115753
948585
709183
518580
899243
790839
869244
124885
716899
819017
971287
366774
309351
50571
501259
701808
640265
773343
864493
880989
539180
227911
18591
199313
741493
598014
489535
137434
442323
442366
643022
231418
235715
529434
417301
192265
713775
215840
732403
305546
628609
478272
883448
401411
754071
445085
464214
964095
725799
344527
686612
995140
245314
914867
203039
688116
643187
626932
3265
248578
60037
910347
278653
794482
944400
783721
179899
76294
263864
882691
620056
100969
117002
287557
321378
301513
763737
82848
646924
608378
851686
282258
635982
805032
846806
465736
935332
816541
778539
124810
697060
724936
582020
82718
579982
688357
93412
642630
189728
721512
110126
241010
34924
36895
42806
660951
381751
833273
315115
259396
716833
941108
523744
981291
559990
278832
337900
949074
795383
949231
625065
489037
582196
79373
571743
768846
972962
803577
572041
14545
668377
609636
396022
71525
835641
694484
280029
15397
865901
910437
442105
913038
308336
411360
1581
452421
687931
307886
116296
836482
917442
284187
493716
396805
790156
769149
390191
370749
799437
490570
118467
898416
871682
100098
112275
206909
752473
661234
383035
582161
800135
376636
916310
355116
827420
468879
589100
36218
721428
396334
176726
376469
860806
974340
609816
831584
198546
142538
377424
8836
819687
501085
904194
330332
551913
976592
533699
684107
88443
783916
520885
585315
581029
731375
522890
804271
476687
511406
994114
318854
461967
730158
147810
972012
391584
195708
972993
94328
301755
280192
443439
952794
586709
788160
130849
38789
373373
430256
933234
285624
80771
128322
672907
204202
578009
607569
937447
572129
134324
873563
51286
470710
896956
772238
144267
158347
685142
428049
344175
472351
665715
988382
201667
804702
957845
191180
431468
40426
765440
644120
708424
555747
845122
112800
591684
990326
532037
245213
322673
209497
680719
166864
420020
229763
246515
844218
711594
662066
645158
475785
290637
299064
930662
47199
114070
989279
236653
126183
640863
563763
555096
698177
158820
424952
387174
612784
667095
361011
255594
82900
462088
930364
529635
883615
352006
125727
607857
596392
925763
950457
909322
729207
729423
199697
215932
484010
53273
752149
739244
126872
857370
995997
754911
904245
468718
874802
351461
776790
239574
700709
891499
410362
750455
668674
649174
477145
893538
939963
987557
987264
969555
127218
356311
298344
868996
114727
572201
416475
690006
497544
740464
361740
739710
925537
273078
384794
797706
343838
606843
450569
700466
326658
410944
656661
660644
123057
602023
150193
161908
79884
954224
54367
117123
528528
243893
777271
81717
820820
242743
752408
67449
46792
981867
896777
940202
758252
145466
709099
156156
319660
239187
761420
427181
953355
265641
379826
738171
662794
838347
436134
625383
351890
340218
110784
602468
168760
713125
856847
18527
291744
885263
222491
853049
713901
280146
414322
630087
607737
954297
550957
857031
826687
373507
709011
236327
515713
376102
758315
318745
723485
754488
50118
401241
862794
224485
714557
793075
34365
705331
667328
388105
266756
701533
336841
974792
516367
902071
356059
852622
576756
797043
728231
611423
306343
302992
760434
296259
122730
277220
576871
913191
571578
168487
926192
775922
568033
624800
981160
349503
455054
152252
692021
812058
617560
690153
974376
311768
358484
212188
434208
667502
576438
875379
713262
170491
538377
674913
785591
230423
684152
851343
905609
600431
481978
153989
355652
206291
265506
201834
616055
889542
858551
13517
336091
649741
734275
251093
447707
611914
392010
614523
49602
917170
456251
591877
921634
383016
786246
161095
500362
636081
219172
908568
590704
726144
222296
158270
97129
183900
943225
24177
684967
735178
224796
562510
282656
55899
278901
495600
765485
278209
641341
448648
485957
922909
990381
667822
423828
878824
866211
574049
87717
532529
94706
308424
161632
493851
28610
672675
909390
905969
824835
316604
985986
334109
524628
873892
720964
615389
75785
676864
871843
568462
490187
918372
164490
641721
829395
489966
651290
742807
57780
13709
839986
424065
992870
831384
861440
297993
647998
976966
662008
449954
767288
592844
895675
703125
653347
763236
682487
744106
332164
314859
819480
65976
153363
406066
130665
554060
388155
510798
715537
743635
445351
48090
43567
381003
488721
207511
94111
207388
432477
844489
50840
1597
181036
266614
798714
114541
740381
706774
73132
828589
721579
923552
41960
908700
121153
425221
121666
241303
586389
251576
243372
1658
976092
455018
624393
551249
454984
830047
770983
417299
5623
826681
193072
768428
140612
538928
365285
295247
745810
439451
626344
136677
956943
767174
317796
903949
394217
42435
742397
119609
832783
935544
148982
537846
664157
576546
259376
261168
800405
966250
230727
573081
248543
185865
724885
229001
938186
421178
294283
336241
615916
253188
396653
170691
815219
532469
842085
303767
531018
999166
443287
834964
593989
575916
987066
112000
695275
35933
486629
777189
731553
762998
497591
910320
893576
627444
679232
272925
715077
10919
869228
585690
20833
810339
588038
835033
807348
237623
751998
964685
686666
201703
402809
912053
704193
932293
912110
106334
553235
774600
584523
381177
655235
311716
188629
781066
267972
488080
697665
431126
809330
453385
867554
257305
269231
410764
665248
684534
421446
100312
841450
923426
682559
94085
351051
930452
822542
114140
491069
310033
37810
588961
646972
407889
399858
48387
691736
475479
869970
568124
895720
57336
650065
503491
185500
768259
130772
942021
816153
919913
563478
372722
638988
716233
16313
320089
302005
894648
684216
568933
553486
441807
790746
259826
472781
476500
861353
94803
485301
377174
663435
980416
532222
814817
254854
23879
997442
203642
807493
389677
240217
548200
406568
837175
515757
372560
83782
365969
931051
721996
190175
898100
50404
954689
576354
4618
96871
526618
342636
73820
362712
502670
5006
388363
994316
513411
240129
40705
187836
661839
108017
211569
564125
241420
910049
684489
578542
817231
937459
395183
288569
926426
237652
614198
98177
339684
16998
526890
384885
240648
7898
782306
799795
350557
616322
974418
11844
973760
442129
948190
529988
723827
862719
892193
91276
509950
913695
119252
707329
831433
337834
84190
850778
387096
364676
968724
590755
351348
859883
14329
530505
538836
370363
425434
182382
725365
136798
245263
962486
451483
645824
53122
716297
913383
936815
619866
791657
846837
768699
116732
199334
572007
182228
367485
349468
117154
462617
51317
597962
840939
6678
495004
632209
802414
374665
784256
26544
55282
611785
343468
138711
854984
742799
224915
198446
580974
664270
283429
369842
599267
742906
806661
637008
775784
593262
304177
261224
729654
579666
278685
449892
911007
740192
48391
81048
471088
445151
842518
2536
117837
416954
157430
329495
374109
102161
605890
281144
248226
462474
465769
898261
995638
411568
494362
479835
436378
958311
767161
488037
410617
464924
16600
798223
598267
19468
157235
382754
720449
335654
785370
844686
222727
741831
936873
864731
6900
183124
399616
397960
133703
523720
625584
38452
82619
881108
900016
25726
826209
603510
937669
555887
965697
745158
666920
530467
839690
962618
98556
289156
885436
562449
364082
319570
205372
45101
778912
695765
513352
998086
28361
205594
233208
355643
158204
400652
2761
829670
943351
350988
230094
253153
851825
431899
994501
700382
521908
277862
855651
206889
767550
67062
201111
82016
203546
443484
668123
728861
140806
910064
321758
601515
27411
900161
784646
509032
975198
282426
973184
572243
911086
900950
69002
324297
89843
793782
112042
322216
433838
268267
581931
254710
837980
334003
923701
11749
303830
791418
127265
856836
843408
40612
493125
991105
308919
197941
303182
286594
764581
639675
284796
201880
893167
475728
142244
771099
806971
138298
903986
112437
395933
710891
73293
925486
32930
845853
257714
702471
889434
559088
983842
826650
501687
251208
2881
908849
188884
848386
742306
695931
425188
444214
785937
450799
769939
782159
982965
18060
88264
814318
477336
492777
118083
579412
925593
823422
599378
839766
989749
612743
296032
942582
869101
800730
842043
682155
911369
884124
900891
513336
581447
979249
796768
195966
276533
394298
840680
636135
222627
817154
179008
830334
543896
753165
544931
221021
724109
386410
555106
540606
382592
162300
831409
550849
104288
101237
14921
914937
238736
387565
83527
924680
110403
501395
418680
653472
859288
193057
848745
862805
354810
928486
677195
621067
866281
748966
735190
198452
380668
367371
967662
228523
498464
359808
316000
350971
103590
770727
93023
309267
281296
88855
758317
686341
713756
199882
346117
189048
650323
590842
792191
10537
963530
408756
326181
315278
249675
641036
605883
502572
679274
890008
399744
886204
379714
745008
499427
541313
383552
964158
199998
52870
234696
712385
967491
562794
834358
172444
467186
684801
422606
736171
722812
178445
833027
743173
264044
992134
372043
387827
375485
922629
380145
342738
841588
608403
279351
387910
294644
115100
422322
249512
677050
61558
608075
1845
6229
245616
670631
719020
468163
389869
647450
756207
859691
503100
983450
922719
109131
833112
49203
309135
504877
273449
65136
940114
911476
101520
789001
763720
770700
41399
561714
48652
545681
657360
85189
518125
109040
453488
698793
275934
547662
894379
708997
313197
917564
640140
655088
467952
63007
901565
173453
966892
230226
972890
334670
396899
636041
319266
66034
18554
976548
204030
500581
965243
228488
444459
850734
980194
687945
986870
343438
822319
337837
178788
396130
567340
133877
535110
295012
57321
934635
325918
587569
605246
359251
722246
661188
144857
906288
193359
953343
500240
671015
622435
157926
912047
936165
297607
349139
322998
351978
324426
187595
906254
96693
988820
446430
755588
473090
772889
938590
381249
249639
379369
641905
856285
562060
361309
646540
849235
413136
630517
869737
49390
215349
634332
825911
405187
776485
708049
793726
444124
196248
971339
353633
122895
826040
357419
896356
884314
499528
79466
325689
306293
919527
659613
642891
700887
756544
660071
392598
511500
913204
440074
302158
984979
76109
614481
420394
58159
818150
394820
223486
222794
904365
897283
640177
588993
482086
521632
577486
485543
540484
675550
483485
189636
843849
75559
451712
21441
113094
677217
445210
198099
790186
302364
912923
956664
651870
302910
410588
835654
700299
27232
347238
46218
795852
9966
419417
799393
296471
811158
456839
882126
823354
118164
963463
893223
996044
151594
233952
731628
877739
146866
261488
28036
673849
743463
827248
630004
567209
472011
527253
550229
295011
930967
953155
331430
805637
52998
720468
379060
176346
729183
253224
966478
929574
413766
57579
45828
979700
879538
908990
718315
238776
728759
668932
119484
131893
367384
157350
766929
624237
777809
730983
948530
652864
666183
263302
184185
309992
138591
827793
815787
771297
360467
606877
439904
906048
70226
896664
323864
191264
400424
294942
335406
468442
409031
252892
623842
764249
571188
787927
464939
907331
560103
292106
810857
596569
321882
801112
152316
281422
758747
861385
420629
421627
960352
239545
418018
127677
68208
577905
551921
148965
672271
274794
149583
55195
786646
854722
701525
160328
275092
716969
299480
788362
257445
484578
273764
173349
318209
511895
724205
525008
713022
351826
574760
190002
626454
45369
144079
402538
143887
71841
391193
269751
397282
691661
644658
14231
913353
741047
494981
489149
636519
413704
395114
768303
846017
521428
476722
71051
419713
785936
712045
37611
765546
49807
841489
129440
487760
587851
808501
887271
525314
496008
385910
166236
581785
914243
740890
418045
206651
28010
452489
197537
799435
996108
548120
875459
971799
732185
983371
333655
186021
856872
590044
552299
619204
338129
59086
947868
5174
809092
345981
618174
408418
581722
64001
171158
11613
640539
736116
838735
617515
664145
73999
562136
715209
972934
760022
833627
910079
503000
435763
750019
355644
490735
529013
750597
260295
900239
974682
29398
304055
370724
172280
343488
672123
493871
741137
536922
630931
454537
309509
413270
717659
989612
153770
61925
534418
121041
452007
730509
212647
531167
799041
854906
791988
572868
837996
226693
400893
120283
171040
301026
409351
317180
578018
428056
81524
210837
75490
572670
841657
384051
331680
736215
661653
799169
349799
757202
767604
918692
76695
278254
842337
753552
747161
336975
923274
673152
527602
651816
118987
718323
787450
851454
864390
516382
41533
507840
978343
780886
3248
236348
72596
500741
742371
704472
678337
583250
112030
594960
92934
252457
120410
280613
505036
254291
95883
373290
608924
392530
852976
174555
838109
263359
6041
650060
53383
955303
432385
353381
935901
455517
747200
893058
826023
579286
715449
421
529601
157200
186410
350692
269967
669243
816969
41506
321754
279052
422193
420061
331848
578608
251091
697977
566856
816495
896064
207789
738335
630341
696781
342615
118456
633691
783439
562692
218811
405826
781673
937221
547980
364851
558038
383832
389317
1331
219877
354631
104014
163252
511330
591072
400603
419078
674642
92183
33750
378316
509581
488186
432763
65850
197539
419664
217165
46377
165801
932989
467384
198319
936332
86234
848438
37653
401290
787484
252985
382682
975361
926114
778100
194521
4778
546247
299803
307669
125544
473402
517170
871893
57497
47829
805037
173797
680778
708199
741947
358800
117912
350389
962975
374396
517905
120065
442097
101197
340545
236184
438762
115983
458568
592533
240418
199930
173757
370586
922376
92508
169382
826306
347146
109138
650561
982271
305061
392799
319801
453079
751024
509776
574018
966553
910349
509612
183685
298576
154641
359299
435502
855843
706449
369052
21958
61740
633888
234312
499956
60168
568833
973959
822568
182916
478569
876150
568369
156292
814398
264539
149250
673330
46064
659545
928625
644809
508217
494246
471753
418724
310046
637476
984014
313070
305746
499615
610200
521211
198968
615103
132500
975560
879528
928395
433147
596775
191019
828288
222465
925170
374235
145683
816331
744126
412493
33285
689345
332465
631554
418513
675865
97231
373637
251077
225922
466270
543849
957169
163821
486895
450151
714224
256761
248246
29167
835556
611234
643047
538377
304483
463158
983883
492936
304420
482207
268643
490439
912445
846918
592249
916695
778995
408555
236572
607406
550488
255127
487130
947686
995856
297134
728047
277846
50321
445945
359363
927434
435455
699636
450958
195963
704993
530297
138505
830460
344295
648279
95917
617916
801202
304373
809086
88854
341633
289006
510718
351530
881872
619154
375022
692054
116839
898994
968747
974410
171297
556181
404647
844994
667650
381770
425457
255846
117857
682733
39281
789742
167255
747954
877247
948569
178400
377158
529056
922469
907646
450272
881065
245659
124401
835057
362087
8990
915015
862222
973126
344664
938353
827911
642121
54775
900419
833151
717461
830904
105013
154394
356843
53796
231910
705975
541581
797445
7533
29521
197472
881339
216282
839141
52041
607721
136175
875045
493401
133793
644074
11682
10865
507308
587995
976247
268274
703746
982695
236206
48015
830372
86564
643188
321347
984597
254605
761412
649286
343389
894704
992921
151937
54480
133639
215029
620124
402901
814069
826119
792610
802045
508907
168964
900138
728312
475932
734255
563474
726222
823544
589213
179942
31296
207578
600871
869345
637454
746666
311968
612151
427852
583153
832262
835929
650105
256673
978423
304774
494799
276407
354237
161855
269862
134822
313267
245968
322807
326079
392827
664500
942647
212635
29542
996772
853381
802467
797053
631598
90000
479296
488690
299106
558720
534696
529874
847962
817274
941266
477711
904552
846344
460144
681623
949923
140595
352763
669334
202110
13214
301853
13273
491176
155410
101152
181559
548656
411581
713447
779609
748084
601184
516081
668637
703608
758594
723024
145633
776459
532860
313790
810231
428079
324832
341439
253398
664513
867009
630157
152017
380705
134830
290607
397034
600553
961524
478321
557719
604909
444513
101413
896870
238160
501825
289917
797500
919536
103970
260957
33807
263600
866222
360521
858525
210001
553753
388321
285410
93172
88744
5651
158156
472712
590695
170612
13460
921231
530784
691903
455598
499683
864992
914567
490732
371064
507883
399377
554743
233882
265430
870100
302660
20406
103278
914276
80185
294951
446078
46008
490532
282621
825677
666655
885650
66248
599884
890390
898702
29690
841028
708575
46800
171951
156211
421308
456369
343177
843265
129895
299127
91797
619269
547898
597288
584762
915425
720704
77030
735294
796148
813808
101011
204510
557669
320602
855361
807490
1608
496141
575806
518274
60467
547328
421968
434945
664942
815951
870387
217301
905311
12077
846390
396644
967450
977976
351381
713931
191000
319406
297172
407277
114260
150390
55326
601958
44548
379447
505951
773053
531989
347577
769969
121174
628093
473359
19277
418067
956209
424735
463535
851861
983667
702618
601369
175221
879929
414279
927628
558480
952888
97816
472275
291151
524287
740642
140338
622415
956840
71920
599034
75648
657126
817699
101824
931239
486819
119337
557605
364524
139716
576223
747186
910102
96202
150078
642045
257497
862108
842655
322303
880423
241824
548130
36267
987764
692954
191403
819628
958362
49548
134679
491722
921746
205175
93271
712446
294154
293488
736805
229214
871848
492744
928558
960211
926426
236
715497
189417
714515
977267
812673
795699
632949
25034
418903
992621
89072
169877
909655
628139
131404
490591
417584
981281
813233
862957
490435
937649
446641
968810
331921
442081
954391
91376
993967
658992
800802
279608
161316
952530
93848
214312
833699
683815
456731
477657
521347
531349
774940
88115
699590
982515
601773
263482
876201
564309
685117
114271
661181
110156
190033
930161
81090
685351
498526
604188
774765
645362
537125
578255
925367
68297
869514
685068
86833
608904
656560
764337
577484
237769
662143
292999
621220
291063
601808
71799
292751
955189
226257
920376
357832
815738
679761
997242
187161
722429
603272
148
184851
725529
46328
869294
636213
119504
165541
396286
397844
774606
907966
439035
91874
409928
713628
207792
696200
123183
110552
188759
700503
6093
125386
952418
733222
906343
547990
205446
737692
419474
983493
575615
558832
587972
546940
863915
604704
605155
637360
543061
66615
319949
413479
186887
426759
705657
695980
769784
785041
940593
381858
781641
369779
611613
561736
297707
152061
672026
312873
374453
573177
907744
397262
169801
288970
336428
411318
702652
646614
612856
520490
31226
455580
302024
550922
948154
726196
263155
11067
84742
963824
696688
490780
253920
322642
716336
444513
514019
111737
293994
951282
583555
702580
521024
451788
888858
745522
707253
579761
502866
614042
621243
579199
611506
246671
484607
907665
807717
150413
625686
644584
977014
2492
435674
430142
682343
925191
956550
589438
933104
331714
21279
741270
824660
518426
657987
114509
911485
988203
972114
430426
831698
493793
459399
821918
930373
811264
379292
701700
701676
125836
413632
466653
792138
691275
142577
506972
661714
627352
572793
488399
608952
854465
841153
837421
585043
949941
670637
964306
722294
36693
161207
277236
685497
562396
499493
304738
50849
251441
772767
500578
485377
45103
121870
130290
280264
990403
113611
911454
249463
709989
32384
927047
540414
823961
490384
482190
99812
39142
453812
250074
667721
577421
590859
197065
119631
967700
211028
329150
252638
825315
695135
17771
466920
674309
875831
31925
979901
342950
929448
863363
108992
415541
132965
167871
47229
448012
483810
569266
441861
379846
6262
795120
353820
440908
819231
896456
116248
698239
755145
247857
49338
11994
38881
59219
711454
208010
561492
569927
584253
246003
886912
71588
570436
600513
237957
448633
732666
171767
653903
264735
907756
608452
346830
10987
923499
307771
27582
326763
580346
633495
769271
302000
495257
222125
593505
766908
444236
482376
464139
539338
283159
511437
588785
186379
740144
806273
748924
931726
408723
900869
506303
769100
694591
301161
966771
160513
998887
194337
298149
651404
692124
961111
648589
319002
368396
45321
439370
674681
638897
710597
487923
182749
819999
843424
779954
610886
167021
191796
67482
452889
369636
613604
160920
179830
199726
78818
547061
894779
477077
591531
534010
681012
768085
468034
613465
544198
268771
565029
489501
253117
795367
218942
531880
143190
936234
321653
673249
666210
576025
13895
86131
816053
555151
652114
563874
553341
84354
810059
963319
516115
419279
418921
268663
972061
975240
401102
227451
963886
935122
849225
904772
567974
262153
110010
129542
228035
155164
990372
324995
130250
299367
269392
237649
947296
639945
685728
561751
509787
818939
593929
652702
521373
8051
819401
51451
742210
148361
796993
541171
877358
222215
695823
302612
322820
926383
327291
180968
438191
993190
175183
930635
37462
830628
848635
812420
839693
381513
185796
73463
215963
446303
315668
396420
672232
198791
743809
465064
866747
791894
463371
411149
220668
808330
534455
194170
676006
98280
933943
721106
555706
472155
196616
942751
890257
910734
555260
192282
585086
110651
935931
349150
7936
105229
476591
733887
882519
776472
728228
255917
18706
111752
311854
472365
192635
228935
370938
121744
103115
132987
717653
563842
69605
124749
468449
742541
963763
327626
857698
752633
232564
443651
780929
813279
350251
483848
520567
140672
49133
573019
756022
241682
401388
725934
700407
419080
911531
889462
390223
612695
955006
790346
945844
212285
641282
806277
352652
528417
293170
913015
622933
389704
118919
144388
465187
674191
762614
823019
691558
839169
494791
884694
324259
846281
370507
322161
665455
28722
201503
154322
581809
76930
792775
753914
577562
108609
67167
427462
73746
127909
256551
441923
523248
853780
281951
469753
816539
399705
404373
887099
635942
822569
583340
468542
993969
293885
714863
77005
648705
417971
788432
275844
15008
345848
849052
773876
558896
365424
64502
722451
220594
271137
792309
989483
201059
890392
117298
819444
915201
247034
522728
304484
118507
864439
575583
572497
102106
137095
630199
436316
290664
279180
217066
494528
465996
238597
267300
280564
528234
504778
263515
822429
917787
938802
756376
151193
556711
230530
920405
148775
954687
284497
995343
765373
254600
844838
682009
776709
689957
284256
991738
385785
621340
236776
594194
890855
120043
766951
935944
389951
879651
191292
350158
768400
572264
587757
299146
252304
944953
591210
51856
844820
654579
496013
884441
979446
874472
393741
500680
475631
642079
365965
214014
243715
185392
891251
998222
665991
577073
97388
632202
79168
717359
790999
782216
771430
271923
896490
984293
819572
279772
211738
306333
238685
110672
265873
675398
733203
140485
774477
979796
541737
549871
384963
977300
478803
744272
223919
669976
138682
952854
900109
957111
321127
16757
689663
816589
688945
103029
696600
814683
919329
614809
594812
705554
731097
303693
137114
976918
503813
696197
534893
458445
839417
525336
721733
396106
894815
152207
907344
90717
340496
658995
686163
366564
204983
208260
495193
854752
812715
751185
205584
533304
207947
620857
92517
810710
572094
401499
383716
144592
849495
998081
248985
715547
254045
202194
812524
859803
949946
943185
38289
230445
842806
6631
585719
281772
657705
712257
740640
282410
999080
64251
27179
135358
513761
913556
907353
519094
661436
136779
911249
859909
48682
550943
121160
230350
217132
711283
56943
162738
554534
27958
127111
327068
860205
108330
952799
93303
819980
805060
245268
914945
488417
777959
679227
634638
909464
297516
361731
189306
479367
38872
23921
714481
187074
175713
230278
948301
117398
856672
297745
87565
495933
816888
716224
442426
885207
585639
279659
380529
834816
762019
532508
52971
699343
50339
234872
118150
465452
452287
531240
359974
76496
310912
532318
29005
48755
290666
359749
436801
472916
803868
817658
611162
6140
874511
385728
498211
238610
737668
417617
837221
319270
370569
411895
882626
31737
415657
782777
297286
654432
236457
508166
211817
974576
721733
143052
53480
884198
515515
205333
352662
456887
354093
164977
150473
702551
979143
216549
315187
593349
170193
181667
766288
81359
387288
802964
983936
425217
785397
498691
116121
972696
809800
327836
995935
934049
137403
456601
852583
530971
78745
996063
494444
605785
999027
213617
68597
531220
585999
176660
223098
62945
745628
209055
527571
194146
467221
17894
922399
54378
809843
429501
50351
583408
102674
698844
905259
753447
663417
879832
475899
394861
987625
687366
924259
752672
818505
808654
131154
113442
998397
762848
35882
304060
419178
613465
190148
86392
41330
930267
191685
956012
45702
806977
282510
647471
230355
3943
834715
270703
343981
21667
137659
657258
136992
997616
474841
94776
194900
363151
984826
298684
941394
267509
310642
435
115485
954938
458958
325955
757286
257535
32749
554449
204156
552216
301112
934320
933699
716162
686294
421558
471704
564229
919103
560253
737362
448891
985725
559560
819965
128870
7065
777878
518657
417853
678873
256445
688929
52463
768799
371548
531018
484214
33233
417012
427858
82692
314699
19298
424245
29713
462613
372261
661231
704436
297188
524109
43228
207949
873167
629661
296619
819963
443613
881653
61904
915222
928431
784980
134700
131243
119235
958774
353114
643447
777885
391742
668379
237836
843959
702680
359420
590244
764948
260659
513577
933704
459857
545303
918375
791784
300199
388729
473170
740630
435849
529057
662212
404439
934147
891714
851403
840236
93175
315612
130552
151289
410467
31255
959733
159999
92658
630016
793151
535241
999471
49294
792997
291779
361941
297896
583122
6680
969699
510457
541798
609472
238946
939040
470790
466873
101553
64877
678655
734268
607097
721151
849695
998424
100204
852252
648978
32789
305855
725183
499034
992597
390443
648133
2808
667292
278843
757603
160237
803203
595546
892563
612340
629849
722527
853002
581448
676665
707618
481690
207933
470163
917404
455069
192545
768965
553729
722635
735301
957185
429090
978536
721343
917267
288534
68242
664486
354668
45069
225828
510957
488207
942486
133720
669051
504388
415060
777027
91188
947378
698517
284602
536020
601181
42189
317290
792688
847459
803190
173133
239650
276582
780942
898944
184821
427342
478305
848952
103659
625251
973421
105545
288798
136742
881799
618607
125372
511287
193325
477975
880032
403801
889725
756905
888332
272221
290226
415479
365508
368286
327918
838269
734305
290080
863199
63891
968361
182409
194441
322316
818076
577578
218843
231606
896966
53381
850841
588643
3225
309595
296440
713159
586476
388698
928274
898851
712603
53879
377452
884715
59387
870781
796137
813718
501651
651413
606764
74237
994590
239787
254747
339962
215048
965562
522213
753433
85593
43623
311771
957057
78232
350968
923910
490114
871968
203603
9853
201730
463413
312513
148505
810718
118431
306261
902757
516313
750815
740645
677861
593482
933812
617707
736156
85693
242126
948163
210317
219938
17666
91400
940631
118109
811235
337723
681893
11763
438572
321057
486875
542974
877560
374195
385335
558879
962920
772396
82591
921977
793446
610310
912384
457221
890826
246609
822683
845989
229234
593614
453614
248792
792224
731670
447631
330807
52942
951919
405480
464195
866225
76115
942053
584738
933831
908763
578468
158207
505626
461611
860383
909110
422743
565869
138885
995086
966788
911935
861615
480802
734988
449470
512858
150481
144256
15886
392800
454496
401758
22769
376861
331
74483
702686
134488
480380
879190
463260
461964
85432
826822
851312
184751
628492
214254
388057
284939
444733
594313
360440
612917
156621
498990
747042
697737
271210
284430
624678
867752
779687
17162
32528
608270
401614
54978
90954
909463
289382
514286
669719
240297
31907
357146
961213
163866
980983
513905
731806
825266
920771
66391
836452
659477
156131
120446
884221
295521
449270
984556
695369
263799
584848
95507
543055
776761
757166
661638
24071
304752
477393
284165
928171
37213
842543
425281
194947
317744
791884
976392
554522
752985
337718
39718
453791
162276
683914
310964
749437
868354
861815
739860
93055
720593
535533
879501
290662
640902
62698
36238
992699
122856
832875
866293
126006
52843
638587
531397
317575
87363
473735
75501
574883
709966
983078
287610
359245
167487
513079
339645
502198
471244
221310
430840
949023
688805
59654
535520
536571
79741
163316
279449
146368
333196
575964
50604
575536
477449
68364
129205
499997
221060
835731
243582
269755
88795
803865
926522
507731
280095
574663
971476
958130
317209
55683
114575
698357
148614
173262
804067
503344
871651
135526
53711
900029
639913
748476
174909
593007
315857
711036
592484
706610
906353
713794
324164
624205
152547
723235
827973
142118
206654
774324
566586
810981
513826
863250
378015
267728
245863
674897
340063
23856
759122
350734
371877
491204
866734
235546
830063
755940
903504
368064
614018
469829
192558
304446
321329
83780
108452
880154
327359
911883
417131
354459
115586
445799
783387
307011
850791
870484
289934
385276
188160
347509
353745
725261
13624
212888
382806
926167
394148
223578
661348
465688
845752
64566
273532
846750
879802
964070
524989
381481
502153
262005
227059
56265
835310
582183
270208
682286
551908
775748
168910
651159
887201
620494
163037
335182
533217
52368
297075
919439
213996
152730
669238
244407
784982
27291
615475
462974
408367
249741
908646
998824
400948
674097
811067
466374
917375
638877
8826
588883
808559
214007
482960
468890
13081
247092
965339
276008
322830
116437
445383
45108
479484
830775
251325
964922
261739
220704
133383
933426
93122
298525
446577
515273
532915
462903
339985
507845
722352
299806
828491
298398
664429
695274
644930
534885
624733
488451
198621
765545
867670
599059
690622
875466
420231
271616
817174
649931
656738
592718
11148
672926
402145
848430
816828
475185
81148
988872
806410
799545
617901
982670
826914
559663
327412
760591
679223
355653
472207
284966
755980
87362
552948
232070
294628
131113
995119
40582
782214
283342
969914
365244
103343
436486
558324
335604
260122
318602
215769
862890
139497
262840
224476
816651
974047
821889
638694
923580
906081
766576
896845
115278
211386
483689
911913
268274
953013
508488
546960
566237
324192
459789
817729
587007
272784
139441
617526
347405
347574
196619
116026
251619
746504
412365
473862
135702
813192
357670
307128
761586
362116
905540
40497
308976
431936
75014
803778
131564
954434
782880
900994
659093
721988
148488
469790
240733
646675
997068
215328
245877
171740
557863
141212
830955
968614
857841
644309
272229
246448
950746
58790
177616
643978
928539
417560
781984
468159
594209
592776
67148
296271
823826
489910
410757
919711
605640
952028
629373
99533
270780
33821
299323
584728
708179
18525
402942
268383
425055
723405
38694
860910
687650
286174
892764
637836
108910
480670
138095
947207
662814
133418
760891
446591
871388
528163
735359
299662
592535
850422
167529
256316
47745
804338
141541
992478
553729
801239
746923
243474
219142
284711
626017
254869
754824
742520
945006
279472
220230
534615
953956
345644
872716
500884
976215
380467
604590
993930
201972
634328
218668
108467
559853
479448
19887
35039
190993
295472
940220
481620
208416
232483
642935
370170
638862
861152
707348
195363
656604
257728
496143
9503
949544
831092
805379
996484
15158
185399
764849
766173
711354
585781
335409
549790
312829
575564
154246
853503
610654
695520
221563
305750
600264
66215
572907
34320
426788
754347
152123
947475
42418
623340
127039
614577
260605
986606
456526
98548
403067
184437
696529
297989
727360
896122
909507
719281
406737
329793
302206
475111
848639
94303
519178
259399
372499
185910
563686
646630
420772
165689
761657
389983
727636
473069
798045
531543
953175
530506
179986
539186
290012
119969
564859
429910
833930
723812
300788
905463
669760
558314
795309
551180
286929
511332
983292
288053
181369
820077
550380
746071
820493
612909
610563
328479
511134
152208
12655
750249
19626
923317
335288
618181
902042
107156
294966
313930
961867
903389
181018
918884
515148
152851
665991
258868
42751
647044
903911
935293
919243
101363
406307
627596
436888
747047
651191
100525
481835
325238
702340
877536
615189
899113
952904
183240
198414
819198
853147
852238
507746
572066
565049
158874
326843
929517
182697
36392
555067
171804
658476
408483
621767
321107
951239
341334
644893
457190
859290
265372
400569
155357
645355
791907
220155
925034
480372
73166
740461
35229
218477
441125
562032
878590
724250
106251
832072
10562
766282
811341
656172
387123
344547
442833
864562
682039
631595
169908
316164
148657
211812
987852
848653
760391
553857
302255
741083
43507
704069
92582
755738
107952
664890
581507
119276
166216
239994
488611
331160
686046
586236
29351
849160
433802
12503
949755
27111
562491
180609
141566
367204
704607
464353
942297
803900
858307
510124
998620
43718
825884
696959
220818
293445
716443
281913
378076
451374
231828
260151
29315
439079
214918
463063
794530
470615
141139
745075
49231
768341
152077
300497
278439
114030
968651
654960
850733
801077
37056
658601
237773
637998
96208
473843
526085
984604
466756
232522
396893
76903
318458
865349
980303
534805
323958
690296
843488
810907
902982
61607
269692
91118
170662
990323
976992
467275
957405
961023
610103
101540
494858
840575
970918
976319
316887
389948
450701
339353
715438
735395
409204
578740
626462
421873
940325
57737
696020
433761
686220
86622
144263
780010
775372
444320
66170
621693
339638
716255
443236
358069
912621
665224
926466
776067
9620
496042
628211
810020
84896
715936
500783
822690
92560
667775
304729
928972
512632
981139
500083
814031
330909
747324
770240
578069
513435
643012
634239
176905
127573
709198
88423
859994
138669
904354
877995
549426
416218
731874
791065
988315
818850
440409
626192
305539
311360
417680
286410
687028
419120
535933
150375
357262
737238
722314
38247
647558
226504
312740
3212
19221
895194
785542
532515
332867
949346
163099
384877
821546
835757
674021
956140
499803
636795
489957
822312
833580
986722
663157
825627
303226
70962
669850
460858
644006
378151
513428
300685
475851
734634
602614
424977
524727
439159
317863
525907
163160
203433
500157
598819
291150
495535
76935
930426
165225
557951
753506
696123
516187
207179
666572
366248
889150
223435
100023
266703
800739
496011
769937
161504
169163
222548
199291
815027
861002
202203
162419
413968
718654
531689
644207
687391
148143
611984
985465
111193
858498
629895
369810
449842
262211
190812
21707
780072
438699
871208
128100
848139
934343
975085
319481
830245
271224
197456
151303
50975
901477
174286
713515
687491
469815
938139
341247
313639
325306
189036
315500
634500
247373
211796
736784
783784
190999
656938
129452
414792
797965
934196
544414
541879
328164
363487
614231
689915
643406
895143
370563
745311
263617
472895
827935
111267
627373
489719
909532
827400
58933
997087
362671
391708
500668
179856
977871
450664
861225
668335
880584
50392
189050
543825
975805
523252
798920
313585
732545
96869
485582
29158
639909
118189
273489
73717
852883
111920
241389
161395
959190
358164
292702
159799
797062
533671
266273
815050
230653
929003
510468
188279
845525
488347
995853
58242
814990
612305
440581
796190
802269
634381
597391
491426
842053
30682
289207
411725
22075
567386
259327
899209
836788
562532
856015
752987
689428
60900
432320
823432
332509
650834
855265
416228
168670
842432
588329
548235
30612
256487
759828
920886
720027
86273
303827
742123
763054
226589
850827
314537
506851
988051
608431
343192
406189
378068
1962
13833
920170
338687
110191
175337
718521
447122
323465
608554
82687
830762
13640
37513
763162
957301
261191
605900
540602
685114
818592
245356
225331
171553
765107
496047
332408
343373
610508
509218
453191
632087
391500
212656
949614
445582
186409
624176
665330
967572
626394
277425
676039
245833
426662
934114
686130
394932
77845
511569
403097
733231
340581
319243
353851
105844
823473
587424
364166
948443
235325
44447
135395
173160
309683
547187
297402
94996
748952
291047
962854
425498
238970
429804
694995
12381
58296
559851
199796
796353
461098
847159
850826
786505
553955
759637
568460
53720
340621
929497
389500
211212
760317
392464
779438
699112
603238
647985
581408
90382
470367
766206
831130
933708
272097
407852
173876
773276
298437
105468
777165
794205
707320
125518
552542
391358
245482
49981
18639
403192
883320
492406
881636
536481
511335
566374
221125
785713
756500
356535
634792
124803
887559
937895
399712
878971
206539
465983
40847
225898
661423
144242
501721
493408
269753
134387
189009
87956
548803
913868
926803
966242
530077
473291
28194
871184
243080
628564
509125
734982
141900
733385
770845
726663
150969
666664
398223
895808
999347
687576
677366
691323
271337
913637
155937
558006
53182
548646
55070
417892
218598
718063
515306
439626
517921
835669
708612
970980
305349
713086
35148
846116
647188
349002
964206
19239
394871
58583
501161
232917
599203
540846
277940
963198
337249
335057
191449
89844
894321
838734
794445
41613
330034
606923
234728
144551
800786
627365
784718
534522
90412
606834
337724
897019
53098
212674
770480
497139
314610
588456
987304
289604
641050
69869
335124
747621
826600
339621
915362
979135
709611
746455
794212
219004
307085
754764
615657
335960
289376
832493
140619
239921
458020
527348
820734
224564
686531
580928
881179
542762
741981
824734
268357
656002
203819
591915
856118
813632
314491
291020
665342
771662
593498
469737
457252
50254
711427
874559
339151
628184
402874
527716
592947
781332
830329
651595
537025
118743
887924
321154
270959
248458
647341
833648
883077
122197
56418
774922
834293
611342
672621
979070
595428
545931
154582
942429
947966
154323
968697
62412
24955
540953
822969
291289
235212
148679
166103
183952
583678
208838
481849
461350
137248
679248
605571
252590
882100
315551
183898
420586
124894
5896
844870
861270
991521
870527
586819
105534
883768
730452
628763
825339
118225
585220
473138
457853
639468
68683
66311
369962
744252
322632
381938
623644
746114
930719
632730
563149
356734
230726
707187
540102
693263
805940
775404
9656
587465
757351
227487
329016
755555
60159
796767
597242
699166
337518
533206
914050
933438
146334
688012
178203
491356
401206
723073
462094
986907
324287
579520
978168
661343
512606
741150
640707
502826
333053
109261
493538
343511
273272
250996
880170
828676
831479
352667
144888
304430
332228
392989
590613
485624
983558
74212
506503
900472
146523
244105
503848
928951
121008
814911
698587
896447
248849
497411
466599
309730
350459
459242
656421
253892
111457
890861
257135
277940
377244
6368
269583
513401
91370
237638
99533
841606
237368
340483
308334
923702
245339
882787
851073
293617
447985
984020
854129
92141
59114
616523
65957
984559
333650
500429
71614
11896
471065
415490
907766
486310
547422
540717
666168
637740
361672
791107
556045
669719
95157
98745
361839
59980
242744
25739
741096
103757
462969
603639
882635
402960
93928
294695
66724
785724
519148
707941
705450
695207
873700
531222
270298
120554
743192
56985
277629
806892
576398
719895
924153
475327
405819
32106
632458
587199
876235
772838
3181
50726
573149
568160
344136
528751
651131
2816
685428
148318
90404
408743
987467
782062
216806
369925
750754
877706
968268
262489
152131
918117
704732
779916
420579
646404
348962
491673
975290
245464
415086
443508
578496
30936
771120
887429
386894
430045
33226
535160
555013
159578
502439
538938
419003
727881
108527
207032
70148
337435
728978
387429
655778
635882
996865
295093
896410
705782
376999
504145
657433
731832
347584
209773
436048
591790
481340
139686
531202
989174
896470
103389
645710
642497
944992
425764
537447
685171
188999
252753
164287
553645
526821
681005
632803
377748
79397
917807
408586
45974
155365
729003
184066
808995
332214
698670
972332
929315
374828
707630
536500
566591
817539
860513
281332
498204
439814
850625
363010
678438
904129
240749
410348
887426
403532
163231
632864
109671
659392
233694
865825
41444
731922
463506
131034
603821
424262
704809
4613
703992
606310
740084
7806
886100
7274
576224
559272
241247
696781
267872
184244
605546
482340
431642
624532
235411
949279
289906
601350
280448
633371
930897
491965
184822
15225
408769
158383
162693
842555
119376
404597
240708
692306
719484
999825
249655
971265
238263
796104
779235
707018
95728
944300
178199
737416
600295
735482
360113
810005
891824
507609
808632
530002
549542
492889
723916
589416
18851
282139
474784
957007
860437
31467
729753
710836
230298
519782
720994
856955
454835
73501
285409
371815
301485
346423
314152
84594
120252
396505
11916
43087
483439
937721
771364
922226
830771
621234
797604
507677
938470
527302
718266
940790
149478
52135
212040
739537
18490
572207
863190
304010
747291
836140
711074
35254
981564
566472
62013
409472
291263
946994
516186
43480
872034
236464
419483
412474
301813
923775
553515
409846
234606
550844
62452
747145
289538
522613
430885
247156
878991
94366
20230
750483
765966
97437
508117
414759
410917
251805
171228
969648
348471
937394
458511
191522
530440
719967
764274
882718
241522
188804
546446
140836
258940
873065
516561
795322
3771
917785
438104
845285
699091
51253
260646
209219
793863
349786
181730
111622
752425
401480
113751
25504
968401
435930
