794382
804007
537610
723855
143525
495856
931401
748467
730148
333179
89817
557922
810456
194234
54728
982757
95464
580060
720102
611253
918631
307206
386540
228821
677750
294141
716709
479541
687938
377624
597277
173565
575531
318797
547197
465182
625280
2892
985847
744355
725656
89019
964902
615547
525050
582019
178163
89715
661226
555629
1894
734963
272130
592591
915181
358769
981238
494454
927032
257015
178666
493229
4527
918927
140726
784063
793296
58658
805878
492342
492549
251782
717890
127056
724834
817535
953588
343801
861767
159758
146304
578899
602551
325575
521310
967770
853745
908118
4967
908557
318837
164259
168684
738734
820305
201355
597443
529123
65728
728336
838962
624635
88716
588865
758335
462845
987993
793532
939952
554249
396940
68731
426906
51751
286350
396429
297087
681701
163942
801885
76094
352549
917880
892409
7492
305113
873763
267245
274331
338045
464045
141169
835196
697964
683949
669964
382048
74060
267661
642450
155887
991330
595021
261112
737822
846156
368078
124882
106913
618978
552096
716339
248730
444580
398867
835583
711737
873143
573654
751638
77117
681687
493243
463053
238977
999939
45443
517435
641654
939989
707247
971388
595110
527533
624663
732499
602708
978932
772867
273962
938565
616455
851248
529915
915728
704435
622311
342888
426448
369720
536931
121550
884134
266397
75024
954650
697212
627959
298746
760044
879622
855245
938605
305012
532584
366288
148683
612909
861043
736453
131602
934548
823205
67516
150752
166292
854760
709668
826609
249267
802082
27431
823232
310618
362871
89505
808478
771477
882774
752937
780444
430629
715585
950466
51131
762932
554556
23480
10321
571124
631654
536799
933218
504353
384787
58075
44952
61697
125471
598975
482707
480781
778430
870360
151768
633822
598264
432533
344721
201333
557420
513592
963532
457451
603546
300009
732290
342278
178493
144109
727981
483449
112534
589903
189416
791258
197438
594066
862819
65325
265051
706257
714659
149121
509213
970074
787480
812498
657669
485207
891665
645119
517089
129425
317572
431221
250863
360555
50877
254127
338570
357200
465102
85519
393240
137473
594457
131052
362914
944507
104225
932051
55923
67831
240281
629579
911623
493716
206955
278674
901302
101544
801483
218277
276436
239544
586471
446001
197469
332084
684318
663284
499752
999297
538446
184573
320059
796722
266451
908324
485866
3684
60902
419249
661635
399490
342031
772814
534354
56560
251944
45805
490992
186731
997306
886404
721068
9008
561771
847700
83641
837248
779626
208893
470674
113228
154961
345298
99803
903723
298001
956248
678512
258720
280824
497139
540572
463580
239581
988264
930659
523183
958305
832159
536410
434496
161101
54693
996965
914157
382454
60324
84069
198577
6797
612498
245895
485354
907305
413780
466236
247749
327879
950010
583715
680373
999130
721458
103106
665934
647521
195736
477365
142636
610598
93190
252646
610215
693708
725314
784800
801085
522268
284310
861133
594983
203826
174931
441451
231100
544679
911741
593138
442598
641573
607164
977544
277266
323113
358344
219054
201970
360398
151400
892867
707477
661143
127723
361674
42567
22805
446424
644831
879189
773870
128854
574500
214718
167029
156322
55013
420155
183288
363232
703982
657709
818211
296729
751070
278584
696097
978908
92088
663036
598541
114081
12853
456065
665377
292731
512855
515232
742936
738937
526431
835289
571881
953713
880938
778226
778962
906550
27874
91900
351006
46437
454533
594841
453250
919394
825121
35325
635308
341874
652310
619437
459501
384130
99654
399793
998070
503560
938763
823963
841059
973656
550747
449
69989
752761
43120
447629
571002
329628
841206
402530
824915
755372
368505
722631
690497
62453
875659
635540
775366
979249
744994
349462
660794
605354
986907
791787
953931
377555
298141
933701
433310
77777
170001
972759
737729
486800
362308
710318
109766
552412
637211
883560
799520
612231
596909
957670
203108
88923
927413
464492
283946
687167
17089
42181
988977
352095
833881
696839
256223
404685
728350
478488
100649
206534
248319
526014
650344
483073
783020
57687
395722
715754
398899
119250
324368
343346
780889
92269
702886
820017
507375
508732
883431
697132
554418
250387
667856
756360
462479
258702
451313
146510
738831
14712
63387
726717
369408
175725
547219
743767
111818
323997
155433
337348
794197
961960
41096
911965
929098
649540
593604
273958
195651
902285
139085
886605
431673
300102
279400
319663
505518
173267
349119
375279
911790
888104
624023
991971
822725
991195
106973
43576
37142
113425
905093
424735
150212
379698
534584
852969
329687
267921
390181
930774
232415
648718
530010
27350
951013
880048
979550
902035
998605
505838
727279
52996
223530
314569
440552
863043
81976
755539
982473
44123
462325
960165
356557
35965
346787
988927
634638
329215
985627
318412
99897
850259
252373
743442
896425
96600
48236
769501
976205
80308
69421
805791
311004
78400
659967
759433
935036
170709
576252
333521
541716
390032
690942
438773
31652
208058
521463
140585
611877
122796
296323
570301
195756
396563
65640
441817
782507
383882
802554
833202
23872
121779
895607
159649
640995
509600
122998
726123
429893
153640
715428
12155
878887
826728
200669
954943
931828
163318
6421
671018
760313
807352
114594
848485
916893
45309
804528
933267
66480
357793
430869
689582
655487
890639
254943
644526
326603
548260
921023
939527
869404
322632
330978
740404
387933
131773
319006
922662
594228
832950
573344
876378
351544
390033
653707
284892
173778
197840
478983
816447
140226
977301
252091
552079
597020
308667
431059
72743
430348
720886
160875
977249
191943
957391
179032
160563
872616
148462
882348
338399
503520
778786
149427
418960
769778
741624
514563
284172
864378
645578
138127
753575
221790
739282
864148
584475
156599
108912
123885
228667
6153
51154
449339
29745
167067
330312
252876
270970
927586
280323
713927
5843
635714
158818
500110
432857
984952
543688
446335
230221
612786
430329
35038
657059
248838
905344
22207
335535
780152
837403
922568
967284
541471
394960
359617
582542
999801
310629
613161
84294
866071
881951
80381
528005
726111
660268
796626
188442
909026
273861
584335
501887
171483
116208
848073
206584
634440
933165
781181
187184
361071
838818
238341
500291
389612
537526
587176
636279
919294
478616
848330
152211
108804
39740
346856
274808
848438
696744
979912
858965
395907
769150
977753
401489
173851
856233
139935
44451
77568
402788
695365
80857
659455
43735
385181
961199
716260
324035
468276
476170
480731
279710
792904
219019
478682
253160
21971
350886
931151
995207
860515
333311
55993
780275
529205
553795
152031
698514
797449
684947
645183
8134
710710
772195
8489
556819
32260
718780
345375
781675
798655
469577
828108
352907
928365
942988
721854
193173
541003
654495
745098
929190
294385
810349
217850
58697
861640
959469
153255
830019
672362
342146
137706
404739
302963
79602
501910
558463
439691
415144
200410
955532
585311
962047
986485
547805
222358
723304
4746
375900
97489
151823
896162
8575
804370
829448
889427
930620
826313
769834
85150
712502
343245
218902
976899
634037
929638
550196
760299
241428
563363
468875
7650
332118
74921
840532
803861
514477
803592
689694
748900
391038
569354
914069
892583
290931
813742
914844
602101
997690
531738
654931
276841
857902
987406
417172
700124
928524
693754
832010
356416
55444
238151
189575
141427
51623
693325
650789
553991
248722
744833
10364
995520
463813
241229
684593
694567
708873
45235
394831
149928
763077
994368
987420
799843
991462
594781
308328
842183
461430
646680
523441
766930
129102
82755
167561
433006
171441
470733
195431
646106
102759
84766
735380
101337
956857
470003
677515
109248
693528
533033
955941
983345
799883
40521
49594
571451
90069
376043
988044
546427
735
725468
93344
383648
341400
75960
879048
375636
202245
995064
26420
512620
147259
645860
356264
428176
756140
225011
284362
384759
84829
298220
133759
716399
869555
908509
701225
355811
280132
184281
428170
533458
875138
464646
816720
536056
959788
654860
250981
338687
436249
568184
456072
957990
367056
349581
394795
962375
592397
684181
385325
488618
250033
108395
567755
814578
877540
116736
57347
776758
989786
893118
419311
308226
905623
283235
93484
812649
848118
728601
394610
89122
824912
472279
372767
248985
475579
608647
514906
843178
812094
589737
408820
192161
22103
176015
909860
448083
249502
568643
820120
783208
985489
419690
539993
264351
990994
214078
440820
205992
59498
351339
180669
475830
673379
927366
252345
135048
454872
33428
774180
992524
877431
573632
928165
541323
294360
241356
415952
377102
417133
330907
19782
699551
209981
415321
611991
14624
938824
936381
385016
992847
80684
983080
933835
886665
14878
320776
22639
409388
876322
187449
764482
872714
990391
799738
351818
239582
975704
600207
591536
617571
617925
562298
253292
503299
987939
436180
383268
848545
385846
835898
194243
691266
934731
483671
377814
331905
353122
30702
830942
968403
138180
549191
530086
170941
429159
214938
994327
534031
312111
976781
90389
206564
24964
690444
914873
255929
231226
554282
649268
869141
979587
93427
240353
23586
101228
426859
970989
216336
810473
44926
410778
924198
550549
681568
339619
635222
926626
427209
398445
978408
303925
706571
582948
686917
848887
577783
277913
167809
543479
175889
202764
375489
562089
517737
390802
801285
878646
112704
56947
277339
221842
670567
636425
709616
915413
29301
376943
783908
701326
32782
492734
53193
295044
927243
175238
410021
679581
674280
785919
409074
375514
16802
300406
252356
648372
686640
479049
116867
238756
349040
88836
803876
455947
767521
1365
550652
595475
54243
189837
171412
254568
62937
518462
412094
984263
70858
162260
261347
101852
525365
101975
715888
942084
188971
69841
567763
898640
531603
710216
348941
750257
123632
468785
808451
949865
712457
903538
428997
437114
602108
991397
673166
349670
667458
381059
789730
803594
851695
153636
86299
108593
316502
170849
344019
615965
984444
440171
391604
571320
229625
264900
608603
455204
973106
374916
272969
702293
729307
826920
123944
656233
621307
237402
575902
680444
472573
145469
301259
71306
757163
494198
828239
658959
91504
987911
130450
466452
940875
879729
535479
254479
628097
345336
639060
594345
67150
812571
664413
580053
210326
108178
432599
173413
238691
442303
567735
244263
608889
853395
631635
192269
650611
168280
577086
196178
495112
913342
413625
134045
959913
684792
675198
586353
222781
715707
636082
11733
222482
475574
329961
823167
101068
934990
375802
835568
556066
302470
280358
246789
65654
670086
740331
988102
802686
145278
882885
889345
661292
754054
297855
733811
864700
856127
861518
128354
639882
97205
509209
626157
58355
678409
628167
233039
799625
322374
59349
426972
661039
516151
973004
840293
472483
269995
21641
333930
350896
555383
860926
985199
896467
529047
621035
835439
909851
844433
874920
938663
727802
641534
900349
836173
349260
898326
793578
824437
523785
759468
982958
424852
730212
553468
799698
310702
405759
168709
410236
928830
594558
62594
496181
353442
98212
546926
259555
231037
79788
77982
491382
414658
279641
163025
670930
53119
868992
58595
490762
405334
902828
15837
157973
973004
550639
484103
897973
521
891043
646839
238024
911330
918759
844526
778294
881493
615597
256572
519654
458194
909698
614250
570063
990519
295721
533790
560715
484371
951287
13870
625199
579436
621422
118725
47781
768540
120125
910787
360939
407624
830540
97246
474946
277115
838238
296945
559827
199535
600536
122232
895814
936112
61509
151906
771740
111143
177572
904000
990332
728041
786039
117747
573469
557667
971147
670428
842257
786922
124547
685529
723191
999171
803852
132814
467323
388436
901816
628808
202553
890853
977738
178869
577470
487335
833060
125887
640104
365928
168454
908845
549766
677471
520008
768041
98777
769713
626465
351992
659366
605082
630730
606905
777279
110470
558675
886935
893453
822978
498281
838823
571117
205639
959212
651957
998498
792413
126068
46782
907767
14052
889907
982773
259554
862267
31266
584042
543158
376250
33180
577604
518703
631972
924966
169794
97582
171513
896864
465902
268327
557424
691027
919870
809238
291592
827892
479881
845077
241185
566577
500985
598649
451766
4419
646902
584911
401761
175700
126341
364600
300878
417574
414644
574955
100797
538069
547959
765562
322093
443482
405341
178209
919124
820739
41472
822869
588771
603078
872270
928132
10715
355236
511489
800581
246859
34078
658212
359941
507065
810608
150402
767146
649563
398093
232009
207331
700556
982377
6816
762322
259680
638690
965791
887100
460650
210945
831602
772272
458216
48102
710594
610233
111672
26040
787997
975746
271145
191112
396432
762516
918917
838577
352527
104062
34695
741211
518352
945183
222290
542713
884693
917519
394601
697377
963912
168262
817418
674861
476613
318819
221363
839235
658240
381238
427424
544568
534585
30763
407883
682766
199240
522429
44234
17217
748287
538210
905406
334419
291232
319083
447061
100823
603262
305212
69571
272709
698308
188861
201703
219036
907223
908704
109836
149307
427158
950552
607067
828460
11526
232084
732119
857542
878780
484733
614832
943103
964198
7227
157552
818957
92692
967180
749535
28174
577352
267059
305701
902397
379258
164327
262760
102835
492080
788641
908188
431057
900410
681986
20982
17150
647328
165679
665426
128428
775523
523350
359240
44078
203546
57195
40822
713972
820332
96035
930468
988488
539760
928755
845463
387029
574123
489072
969226
432024
322420
306034
546191
953783
629081
213023
82463
936482
481319
991299
732629
297245
937712
324188
248847
699556
801118
985754
838864
849463
427196
365121
495380
55970
118999
198208
245484
469555
269272
116619
706917
607247
307326
987813
931314
623786
472099
835802
143164
296032
912158
355558
959251
810849
772305
456980
916577
245280
477219
356389
174777
373526
227149
279122
868970
352272
16065
131202
417351
781320
103466
398639
755576
277934
365533
200056
665667
228135
787296
385306
768237
189741
28555
447305
328572
298796
949701
159088
689378
539739
524161
647637
706611
837357
917828
154040
173832
31187
636307
218436
95468
650547
677293
908051
812376
263067
19792
954453
599890
900747
215748
560176
322278
34366
308755
757825
432963
730699
213092
934535
666001
654455
892648
916008
81539
675819
440298
534533
716833
778832
794384
164450
857904
382589
545340
615653
666598
157619
262975
443545
926307
586806
377233
408360
207256
226335
40981
794215
985373
45050
619997
975495
845001
184414
875114
788754
799337
621185
931593
913097
99994
518871
965219
75399
546684
528239
667680
864733
20160
880626
660523
818805
443740
608227
913102
119110
685794
118984
120403
586677
106035
842620
803329
491137
55517
674078
616092
22867
851372
997451
726506
730493
163131
786570
814233
288252
406514
488135
806647
778879
931241
37734
780845
914837
437957
442997
358454
639203
518133
550410
566569
433575
808027
828478
551014
684716
315445
84653
997405
434114
568927
301663
840155
830924
673923
824330
29782
564706
670601
254562
44997
283846
785801
368960
807869
196687
276355
654859
904568
967503
721794
704672
978022
448360
765382
382649
167553
514053
289259
900072
691408
187383
73021
744212
33619
188020
402433
751180
885078
314765
627725
927700
329103
620048
433045
281107
308034
366156
708911
984160
450336
292592
465242
757515
347090
935298
346701
33288
269163
583592
818204
226137
161919
587234
168619
979563
192457
547785
331885
351737
988590
166518
478982
202790
92919
249818
441833
658972
195581
219948
470722
801165
384717
718043
770168
890084
971908
293013
339311
443688
967157
508821
550183
212718
499846
582844
561660
811343
164186
504748
822142
804140
584659
38602
514185
435550
259249
499495
837032
692457
908652
91995
679291
715566
249848
85761
523142
913559
920713
676351
870075
764200
495742
990722
581185
904817
76185
904872
505719
845040
184519
782725
643122
752103
696278
131231
810276
335981
12902
808209
901312
791256
852568
669736
724847
153393
40058
973159
354128
552236
734722
963056
499484
48338
497165
444578
151347
824688
63006
647644
646972
991843
763643
133971
330864
930153
843480
190073
342487
985131
616405
423130
731613
174378
513671
73507
620294
778908
210206
546017
490257
318173
601086
555213
234191
820726
496209
158431
613819
227926
178012
481480
416624
588073
613224
709708
41454
454671
310522
865990
979828
949495
24507
507325
36145
582839
311330
864364
649457
216567
726697
259760
311973
691580
515043
198661
302047
460862
152127
814395
168918
368675
89326
588886
353470
651725
194399
973549
419950
193896
402042
147551
780774
580492
829511
284130
253182
313686
820148
994815
522380
650562
785525
641142
507056
819506
205584
372739
408590
636079
38783
317056
665973
713181
271387
536820
374840
942972
515249
16934
924845
218187
564969
937509
503669
977546
513640
109980
171339
686145
797570
640357
161118
232534
342855
826868
689077
5866
920344
224196
619312
343585
430436
30919
507480
225277
377412
599181
319573
396103
568190
950991
33576
161420
573478
267816
954745
757512
375328
710484
903233
84304
858077
752232
356831
52525
417162
620008
708904
958713
566301
550523
174591
542462
383896
468069
15312
108355
678931
617908
610260
825480
982673
555965
521096
601884
650488
251961
135617
834948
40390
100503
350965
381837
516632
644169
556389
708797
144105
434887
869894
50146
227655
915823
810227
168212
422299
833078
841259
353828
970890
897777
37308
390051
217701
672284
110425
920110
695220
832049
978628
960523
999755
880650
314301
700403
582482
732265
578855
677179
708672
658536
99488
493883
776264
764778
752178
148706
641620
108441
286834
631059
540594
951453
182091
227045
356303
826692
664974
293487
62673
159140
848565
493455
776660
29426
751109
639305
983152
213838
770290
773169
217922
776742
380620
395720
297842
453268
648180
518660
949486
949113
693330
849151
142512
502485
124926
365157
214285
425004
368373
861131
407221
165020
16879
202414
101213
334387
555240
564003
801837
601662
912762
545344
27132
647015
653631
859583
238594
709933
941325
663393
948580
795864
734406
668854
386458
333599
484290
134479
560015
141006
692690
687991
811871
815429
767327
413089
498443
310696
824156
702460
734123
610052
594081
879644
615081
208818
171833
973275
593530
870926
352702
144651
229948
24285
955995
220388
325612
911194
605149
204815
566539
757658
89403
591497
913124
293143
479956
280959
226730
795440
522502
291444
854471
993963
780944
543925
633625
621569
667640
162727
721177
932582
200779
817824
615499
617485
215292
580257
744586
591493
139839
832921
634334
843943
520820
449794
929493
30890
91840
975609
661144
78600
756143
221301
628242
572843
551720
647439
605026
656452
393266
354670
367031
432725
22362
844984
29753
17200
696723
463362
541238
61595
585171
39224
775079
681552
213791
770044
751723
442819
79930
615858
219609
37387
233644
501605
106416
169892
11766
300850
213850
750792
613414
142596
916616
232654
575724
584719
698312
23110
790019
868506
411084
852146
320556
563933
397649
551211
192979
150839
53487
739086
750550
941250
148943
852364
241031
237814
338906
845023
8759
660089
814362
971018
463162
661298
6755
636168
152465
466051
961833
760496
942324
827514
73052
954743
875468
54653
874889
507888
698365
881352
56205
469579
664547
932174
349748
300062
70480
682058
795224
564633
51776
54889
523058
124819
993878
337739
815857
438719
239746
655203
153121
659391
497358
231690
125251
238157
1351
359640
178312
593340
858502
952019
938942
54290
889090
188597
506279
745627
726245
710293
888966
893689
633267
261752
185637
160836
397275
519100
561617
904286
148045
18619
488788
268311
682353
776886
752245
855621
645704
150449
373149
798064
296652
788481
421064
976796
700475
657936
412542
680753
975454
580820
816080
389233
380375
622406
944235
547944
865264
462567
397482
858274
217411
835373
881321
843264
645655
446146
894752
907617
239437
124647
896160
67035
760586
434076
735288
33135
972083
586671
262627
637252
258508
578468
45125
81880
563899
6429
702351
247914
169507
401153
80890
583494
110550
645416
186432
515619
561902
45127
657728
948610
478143
776826
101491
111084
246278
899909
27126
23127
265975
86684
74958
973725
94611
270330
429840
314015
525009
726681
90882
305601
257331
780922
978206
784905
815742
490135
100433
154763
217689
734715
764618
472596
216897
216779
805841
324130
604610
980998
686829
827357
989988
123654
975097
603070
988249
37340
178601
143631
217642
402318
183471
984876
574757
424300
38417
841668
905904
774715
891283
895795
78916
314001
807485
303599
497933
311752
16206
267439
175073
109384
907666
649017
715729
334026
27458
457916
54821
430409
134079
556118
785918
905876
747482
134032
854434
306241
698279
444321
64247
2297
790806
133557
760505
968400
175031
466536
496947
821986
616195
906110
138230
808392
704201
526748
190055
819235
771078
61673
64486
673046
357465
128308
659429
759150
132569
46592
514804
89568
367608
187523
214843
272355
147414
649626
319418
180890
464485
843565
659869
200225
66307
28442
395549
118413
459669
528630
638780
357822
693246
825691
763471
617773
17512
309242
411062
457431
53906
19442
216509
596001
711983
677689
803541
275220
188433
450740
392305
245044
154773
841315
24744
790242
968303
706879
701773
218946
582520
997477
509096
385627
614459
30379
953766
25278
132993
973207
402180
643554
693159
503846
761139
506466
389052
839652
721078
32669
458367
973739
292344
237682
902410
691520
628484
30873
551938
15016
370383
441038
447516
762985
356771
390699
62075
864707
973031
916934
190603
93900
188989
222104
882637
955409
897103
299228
453081
332819
82942
621661
634487
659835
878590
383069
643428
593730
15732
205781
581673
659478
238960
130148
430719
990915
691552
220126
195594
114009
255866
544040
428608
656256
827826
206828
650854
693476
968119
171789
239864
920181
682589
62234
874017
432696
613968
957084
278854
118598
952767
457479
370593
67566
360255
475420
916612
565621
396016
697698
978475
847663
672423
367635
994665
455214
610164
930726
719327
877235
991120
238161
567290
918603
905157
498847
602438
890050
146369
90413
586320
484927
234122
565391
900792
985525
279655
463840
102832
23664
520173
669824
86751
523568
772477
293033
739611
729570
335941
952937
830619
916329
846915
152137
871727
563042
436609
895930
781360
86088
375759
44084
281452
399207
333612
566129
112185
427592
592048
710864
758455
158629
437645
824385
436599
565998
875075
307413
835954
466170
182742
466512
802456
754733
741748
172780
818708
162967
661172
150358
563898
893582
518564
262347
591693
7487
209708
619107
657599
813097
929060
34100
763650
715339
948974
794787
213023
33404
326661
431883
505637
804123
40794
599237
615284
806266
580017
797088
328385
694859
989945
403657
894335
251909
509226
148121
114854
215928
248251
799960
573532
457110
906091
964853
385009
526956
620905
327634
240992
169422
318269
421254
610784
988846
733360
72372
372009
750476
631377
419615
654276
428809
75793
41604
516614
303692
753289
879495
404844
761663
305402
755826
919458
551917
331136
344971
548701
543194
294872
199492
464620
265958
645302
389352
319814
59615
565734
323585
774131
773485
17892
628693
158117
155243
742660
322004
308885
920364
439136
50740
240436
885056
146918
242637
18413
89359
769958
328532
792007
371063
394875
483928
70341
674751
837455
511712
822850
711190
1707
75527
23909
716585
996019
134208
903871
343248
635458
312492
323075
329283
231973
690262
926594
612556
229123
161758
411697
947130
363386
995088
927046
45386
210017
995556
223023
532726
519014
60387
630962
524676
868396
654685
746460
372129
132113
210017
675160
682096
39722
534327
96867
808256
563290
401607
103024
431011
708218
559445
633098
25296
904582
571243
417031
870986
777129
955314
411290
892404
212438
123697
875892
98516
115696
177035
668551
138404
567967
564341
921365
91309
841806
788375
450291
316705
14967
923513
830776
8294
746468
37868
227873
272513
487825
798075
765045
726160
517441
459395
812431
259426
189396
990
620550
105017
898326
93807
133078
924765
505032
277004
395472
487103
250466
939999
215822
550827
672367
162766
593425
782430
216699
345454
426901
699435
557534
693996
857258
611994
173305
102399
782231
495000
731420
902184
668793
588832
517930
524623
745776
252896
122275
713070
391457
584415
626419
7374
981274
545208
817782
426623
671702
624661
414469
722136
476845
603736
224316
477112
743232
961291
563365
690903
674295
776347
255770
479136
857129
819283
919544
313989
922871
829044
198739
169227
499591
105210
716219
497193
815313
500727
857820
291874
624829
5526
647783
162123
737394
334914
822448
801027
412689
279278
748867
222938
262702
326719
272209
109069
221935
208232
54445
749227
821554
897408
122734
261802
640416
221671
97782
928568
996475
106886
392211
408358
550909
418997
976091
99560
83945
511315
313194
644218
377787
137711
715771
773634
829066
753888
882203
930454
857541
588669
111798
194593
750823
97158
382489
817075
558812
84316
707833
989861
291685
598407
375938
289556
391145
4565
908972
952330
395843
162209
59097
551112
536189
990508
965875
697826
40609
9885
469684
302501
489889
374300
345586
226404
672174
125969
737328
665622
186023
33487
461102
526195
200442
972982
883732
402955
345296
12038
185403
397801
698810
425955
298595
823138
189742
328385
367411
604547
544666
832081
253745
516488
406423
552433
201382
980203
480435
876073
952460
560748
194333
876415
194805
69896
933399
64817
20713
959911
91694
581789
847668
988643
921149
543711
494144
655689
630911
931419
238256
381982
477341
258555
538021
977219
264661
325336
151486
42542
55924
647657
721879
528792
438981
974790
99885
505110
622203
685766
615677
852965
21897
266775
974308
368831
853770
287617
966891
593554
850900
535477
208484
446871
119594
726176
373894
366128
699003
718833
755824
644645
946132
439774
876552
321487
414282
63541
203910
894815
525296
626873
116744
535277
651415
878404
51834
748802
305327
535004
774386
430967
300923
212858
723154
472239
22633
316226
760747
359011
807581
403287
548166
827396
718035
505175
192344
852729
539069
732965
270236
333742
286397
315149
502408
904128
626911
262815
206613
18919
990993
626003
964411
382129
496907
690675
309329
137519
417875
863697
565922
373714
741822
756671
229273
251559
379115
505249
124267
865188
552938
991937
452493
321474
37797
212972
748001
367062
41220
127261
512795
880375
189605
688022
971063
570332
881957
298960
708058
753295
472959
671848
893507
440348
793623
350933
888106
202668
779276
540691
35162
909228
745389
74661
420014
343431
388240
634426
898739
777367
822701
358299
68906
991555
175561
761931
216142
528846
88754
944812
333622
549360
922872
749691
800935
974010
906690
231392
878381
863727
65021
393522
77909
389666
502470
522100
360054
257585
214795
388467
615220
474498
836223
743501
881082
662827
26112
762821
274761
858422
206212
834775
797783
685144
350076
311356
665478
233508
133215
813024
832856
431435
337807
928057
116385
606473
531278
724831
509311
265167
110776
529236
244526
152403
303706
729120
611277
894327
177961
226550
684231
28471
581053
448098
24399
18482
321527
150513
801279
554262
163868
397166
628961
751354
687732
492580
401852
71989
766068
663024
691838
113518
828296
865953
628911
199946
707952
973225
530225
924369
940681
51387
5500
810107
19809
483877
194958
967116
841435
712581
920871
936815
720291
645259
52450
333650
115231
686346
899786
197154
629248
326625
511199
644170
292686
344579
743914
141465
196031
648504
333408
816252
487839
323895
34228
710386
737520
128164
819340
142214
484152
602653
178604
535377
882247
401552
174431
519435
637662
685783
388782
819957
982083
79919
205293
28220
194097
627755
327802
636716
193202
868727
914091
448510
722384
305628
468178
880738
100053
773634
428133
91958
67435
374711
694236
754872
325696
73771
33811
165538
721807
111799
140574
794775
331981
947532
326136
332586
92850
439414
296619
466985
979124
530311
333823
443157
866499
936397
338686
953667
16507
299586
491661
924442
900228
57791
313235
984294
525416
694943
68984
201866
178492
913618
222922
525518
603353
138826
474305
642711
58161
157237
918361
973856
254957
13898
732040
610731
749522
329701
893213
531633
621872
163835
401882
757881
605426
76302
90444
878693
645481
633365
867573
53376
95810
43840
536073
292097
52254
859989
108439
311883
47853
412861
651569
920990
963144
674019
27664
894788
170110
599845
848334
536981
681289
325973
866492
419382
513445
36729
186697
193258
921426
111333
339558
524986
827270
14337
253557
514884
615670
626219
261404
680818
679133
4477
809251
726252
436318
796242
612241
25281
369472
917812
434645
701591
768145
667582
473575
999990
928975
791297
997265
620301
824686
803856
612864
132007
900733
466507
392918
907450
385374
559338
645505
953449
389453
740426
277677
984289
305330
205522
194135
453856
109432
626706
445714
520366
341280
84141
252785
838934
626596
508423
557471
761391
537165
495880
560794
668489
42267
766221
614124
108479
461465
326205
390773
5011
405363
861326
641079
829816
153401
190262
140638
670491
705285
136252
882179
207337
800209
688571
335080
841166
565687
942070
902806
48039
20633
562677
337455
728653
287172
183035
324964
252762
780895
94333
415251
155233
308885
906111
403360
867050
604582
957675
470686
912535
723492
349995
327070
137861
894502
667531
532688
135612
962929
411422
405349
945918
455574
762204
618707
144480
7052
779874
857271
78041
587078
536583
55094
666800
748086
969999
527290
424970
202593
911691
897397
169007
36679
747804
279933
912329
897129
196312
762699
102306
593698
929711
609381
360317
593984
849776
144197
794628
619387
779281
243969
388608
441784
901961
227346
460274
903914
231794
625597
683284
385456
839630
719177
326200
552029
400026
42365
111352
252596
334470
290720
144590
4574
42403
682194
126496
452721
275075
405657
586055
589735
236445
226743
768097
133146
727757
989713
18845
603308
242706
762773
912139
147991
598334
581154
812490
585661
358380
444764
350917
507784
365101
147669
769634
517838
895789
674809
153035
670431
6477
228934
26286
957513
335840
393712
245448
513137
188377
730088
571694
34577
225488
66456
525640
976715
450916
480600
332604
82580
183655
375438
291884
629044
545093
674616
811715
744948
794010
180895
902553
63934
721994
291298
892007
238422
324985
358019
587127
896180
430333
356355
23926
496166
174113
426837
255365
273263
586299
959134
823405
390129
182269
324883
571625
547645
830086
126331
779045
845334
814523
351303
854934
320087
798047
662892
846164
459166
189352
541889
879889
896421
826360
447348
920686
468699
210711
852269
240202
412076
437628
626123
851586
366714
285170
952887
340113
813317
492786
144402
212929
813449
732686
327948
202256
384210
223136
449745
811386
355835
515723
724276
921757
395557
115240
187097
79002
405628
620904
876793
660002
377619
987239
930831
520642
446016
833155
675796
741059
442783
501322
432094
459906
369705
803498
507542
758720
183762
541787
1160
773706
402399
669268
420124
740165
27824
645043
769928
561848
541045
823487
880900
883472
508350
943745
719426
111783
599625
55067
444327
970304
192279
100461
406243
828618
906470
361234
888775
908741
81848
880910
180817
37069
520867
893033
406642
457990
221099
942188
235837
419796
650921
705160
250998
404348
678608
537209
973022
614317
914241
325217
980779
680771
86515
761822
139341
494353
612438
603348
549161
356223
197866
789762
242632
611011
39517
36112
20520
402491
659000
273667
785055
275769
77408
863593
715672
237851
500487
504143
66109
998556
92674
855730
709651
475935
174601
821607
913292
849872
835996
884670
313187
450002
213432
349927
690330
663854
485462
665016
590375
633421
264798
284127
634610
662109
771882
520790
787456
470366
436971
118541
301159
975130
640652
92254
149463
52433
880912
877262
39341
712335
80573
29992
173430
117668
800060
759160
58378
334659
186811
921940
646677
661912
626474
597017
91337
760179
230173
546108
209204
94276
214567
96818
610626
38282
441136
856197
719333
822440
354845
175339
747865
811640
898399
141657
33693
956391
342341
66894
972816
950118
495701
742946
887625
781714
488690
201031
958559
552048
223749
296552
710305
515983
891392
910107
225407
982643
463999
487997
426058
102139
89807
79013
334842
747445
995448
121178
720117
885327
603150
418479
572973
939122
871722
452638
214647
331141
364808
662347
856028
779313
260361
474210
425122
391208
222711
358791
160285
703578
646798
968270
367910
124842
191183
821641
484644
290407
990852
728569
32448
913777
407551
917709
548444
739230
715008
918862
316851
594899
85601
664156
315461
540180
350524
364344
365547
516799
483419
777745
375898
486883
449437
558973
264493
992735
182930
271097
209938
819566
417367
196205
394716
983278
14867
101108
672663
706136
850494
801626
34264
20441
847541
558313
534326
474920
929481
606040
380928
419078
628475
972213
832616
21551
413007
752016
89484
297501
165358
755506
838958
7947
562000
352305
924959
544599
472866
210538
161585
831350
629349
672110
847776
663358
49180
337984
939567
548470
979884
191006
746941
461116
876119
21830
438377
346208
565939
680849
936543
210146
982888
754261
898608
458360
570141
874422
49610
166028
795096
430691
237454
4357
284418
79891
620550
175569
469460
795154
176821
847647
368271
379883
37341
239537
201925
573906
6311
59174
921266
853249
978740
764682
770391
299444
236340
414808
594207
901823
657279
23318
881281
653577
851022
505935
46788
72873
579077
728547
93788
672370
15939
729239
479025
72879
189205
941529
546075
928220
505580
628257
233881
333405
189315
158795
781669
562293
579929
921503
214688
844433
612561
962300
507478
555969
42388
91043
545506
459363
499252
618944
942445
415302
128815
779671
737096
957963
238517
946409
133782
765023
538073
985469
545493
845840
751882
963049
53037
955009
918668
49009
779685
289454
399109
544646
298576
958309
359070
714581
86291
803755
659040
980347
788247
484307
15271
331071
424042
767922
177695
621458
307585
665211
746855
933691
800458
697874
734978
257365
120230
506100
211755
708092
587094
988442
863398
760183
803115
600925
292926
44226
717057
765200
10772
841109
993265
874355
408592
500662
35994
23568
677335
656357
448929
46189
937017
515518
199033
803087
584099
783519
510249
62053
542624
880371
521879
556761
911683
859343
720276
398592
899067
471610
559284
988182
22104
494840
258890
708643
983484
325033
903335
945499
297421
532039
929111
318722
456868
595581
915775
595754
594303
324768
759688
228397
6921
477157
743761
454184
269469
98713
565435
327146
705957
361213
737011
956354
18064
194136
260642
718463
249885
591570
975530
331481
637148
739968
471173
786151
816915
617384
148794
814509
578533
761608
895017
688545
29290
857783
665201
738087
540631
788658
45854
216247
460545
633638
419622
638413
899930
223788
186413
768379
228201
571917
648963
34353
474849
142295
449354
365193
463907
678716
138006
179234
516078
459921
441420
622292
227722
75581
526445
428873
793898
622370
175826
671219
180755
766803
345415
808248
439369
424525
521121
509374
305599
670185
857980
52743
385489
905491
925170
971709
986624
62481
557173
125493
193428
307782
419021
188623
974874
850676
316401
1273
839773
358339
91417
767249
624281
455200
114864
378576
260055
920161
669411
181493
641274
865640
908204
423505
94087
244649
813490
203319
448609
230436
170306
104792
482013
554689
215563
574006
207171
867081
431981
564509
931722
871857
977729
886240
530710
192341
348680
853401
932208
488607
951875
425013
693311
992078
859276
371253
891604
409392
193182
236756
51246
100180
431687
988362
695390
504398
374245
29121
741535
915936
144674
966591
757435
993200
565586
180337
455186
474754
799753
68250
519335
415449
746571
670744
885616
922707
952035
727108
878935
318735
688764
414849
840364
43973
807630
913847
836202
528651
332313
655227
422184
742607
522023
888814
346772
606590
961839
866026
212561
377588
850048
529698
731060
328302
563207
372266
179014
633655
910096
25538
752088
605804
651063
320093
824862
564059
206189
809297
600388
579007
611163
423359
44207
908929
1702
937712
582484
187182
326906
740662
954075
233949
226003
200771
895728
535198
105355
617412
234014
296758
351410
279331
27062
605519
1578
585437
345260
169427
938481
463916
888665
61461
255140
579280
454198
649131
93595
131422
700689
354658
671316
164993
544804
331759
902486
432772
578471
640672
943410
605848
347047
839910
786980
900315
310157
984649
995125
929689
534461
943102
578239
929190
15509
526361
161985
30179
76559
989352
858915
382479
73719
642579
154669
174360
823970
107520
474232
324902
692623
688339
762651
873954
254543
800968
352864
909711
836205
351392
51064
581482
871809
174809
962944
648971
602917
455213
155025
82452
959231
615740
988431
30431
889918
235304
749082
12994
366617
446316
983384
199147
558765
279222
924153
877282
276217
984718
109176
596846
891304
628168
902181
861480
110817
185417
58790
867801
436993
642363
920523
275789
112584
318827
893913
485692
993011
121303
696401
735280
269583
946047
604410
998394
789319
811641
482622
313135
896890
691915
688058
748216
872136
238578
849904
103401
57850
247919
665112
931573
851991
666775
277666
530540
877958
373610
337282
831189
30213
441061
123656
980773
902984
422430
519675
705579
33177
508050
176997
497841
523696
631904
800174
213721
701248
665023
992824
299862
665580
536700
707896
802229
979984
719609
536231
650908
465801
953364
485126
606441
854859
488042
285251
513743
30097
738913
275711
508630
918330
107854
780805
554810
85388
961086
183562
481815
447731
475648
739547
518668
711153
537708
81720
611586
663338
378361
843674
621030
987755
250743
558762
952115
679910
714475
210686
450465
621099
417920
191598
144972
394078
38374
803250
803635
100337
304555
268666
762248
430603
325506
4480
327008
633522
591276
775080
690167
856666
30343
465232
920504
785284
960205
84840
866662
568515
449565
600930
885551
964648
459255
306575
593470
564340
27036
457638
47124
46958
142280
733142
941907
229488
588649
285203
126197
450837
228410
111518
363204
547895
150492
895606
936020
179300
440361
984961
79399
652293
226869
652472
789344
990074
412953
682136
952357
308485
779338
622504
81770
137174
217505
172565
727867
160051
313522
513225
506094
964485
178751
965087
120959
701943
71027
137672
963553
298801
314350
348570
534411
195643
608238
549231
426006
239628
734637
308649
88900
72273
481359
43391
150077
71640
806071
824128
309376
637829
63884
524542
123329
744445
319033
84846
260669
97448
272065
651438
487119
917690
514113
132025
881970
21404
575449
82433
779765
983749
44614
388989
552743
772950
176322
575743
251225
988880
152583
810911
143233
343235
890316
458152
721283
75448
457893
122837
92643
952899
729912
750734
12635
285618
1953
35277
891342
952608
380354
284158
983436
800558
138285
490788
435089
709644
537399
176118
705961
652107
675227
788030
987851
630209
664036
802962
921619
859033
554292
22289
970697
430445
145845
529720
357806
418854
628988
460094
921127
940785
776307
812665
262281
332348
818616
74181
985843
800557
340755
418041
543065
299624
577687
339414
934161
777012
169319
493363
867601
396350
188224
886825
949095
717196
43504
501319
711838
267928
233201
588748
152225
877213
611936
114666
691826
629518
959336
828598
490921
281415
279870
775391
290926
116862
552913
152060
217739
391498
307303
307572
485575
59404
836082
257925
229230
66685
715656
364521
695117
453663
878639
365293
577424
50993
420634
582874
610055
91955
525524
368360
265012
213353
279185
495231
521993
690823
22340
303149
888574
95207
309341
50438
811109
309590
536389
230207
508048
142553
692420
801352
746133
454077
790123
304548
603446
842102
685118
536204
323180
657812
387993
150407
402708
912826
752201
392520
27222
470594
651521
787786
235439
449199
119596
543304
461083
376580
143993
409144
578163
939489
737628
279968
791788
344875
268151
747321
793126
699110
442794
607983
356114
317008
619785
25783
648209
128589
795454
632284
200220
840860
477513
222666
697499
146087
489005
207121
882026
60093
654832
74230
546994
851338
744335
640674
564537
183920
33818
210194
945645
342041
953095
774360
353438
301242
51215
967033
396017
658799
469066
642757
205260
244988
204030
36507
359628
918733
738856
947099
978491
66747
841469
982211
318339
410658
157555
624069
498706
406371
122921
394208
230468
757621
481238
498766
250246
818231
431007
699853
126647
141424
17892
125187
595462
318621
142054
576627
287572
350216
445943
431728
253578
450397
908296
425980
933040
993129
943788
981779
845829
827038
908511
476245
8585
489905
929172
962714
218263
228546
641231
821392
16633
346789
771295
863874
224398
792622
689550
673223
959940
931460
388162
177963
360184
97487
244299
778290
938888
134957
944153
858968
311574
737726
268262
520119
368217
97122
631129
545136
580984
233052
628063
986852
708943
834138
14426
346025
581342
289275
438135
352348
609708
150475
282934
235655
773220
155062
531509
298279
647819
720247
464062
785764
695908
122047
936706
365849
948855
450415
370348
689688
124008
917431
635210
329604
852854
956538
263796
79579
905653
174405
484891
199527
901791
51714
712362
4579
135463
498139
431864
363597
683366
672583
999251
498655
233373
324180
127544
68069
266779
116531
110167
664351
920626
14636
599034
456280
152789
152371
34022
643538
728691
273653
754184
736397
510366
128577
602528
898654
69274
364166
10146
86776
696338
438421
745222
893038
925681
815246
535403
292220
614390
980381
847227
340158
588951
656393
455849
931256
611649
912107
403099
789043
660410
868463
818026
267473
571702
960436
203254
547078
799167
20790
789614
996759
216629
184667
416161
787127
398904
171407
390793
176584
940727
265515
285495
360101
35228
893523
208289
714015
887972
583656
959735
942530
937746
788595
97783
817461
813524
333125
55937
329565
666137
84341
704633
343897
633016
203510
56329
468618
790418
429492
929013
505343
462269
112369
988589
267374
158194
481361
591774
84185
275674
270922
707570
624835
749416
278815
331191
585201
771207
975436
526612
64567
244542
558902
346621
958675
709442
195965
952316
442602
82792
401164
817834
88904
528674
871300
192794
381795
489616
163925
394618
15137
507706
545084
801740
115289
502341
780785
20435
779308
945388
466332
243912
578430
121847
772784
737155
799358
875446
861728
74467
313487
739517
402122
658894
7246
940464
225576
663329
393561
320429
514979
855439
922646
302821
472179
159046
218535
173092
329225
446225
841440
87182
608113
556878
657729
543458
648621
901504
476224
811208
305677
750513
869413
781330
457953
557788
639288
685951
470018
444427
834383
293103
465379
909870
744219
306334
774245
121335
615503
58734
588289
837547
473990
980500
617938
21112
600189
273611
186401
771982
426076
113597
687696
916191
307450
898939
795021
597488
888815
973681
585903
526446
415781
25755
93591
24963
399036
617826
96101
808082
539751
459534
132523
869739
710127
140415
59335
201252
260896
382477
588030
338066
381975
54052
722078
11716
986092
753833
468095
27236
189079
236019
333444
991676
400090
843535
619004
392078
225731
322026
779565
27452
109654
752378
577175
39277
128735
280799
942569
372417
347688
770906
442910
725662
390966
820442
572612
421634
737825
550910
478895
329260
278196
627749
782102
547032
307297
705137
937593
853909
124618
355626
255438
804094
173150
510030
645619
967578
837539
205084
356442
70811
278328
116181
813120
436395
258125
824413
93079
269459
61477
49685
235884
538241
238987
706271
279281
293869
713636
817048
363246
582529
557068
829821
203931
129394
740626
588224
515495
154552
957052
895421
342725
336966
992185
9791
420652
847455
591213
926849
661820
810407
874311
828182
296638
900093
625950
651625
98851
946451
719931
611719
66701
561186
12449
519917
96060
144445
19951
296080
629236
274629
890828
62304
579942
475443
888204
766058
222556
579376
505775
361978
339489
744222
712957
731816
570773
717025
422441
813385
922007
548771
423002
81716
970079
723883
51407
495058
642869
672378
738872
562690
654105
164878
232291
828565
137317
782056
196994
108596
380212
691146
613799
653667
903827
654498
854733
846066
624852
708223
995335
667013
566934
608283
104600
39244
685510
803591
824377
805628
54556
869233
769992
854878
305688
429785
714959
447787
921323
930814
444084
61813
456600
354919
445735
707284
328197
573118
996367
826724
191626
9112
769523
454266
74982
270586
601832
801944
404497
109417
35367
126346
299500
299221
471635
243745
372542
304883
718956
112342
310394
797116
9171
770545
951474
23697
942612
729172
957983
316997
106385
555081
329608
213522
55078
203734
839087
952790
853076
74154
934993
193798
795853
172141
691620
612219
12090
270048
760727
254975
993411
611054
216776
420046
434515
926452
158907
788708
320466
334890
103749
370610
235211
272392
397929
229192
878040
382946
703355
511164
375501
573240
274017
374731
796037
394241
228172
728014
884388
35969
317384
492810
210523
762898
748824
581038
620236
467524
987065
439518
108870
463929
544664
412598
84434
400131
83167
980936
279073
645310
959067
552564
892729
827857
350883
539005
313433
173094
175759
549269
456043
86442
793879
702570
261204
647850
959786
630120
939718
813129
179299
238407
311570
505962
305470
27966
205303
429749
780250
358039
816949
275636
23143
191017
240780
381359
422371
909541
796123
944489
909218
289796
987506
111232
158930
954656
865010
276050
771137
741067
304880
506483
129646
414455
370329
723735
680747
765868
394151
458679
962292
888309
556166
571783
953129
971996
428815
329314
357223
930899
556317
226350
467348
333824
255211
337206
419177
212995
567621
559179
731188
748451
53282
762569
545479
679440
309959
696642
753514
605116
417846
215707
337987
543431
174171
893474
371599
572341
294031
360390
469062
887053
20680
228376
938679
901474
750993
224895
27674
312264
948742
423639
920168
112418
471640
464083
266634
709569
32533
91337
286612
882724
765305
39538
69921
789281
41418
810947
940053
408012
723605
526556
464545
584123
126857
830147
136274
680566
185921
387754
861786
546207
761127
185695
546575
429404
190467
662400
689865
984709
373987
480699
429641
781984
603432
870609
239179
101464
486437
586643
522860
729641
770281
139412
830759
807875
970025
388566
940210
560999
617735
123520
733886
328741
470282
437664
548660
671218
874665
302813
846848
691685
302923
593433
220065
464484
360803
222886
569529
292860
411911
738849
280932
388866
37099
811775
977160
781049
830259
196592
642163
232435
532626
338974
475743
966971
500667
770132
288660
940766
656221
487364
934871
102322
223307
820631
181044
56355
92930
570021
945601
854265
534461
971301
115621
875040
129733
475040
231554
461271
657363
305656
304071
134228
154918
732951
878665
230371
816858
200821
227155
58827
15376
37899
96680
239711
318465
621645
205343
238174
309240
116200
898214
42294
518524
664244
902663
95086
183056
783728
137151
984887
185234
692234
974803
142240
269053
469754
771169
776746
216769
363336
414304
463856
282641
333904
187498
403215
842724
226844
635515
307751
361255
305648
441635
344155
637272
19587
424237
319596
750819
590413
672295
366324
153173
903695
418759
389137
567837
257892
209076
292454
989910
513383
740617
578560
444081
877149
755300
357016
139667
937471
382852
334944
430315
93377
614424
154655
551394
715627
776761
493693
52451
394600
556832
582015
987664
722029
555704
198851
7256
122841
276708
702095
407274
476936
596845
854394
112459
933583
878651
719808
854741
292508
538274
421143
966807
445536
327742
567435
483179
877896
109465
5587
772498
109712
848208
567038
510144
653620
305359
948821
679707
167067
342711
559858
658783
960152
245845
609929
334862
315997
477663
747249
103405
502237
741920
769383
772490
595617
927715
19332
336011
901812
338997
328707
293282
917162
268342
761235
83392
105817
398945
704737
907772
550545
706422
586006
48158
269086
337730
758311
91136
44405
701697
917494
457884
536097
186166
189965
91586
620069
463600
366498
163556
560362
604059
761326
484566
65188
899463
261985
152846
485461
536930
403328
718570
481136
520376
357290
853532
405808
184806
360778
254904
114342
740704
721263
227684
633498
101479
218220
330524
905232
781927
395877
562998
420759
609500
101161
563169
469330
479524
104832
943670
321206
578673
366304
28370
472503
236004
447451
101446
477755
299179
851226
344230
831743
507968
922738
286344
691594
698578
5964
434256
766932
681150
348326
121795
186505
266369
197875
37265
383457
507909
314257
38876
391870
853003
427709
866698
810480
223105
348430
958970
176202
697468
254324
19366
771200
71192
876960
858612
339878
593646
424843
700544
190699
753435
101595
537633
137513
503281
358486
664248
249838
350051
746369
476317
755149
480215
942721
824209
442131
738135
659229
382729
502229
19611
138129
743944
634278
678233
650598
979125
563357
218858
374220
735663
453846
202374
155459
165889
511315
246069
72622
135455
618742
426205
171611
533371
118917
898511
393560
135586
562083
534380
55857
936670
371947
600868
812549
793117
431044
836623
929407
108428
723334
134
528016
535120
450630
171741
142805
547560
361845
71744
99047
748967
644413
647779
718815
358410
421547
29602
984277
505013
192889
57021
262861
70819
139993
750375
184479
390217
355364
230142
344086
147593
757764
740094
966929
996813
711541
461273
929710
661286
290711
36153
312589
821604
730141
199695
439283
740865
123307
529214
102806
142354
63581
910035
185147
925471
872666
347878
117735
741967
230842
377158
824525
36537
690731
802028
510219
279784
41988
861465
205712
401976
997626
61343
423489
867394
371741
394140
840154
63355
684493
304171
240625
874624
181945
760811
842837
77517
134817
833543
493996
640260
615926
480056
900539
483846
137275
302375
77883
947126
919691
790985
445991
22190
799713
125316
399664
769656
416492
53471
609851
226253
53789
46028
597140
569961
714821
476351
301488
932151
459548
935984
483938
644488
650399
465788
582984
56126
262748
498464
492780
174459
584044
208193
605499
269450
874400
187460
231023
593142
625462
394656
537318
284290
6440
228154
922830
749800
334084
694793
413046
283240
604476
513540
916953
758984
826718
856865
132516
155879
206561
334890
818580
631174
702112
730139
962149
842049
387054
162643
386434
916240
557545
830403
904906
813192
869352
163789
555361
643343
842079
933237
466379
628030
4705
649686
367039
874987
63509
646815
990152
319175
985155
982562
751217
200397
43675
270575
802657
548297
109992
502913
904468
482765
125936
9380
690402
351239
422672
731203
861680
366044
71315
18196
691752
713760
628089
288455
696889
960520
60480
67094
949154
776651
836939
713598
878815
479620
650050
65207
371843
403843
616124
884043
499057
325340
182309
100439
155849
348677
377330
542181
820581
721411
487686
385179
615820
823511
957893
691491
947364
821807
297164
343130
364051
131813
416453
557887
384550
441335
598715
527296
987683
424968
485690
811392
994487
433190
742860
752175
955698
461452
640029
154846
873595
472043
678954
231834
982357
915176
164081
740467
607109
172373
513762
191325
368761
499433
649005
603889
414095
700848
588378
713585
883647
146136
465640
904098
595844
17019
749565
436424
508032
21578
50465
877318
832326
27454
166211
900845
249653
973454
633333
313847
472149
892401
16767
7731
208710
977996
302180
215306
248213
56188
890468
458915
877017
408588
338375
462011
626820
576741
87221
819313
484185
988007
674267
81456
122688
611290
69712
502424
681258
820239
291381
237157
454182
220666
509288
958210
210657
290166
304832
200479
657420
30958
701800
675488
590092
455083
16871
354857
591839
643247
817114
589144
862767
665826
388989
492881
222578
435160
209491
179306
13903
296960
271805
84463
577157
955899
944262
732780
19135
188052
876915
928856
678999
386023
797894
939673
487470
467565
606203
656806
427701
595488
453074
566568
887175
640051
301818
644491
196863
374530
662967
785802
904880
814222
931210
703946
399350
797139
330993
585696
200735
457600
505155
91314
50086
224730
397649
809525
298629
208757
312378
535621
539751
10671
523459
34111
287044
983206
512202
213571
30336
934152
965428
579911
640442
498705
995136
98807
884631
586806
867175
460172
196910
369109
867554
413087
336446
969101
650791
6359
224827
651738
11010
763040
304444
584150
301555
875012
27137
44698
215518
783918
66942
809431
405283
498056
690384
244771
305500
70179
279175
525191
357470
833045
820704
842737
697796
381297
926753
878128
422497
444257
974663
874317
841183
665878
126254
63919
297381
709859
443362
310957
796045
204258
257674
493746
246642
413768
318321
643167
153900
153499
848112
781351
412392
59357
617588
841933
723211
182881
932368
272186
10062
196613
8912
67109
755919
907595
784828
42262
538391
150224
89560
101396
25926
385129
78740
116437
765435
678350
486521
611982
737447
378543
145216
455787
629751
962943
12635
848521
462893
942190
181777
565000
547870
949570
95054
315534
223573
698699
740703
832648
835838
760672
284203
398585
58900
126172
193678
24763
398617
314666
656934
549766
329612
725355
11734
141589
544674
975080
999867
877546
990496
960087
622630
155833
330394
94242
419935
796461
831894
738697
421899
712268
853471
484079
561838
582472
549070
697359
418332
474277
217437
922420
325613
117822
756674
875853
167420
90728
306811
383290
997355
442267
894886
825342
461097
534752
83994
965736
475537
538028
111577
210346
946679
171609
265538
100018
265040
380159
480451
583695
835307
54992
294214
982798
775861
369793
305587
737112
956120
138141
479859
48695
257405
798700
784615
230535
836528
135998
275860
608384
135644
535501
881250
982976
562411
104736
880727
295081
965408
887393
455420
159108
46136
81783
90494
599249
330888
144896
400574
648877
249459
391157
637471
300901
132657
899123
158627
847373
453946
178552
370851
696357
603414
539709
860208
540468
266369
619850
76181
465897
232764
29297
495185
132910
502621
327791
168089
835646
563159
898201
210350
120831
887158
494198
221067
795801
836766
857152
932578
601669
400183
289591
340341
955081
787085
378581
189811
209562
786260
952110
144040
686543
586066
502519
904052
452840
993067
835608
771413
442504
366557
107402
977817
143825
962342
111381
446660
587390
553833
598174
178637
547049
340772
746480
243173
976659
94383
438153
724278
408581
124366
931201
646888
410379
797871
698526
929623
345196
880548
923219
573265
915906
493568
223690
930583
15934
753093
678152
995104
417775
679166
320261
360496
103397
567571
505029
938240
823162
6924
655999
296417
262508
887447
95996
415037
835254
45573
687922
402431
514602
711638
698931
260375
371283
866176
195605
896442
124834
724544
937543
638783
964621
830299
541965
162798
577317
341017
454615
301656
840661
330447
848727
531664
253471
842227
967352
258016
29334
396145
240560
48744
862264
620820
440049
668279
409042
663390
449464
150252
152010
785277
478353
91787
19648
722670
604768
717904
136618
688737
183962
916646
366985
6784
767010
316830
366867
833309
203084
20619
120615
549440
980500
859866
540930
149631
308305
365854
698522
218383
379742
614450
751161
808621
418393
249868
304652
100605
342871
541989
344163
943623
10079
294691
625789
181534
689118
516003
634341
441502
954482
686666
996623
632217
698737
139506
467970
592260
527138
988223
834715
356342
569482
217451
528328
817907
691685
906115
289097
65524
833869
224781
370320
277272
649660
608433
566814
560349
341267
213154
752350
468283
75574
816493
622973
677729
952530
396549
969048
75272
72130
518821
924976
970730
682743
217696
538388
252164
207408
952979
902593
39776
495961
724053
626758
471468
982324
353955
291118
140999
6304
946517
39176
40884
797092
375798
502816
140130
971781
715059
901566
885235
632376
817443
411964
886985
992611
645932
947362
297996
526929
284189
731483
87463
401805
824517
613348
922567
313539
999671
355678
303282
412194
540971
37431
966140
998758
577877
669020
584153
52273
692331
360481
406830
575653
88565
559234
193456
917976
153469
283178
172762
304796
318477
217478
669848
746758
457809
454665
969186
943061
530578
121636
573826
169900
749007
893215
381954
807752
563765
38775
389810
476884
996376
107841
89368
781370
428015
440873
551423
687297
472180
475815
551889
827859
755648
95635
154272
814276
900152
491407
516370
162297
881218
100886
35472
217019
540296
894033
143363
191718
949968
45029
65651
734666
823628
505081
85846
115586
315885
372776
337693
434520
489528
350228
706306
645717
105201
518140
951899
291446
805747
184635
314927
134293
104473
762779
56211
657244
445678
19335
334396
614217
941825
402663
704882
488654
448119
336245
464827
402407
449613
189774
295368
570682
150313
415829
710173
328407
685937
695488
728869
324662
635863
605826
506613
732745
318992
978456
85615
292592
373889
448337
10155
29514
62683
531152
669983
498892
4662
240812
706680
33964
740923
776458
826107
198369
80762
914598
440839
139618
440557
988323
218462
594938
699666
395366
922958
457757
915412
826454
948396
616140
348978
224766
623960
964045
136237
421434
887140
534242
131874
883551
20794
116966
38863
224273
598973
152392
328710
830666
92213
605221
211422
501560
171919
666543
547021
312243
385642
15786
885343
734636
755765
955510
383933
612643
411251
968751
108725
995609
501603
73131
955598
386926
445417
2446
401100
115487
334594
150659
127523
472593
161056
473347
769610
24527
432423
536441
406479
362274
419078
31884
821583
364368
747288
948447
278186
306611
479631
110372
968683
831547
312689
462203
877216
615672
230906
468510
943282
983734
484518
530366
970568
561505
60574
244975
562168
446525
136764
47014
858713
41758
104492
796781
520543
340915
651811
351552
206396
793258
651580
851188
279681
620253
158288
612686
378194
905734
64809
237595
326309
157180
396370
485501
221638
292350
982976
700349
863960
581466
113577
319807
807273
588923
526750
858549
859009
694334
308187
39846
654926
445325
607372
682772
474399
874461
334187
276119
331054
84088
473222
713225
921311
20169
264732
445266
835115
592631
980432
175009
221555
970157
764796
967603
687065
640215
660672
93651
321697
944941
766463
908452
768462
30618
458365
776538
216442
688947
44706
551005
450001
249185
286979
211428
601436
903532
984957
370145
523442
656805
286974
424141
561093
318089
893224
480915
715008
884132
685168
890382
443266
880431
256857
641768
970616
257055
248520
981441
490477
796910
581227
152527
701312
894457
12992
31821
607474
690010
318703
938330
620184
977045
315377
282434
739558
208773
695238
643539
660926
829513
790238
895126
164449
155784
856588
907094
458401
924286
447868
845808
456483
242975
686478
672305
131080
280409
35225
500193
25853
618538
214595
67297
467815
488170
113803
700550
212416
409051
744864
473448
908763
384943
776700
386222
73206
534678
765196
64437
375801
600236
66108
234448
256901
494840
38038
817892
441290
352906
206495
176151
383459
752084
723630
450581
646193
87842
400926
372928
283774
61484
612514
287121
105739
154940
646487
707858
983915
131425
530796
661095
889316
555590
354909
71605
678614
835396
470159
308356
560798
114219
108616
105590
581170
633234
442713
341068
697929
140119
652915
890133
285611
201265
809234
883513
561844
211874
780332
338937
163269
233723
641759
284629
800330
992316
150036
104413
66895
544310
769138
354999
348990
851460
906330
829249
857420
394163
276750
52750
310577
639438
427469
699168
726429
151763
164116
538438
482577
337485
609815
517146
781920
549632
496588
147930
567431
666234
676489
172218
805667
949894
703903
858686
887832
820482
396790
149771
96725
97659
367761
662042
384755
897888
524032
803382
108378
754801
123872
3385
620840
975349
687082
951528
362230
64479
65098
76990
45312
551682
125544
688135
880960
751083
603465
299635
325098
793018
227371
392689
423651
984036
187934
437348
407038
966667
411407
505000
954123
192878
743079
187869
115901
185546
700775
311188
67486
82252
404101
246970
325987
428432
529439
675457
632500
126249
35039
974195
192149
189361
51398
817319
69868
469267
311009
315154
349702
122276
16132
833083
145276
368562
754068
192838
643356
208776
123387
511039
249925
357468
604830
472655
466575
424580
922892
269202
282530
813331
103533
666679
734875
92059
876897
285921
677611
743536
953419
707010
509784
129839
116246
179008
166593
711760
755941
270359
26316
634793
739823
487183
712140
866634
420728
184258
303489
836708
817740
304214
259902
736861
80621
995067
33084
11550
570725
394903
658656
791567
292186
53898
360155
273649
7637
787493
764841
616313
951182
552660
981673
41706
684377
27045
349369
9506
704459
746064
287871
594442
509738
711075
121144
398803
459452
183261
828790
629407
289581
734574
665572
732499
145535
53700
549667
800813
707773
226212
614977
205112
642948
85372
386857
931869
152144
92707
252899
773853
178862
597179
818317
655922
589076
131130
231016
698112
553739
380557
86654
72575
147043
536746
107577
306385
491618
246910
795487
591014
586060
979841
990894
630363
544067
380137
646130
297012
806971
190268
39263
718551
541904
225889
460395
21807
74122
613207
281503
255496
750091
5051
157769
639419
464371
806642
200114
537676
12520
720703
221088
792046
262828
102305
3579
548466
302712
642545
175855
633334
713142
195294
263397
754659
394868
432680
266081
46216
884736
97154
99974
732612
677635
644778
138844
739412
50032
483875
306664
455410
280084
607917
686504
461783
99772
157195
481201
796474
146026
312463
630089
663178
881450
869220
924122
357808
684161
312812
134217
546789
568000
357581
198158
110545
986683
971780
162504
723678
939389
785359
725971
273223
576521
849124
730345
449395
323142
444516
810981
419592
980508
743461
395178
649142
811328
460067
599803
958951
420174
62438
632490
391724
668108
996908
249955
559953
980295
108502
757776
128190
293067
337639
661551
242249
195257
88022
806215
195847
818674
903509
736716
230760
159501
76401
119390
360898
339646
890264
971217
166253
625875
556063
163408
229898
716809
372821
687347
278489
199703
791090
570663
310863
790558
854035
67071
461608
303620
420704
665213
990676
634082
41059
354730
413802
320415
28359
78559
527731
688713
227999
617809
158521
936425
244690
895629
662300
219090
484012
151095
520345
612223
918566
251887
587076
569586
136937
102236
618311
43108
441006
171650
248475
174540
660763
644962
160890
269406
149582
954946
733329
530132
817705
494353
562833
508959
703693
443615
949714
800452
164681
