887832
208416
958523
515317
817880
460443
551093
947740
339678
820397
602899
309205
917632
343222
815622
913183
486450
800884
168620
865185
706404
42652
601504
947053
541904
115747
457123
377936
162835
447512
111458
757366
314697
547103
580563
401784
503591
149386
268721
787873
664164
44564
386854
997649
310371
621805
894457
311236
997283
726386
483527
75277
607526
282515
710181
537050
899695
652975
38706
51309
172218
807262
8985
792885
167780
681622
573334
290423
100438
409041
416309
909408
486436
647713
941079
921680
40735
920155
586910
316439
483262
293380
508091
862636
653960
106002
978474
396589
592723
611968
92175
154359
96454
957676
872327
634083
815193
62992
790726
866030
145107
88964
44250
83338
919186
849195
699154
534422
459327
736210
530292
346557
883169
13814
695130
350701
616406
773508
775825
560615
837757
512674
803471
961239
903197
780848
900097
333121
95020
617402
929547
287511
15388
867762
875686
621171
718164
489632
828616
707667
9268
380312
216095
259870
236403
367099
423736
714416
88390
409284
284718
950494
135772
98066
170418
284167
304433
863850
869593
11947
702771
294604
36233
796847
17377
583549
723636
176947
516855
653628
797997
509081
133673
712335
27448
520580
570008
188553
558803
335120
120900
916733
751460
461153
709856
172059
542767
892684
457469
631013
366171
755947
385770
588073
351483
315967
270947
409769
82226
916394
789039
242138
296991
828718
965754
390217
974483
602783
698687
813997
263802
810634
518805
282850
749265
794605
388147
118778
202323
102558
249522
360760
989382
23727
78835
292807
545981
414
908417
799313
410675
226357
224108
60524
941879
61498
919501
931536
407675
938034
693669
544713
221012
582391
692842
452797
826341
764349
859165
213725
506494
883486
833341
256932
196376
580309
472261
821738
780586
9706
534804
175486
387764
463570
756880
757958
689073
616912
66008
932107
439370
666746
469368
726191
781278
723473
723836
182245
355596
198307
659250
301115
12685
143895
787617
439507
689414
438505
264031
170749
202939
564695
18125
575151
303088
964899
386414
830175
308022
255787
992189
101728
927167
516380
544431
245293
516187
266007
657288
959879
587442
869539
34706
122485
557788
137876
2131
356308
731705
390985
458861
84039
315150
541892
108807
581071
93863
671143
299137
680890
571583
244038
678427
57219
845051
343257
600626
655005
779556
742310
398669
786687
757262
313419
270585
31985
576147
901897
102785
403178
627435
587006
928926
829190
297334
675707
803271
646834
570419
291984
402223
716864
255491
348637
512249
139854
398672
945363
319236
431285
797957
817670
374028
79689
481544
774283
954748
399639
669033
122180
309828
626560
182948
848332
385364
748981
745591
681160
809293
177128
364787
371175
786495
292038
798731
32276
989124
358345
909160
432345
346392
556959
389087
298201
728587
164459
116447
320900
495799
423410
531612
778627
642604
419343
811300
239314
694110
24294
444940
357093
495380
947194
638247
236761
422282
267369
610425
606839
130448
800067
96529
622072
396550
638295
158047
511687
23924
570160
803672
576131
774931
580477
44772
322022
124479
242403
749356
790764
281705
264437
129857
16513
295433
182791
688924
271426
625894
2051
629668
309730
636239
617213
942983
85110
566109
593461
483804
625183
211590
836349
265076
687882
667225
55272
992714
810481
937861
113522
692104
610706
341473
224905
879755
386766
186218
120495
5305
543613
524664
571834
687845
641721
903613
556314
681609
79125
468570
994165
184086
696214
68723
867537
522061
34222
980174
152562
980441
375149
427312
784884
717291
722095
961017
670868
63900
258031
271784
773206
506598
526936
539160
482289
799208
789254
62025
431504
453366
413245
263626
712736
626818
418519
998212
539741
846751
121173
250209
726183
299884
673266
818218
863719
169530
986944
252358
899592
397418
988872
973206
284244
194839
404078
112943
689532
238696
199495
324261
556987
461384
550481
689324
599992
748048
162052
6893
4093
302
589821
477857
489615
73838
597954
969689
134138
101299
487345
42193
848975
321649
687144
594797
620172
95042
576407
674577
814743
838485
315370
647642
811181
719009
558387
781129
49669
662428
99709
590729
379282
747796
147735
385499
124392
587233
421396
385437
60899
391241
635041
570657
308414
774154
914377
998552
874491
6997
701157
611934
421126
878151
201278
776436
991394
235738
162437
826162
158894
2529
420058
144593
822013
347078
942320
570780
780639
599873
289820
432965
815546
613906
534269
2159
312466
778479
899364
748248
279433
542524
24936
615291
370034
847468
391798
52430
467679
649778
861499
455550
412866
674273
276380
181222
31459
957125
592109
988946
187857
142489
710154
132280
643328
747421
318046
359113
759897
785209
986719
577578
700378
651483
922979
604400
681320
496567
634523
258559
667256
625102
503441
630335
398092
914214
919479
228056
669454
292289
555772
181285
468752
363707
786721
914860
693203
574592
912422
892113
699974
136927
287973
290927
445361
215904
788213
229907
809807
23518
677809
368918
503965
611790
656831
243195
444005
273173
905172
42991
714210
986419
90414
899481
227025
757011
359
627939
344129
677413
95871
311272
189909
12546
304346
972009
805031
228015
482308
782228
248813
980765
912421
710917
490766
302101
784004
491364
803577
435325
166934
305619
416057
233032
60665
420118
463799
118098
934813
206499
475564
628080
170592
562601
252526
700642
908852
278368
120520
101068
118883
659649
827816
118641
199343
749214
172042
479606
364359
193401
98109
787906
793617
503417
630347
656660
658216
812090
22974
982450
287046
9033
930592
214721
308218
691937
256321
822425
214150
307469
651912
994734
767321
352253
447381
625201
78785
295178
316011
871606
240648
333943
813467
419223
285498
364705
966963
24897
562739
824753
69499
147640
847194
192424
210314
38699
478089
145120
974551
969295
313196
136266
786167
743808
134272
794794
992685
753973
220101
951640
254778
835883
977376
147530
984240
57803
527067
449505
567666
113598
827647
756941
833868
65137
275961
437769
651670
641291
704658
652285
473401
32351
665497
339596
42475
671064
122386
781547
589392
968567
798338
35190
715144
903987
642022
225139
777078
905068
888234
204588
487847
560437
459651
545885
306389
519423
222636
30001
185542
963575
549646
617635
490857
933753
453111
100333
935681
277065
669072
481037
60832
628025
765421
219662
637212
209452
723240
713310
740519
33973
438281
958514
19108
210991
762283
884894
526648
838645
205497
874897
361291
701863
342383
308924
416359
223390
629589
149782
198112
874666
607422
338803
75992
288037
888025
417042
983316
560686
281275
78180
365293
593240
789033
142792
256899
408490
764187
270192
649740
442663
539713
792055
185671
236577
151264
567819
534909
688014
567058
295784
361923
876870
366356
472699
873808
130499
255331
511896
926767
619673
844077
573869
430119
999830
21584
242194
770367
856697
161014
341047
467095
715375
901219
266094
115452
141276
497561
583039
122852
304741
107834
183964
123136
80374
784928
966394
494277
419903
470816
58994
897645
29603
877672
331420
197511
879016
387904
404872
159766
562888
335537
233631
151154
573581
169050
717719
581407
863927
610786
551080
536640
864276
550012
594030
228850
584170
765745
959231
464141
765496
53284
143289
736415
628634
49504
805899
930833
933245
52575
810644
333143
437466
596182
989736
134383
428266
955833
207637
886726
784226
776
857198
363775
152044
303306
17940
699953
379586
502098
402403
455457
810288
948405
980754
567045
810517
510491
289191
200528
15787
395164
859107
244266
234239
598149
579001
342729
955008
139642
479686
776239
474904
201084
387549
328278
508994
331685
103071
378428
124698
31518
785377
863197
16699
733615
34695
325981
636225
257396
908953
4011
83972
206847
12707
778408
905804
719596
443898
484739
614567
242061
298405
514455
535709
506811
291662
296384
449210
729287
704754
891984
347436
687395
382805
11864
675710
293037
623956
978390
124793
246349
451347
884771
885858
305284
171369
510319
541739
766208
8198
28728
656738
77731
40320
497993
35358
559897
693542
469712
477065
456084
978177
755900
615316
63497
563829
130898
998463
489549
397482
357402
361962
960594
295316
923878
130745
115766
746996
95180
967610
258804
767459
372466
902479
669523
550209
137783
98095
831654
948696
820688
616917
941467
370606
152187
140544
914313
794310
804878
658787
878661
89999
6812
92029
920870
92470
935839
718332
81940
182227
938404
98761
213909
456643
641629
738007
281137
549319
935727
396150
882229
752961
255505
731642
752685
66992
851625
955453
475040
811488
172206
902081
961796
330418
502867
971586
865314
891848
409685
916151
476716
906543
483319
809550
841511
715773
302240
443225
318352
721866
64404
443884
124213
707778
472480
962996
847567
532585
153889
10685
478298
57196
856869
735283
47822
840579
51554
12088
230105
268132
718581
910599
468261
722226
592763
103162
471254
334728
212582
820325
465479
584424
331592
894621
288772
535758
41099
480732
498890
385102
606474
836942
980333
335978
202703
519896
468316
2146
541191
213556
689040
720709
897782
270479
664529
166472
671684
291842
236470
197733
295590
393253
153985
793319
569952
707397
478373
155096
108123
239590
683219
459793
865974
111638
532684
481335
989606
616140
248342
249524
30562
55010
958609
232748
709042
530371
800927
88100
63907
140998
420835
524312
493279
91484
556678
473500
757525
990815
384188
26352
67831
472897
113889
679849
917071
291050
191088
66892
993279
465238
732489
48234
384529
459350
159802
2198
952237
830518
990154
665523
892707
731780
90849
133106
380834
948935
603102
110123
406631
77160
130846
592654
159820
745778
197586
41996
799571
667993
260049
690808
948688
800685
937061
191138
216761
674260
52321
749063
621932
95556
697981
933819
740882
748210
770343
681729
736440
699624
707230
638581
444671
33001
551342
45354
87108
998550
711673
631791
397831
856919
959921
49054
577253
380887
168249
622530
780806
401915
936781
568263
855343
553712
517940
38087
416164
173176
853655
493829
766405
705551
576584
736022
290240
545848
775419
597401
415664
740248
683819
432551
455528
326727
801616
701363
940611
16230
837718
73759
154123
628411
371593
14522
19907
52482
118976
728294
444659
864533
597871
771928
811909
101701
380345
192544
224764
132995
124770
407810
851574
734302
823444
462795
560659
883063
395619
772936
655261
850340
920790
297205
474700
575184
816805
167188
232147
891578
136527
124896
564064
383376
976705
543553
4067
237065
201935
288429
451476
601837
548833
893118
814558
481908
39467
487236
486384
684452
190075
97943
904855
450186
439090
373116
789850
82357
302533
19702
562964
738515
89367
27288
765003
584531
792091
552257
154320
292818
514928
102236
649735
449832
798260
619198
989335
928100
837861
116932
932512
306007
666188
236164
32146
676457
156280
976161
982808
670173
963925
796810
57680
580801
661074
57612
740663
202555
15807
209441
636450
104876
741787
463606
868699
899006
26790
40772
674314
786158
375626
63643
164393
572850
202798
19952
29351
221611
389339
559243
147022
847926
808898
984195
437205
800472
41534
72236
190403
17091
348530
965793
588693
610265
614982
784498
210391
317349
734112
962893
79161
235591
943302
326167
886070
53276
853737
445338
788454
123074
191440
806429
695766
94273
204840
326893
659542
814128
948841
664342
943974
54757
259042
96617
148729
407247
633597
387769
772872
810058
814566
729153
612174
302816
628830
923130
383171
547351
570347
622436
97050
635564
97904
563765
65528
262551
70236
38890
139775
169065
449096
139425
459513
306291
606628
117606
392212
329587
680453
779049
328573
194588
471472
539427
545018
268721
545637
242245
537765
671334
261527
273037
780104
182530
862350
531902
764967
2084
132625
693895
581745
935020
27601
736102
792998
958876
109072
707986
810315
996039
195518
457558
744570
633375
884546
882879
776071
408914
217955
430575
979946
286766
857164
718996
968790
10852
628734
681991
72377
703274
681219
544578
473537
244106
866616
638133
720278
639693
630555
37917
852819
88913
398331
858163
230077
724737
103532
58372
190607
908964
151206
168747
880448
838154
111553
686817
386871
322283
772565
675268
745823
401649
571353
413315
541192
873334
151824
604374
824909
946028
469818
280293
913488
516368
40762
702052
407652
798386
843493
889191
553315
90300
418025
147372
779819
46845
199572
920918
164888
756913
174137
447157
835008
454401
779727
422177
201381
599965
212748
154895
278031
106884
473707
699362
100657
128459
7406
910211
680526
529980
929447
374676
875796
268361
813079
504812
413046
280131
725145
50347
919361
665387
993054
273587
588046
425725
998752
452393
771684
776048
642593
928233
740940
776120
865969
497953
201250
122146
906457
162196
224567
89954
688807
51341
37001
52102
632284
462892
264690
359136
385458
775413
977307
725843
113372
397529
708192
6629
357609
979760
498644
767534
813307
231731
154376
751414
769412
299544
405034
570917
187688
706164
724341
141243
883268
315566
974607
57611
839365
86074
152994
428011
963086
784278
325990
830452
41748
629342
540632
784360
587326
210696
941782
326945
377668
10890
965031
845641
123962
833455
567380
743742
189000
686578
235675
994301
827332
512184
111966
680053
967738
206132
635786
356079
152910
498196
883324
689105
568563
675485
460529
761156
626806
347618
710181
428575
718474
96645
251405
194838
303037
52595
884138
982680
551980
855897
50599
634503
787544
901407
857397
969711
506350
790026
412742
692505
418391
926175
774122
258311
806718
170600
129022
283112
550875
849458
559363
263704
683327
168219
599764
863897
861011
438200
983531
854165
773860
59058
398519
226161
834335
286070
917204
404564
612014
923021
855062
343334
949290
26508
603597
431950
18857
172122
906463
731174
890186
144189
598865
827395
947526
728297
76638
152612
162474
645396
404734
294157
720731
906573
684911
873018
232325
515949
355765
727385
42526
266157
526959
507465
448221
380422
458753
973900
335541
635544
375280
262240
260030
667566
534810
917459
744278
585392
818136
937362
682298
205457
394857
970256
482202
353387
759506
391137
43775
540203
962495
981615
668821
266052
88813
692784
943301
287341
73646
505929
422037
3753
829182
169101
321837
510852
25202
727086
125997
805484
780393
855403
738054
847117
713957
976724
356908
711760
598941
10214
229303
376501
612547
29602
734962
847449
688409
440914
733985
192395
433588
456922
869710
67496
552606
851089
727771
434533
433947
549904
992471
587920
954204
274802
383517
584640
276926
867731
404234
438032
916652
757673
231927
556915
462065
150922
107950
594815
135738
364053
884754
591365
248193
977888
16934
876316
616400
765645
999407
681682
94308
736933
633903
436937
15300
276011
12290
599925
93804
652917
653892
523399
53399
155204
958455
296759
391595
270646
505454
221532
526306
934507
578098
385112
380077
810419
924289
296113
52963
144494
860493
487322
332351
205156
336245
791927
984927
891627
749920
925664
670512
672127
427225
871487
235636
153668
346518
844227
254069
588717
279409
705043
925626
739681
795954
996070
537994
796086
514482
633352
253866
499692
685702
891483
822541
149181
234762
5277
586227
8042
999033
654905
28568
511975
35904
280504
742809
94737
587310
720671
160981
285348
158141
30925
318323
391123
84375
597002
252701
547764
857035
220229
811934
394946
565180
986839
393496
150358
380133
89340
471657
658749
610185
794556
542089
316392
918802
283484
219052
415069
64917
597706
344971
664464
273628
159069
778717
158671
11272
794187
2470
477548
366693
938772
126750
5533
567102
482200
154517
103628
77897
657412
234822
902436
579596
500443
859867
414661
927742
581936
899697
743858
637955
68379
376793
721025
670738
271633
146291
282047
343340
947568
390647
966715
376820
721081
793057
206445
993732
21459
323813
508260
552801
231802
178281
273441
998763
20291
648432
695845
640867
874595
737830
897983
497417
412937
989248
440131
269939
545558
836109
523037
561347
340975
862396
483581
940827
156303
66884
450782
361634
113236
195163
714649
707007
593298
731114
331360
462614
350413
887097
426947
387352
673363
3187
347246
910855
135497
234580
136382
957645
581746
534983
268640
260801
32630
534288
250832
852741
786695
264520
532508
367466
971043
169973
550618
865066
975962
131295
587951
50744
857195
29786
725819
91193
629674
341263
332323
662178
434262
627552
476161
438065
68082
397898
190527
42905
328418
161066
868091
503976
344131
869450
777752
450374
920634
458854
976052
760652
60202
117049
899396
667658
649759
92426
626092
944422
908879
790540
214713
431140
215158
232549
621713
347388
331071
970055
73447
374140
93104
989635
977667
635158
293143
973583
390493
634749
967580
32810
551054
926727
141094
891054
818624
721847
726199
365103
41224
605182
866520
746285
606877
455776
57472
407406
839918
612831
703712
476947
245500
868539
256619
279878
514211
133565
847195
906427
764974
152494
863148
692871
763487
997451
629027
232344
48959
2786
468195
727621
957920
327531
571851
36812
253952
448477
906338
560862
406063
234752
292381
289197
477509
991988
76034
248247
56598
374595
207519
764299
37908
57035
471303
14752
942423
483443
272730
537641
86541
601079
679468
927037
311539
967342
684555
517632
633919
650121
67004
261348
988003
9375
354604
185558
743653
430946
237713
609891
334939
790064
874368
730342
883618
187489
142943
290788
629691
302430
91783
654156
326291
619826
130935
53470
113096
417713
707011
608143
752500
596451
691086
913550
184932
806741
904195
875084
873498
929002
554681
974101
285430
571280
626244
962762
73829
184987
21922
122660
131130
176430
961256
741414
208325
508620
170581
461870
421125
799083
796926
832703
724148
399536
803427
368826
113099
800344
92133
978667
662419
949644
482364
328209
508762
317254
777023
909739
308819
743270
201794
736150
172256
836514
47294
282182
64146
82663
238710
240171
111141
815060
994258
305875
278953
75598
427823
844487
87069
776060
813187
770181
676781
329852
797545
454190
768065
629514
204922
963512
571494
281005
849233
899340
151924
616780
577098
568342
325892
932016
689923
380796
872600
345740
728865
214632
510142
182487
757836
987337
556369
14987
203987
49484
131538
896514
292210
64635
916606
991427
177559
306292
727751
861531
315789
270126
244823
883151
770026
394527
571442
148325
275614
660704
377094
605936
485821
675370
422355
644460
104426
133141
336039
402681
39366
599846
109189
720441
572
392932
49773
438611
536536
225155
893047
832176
824368
8888
217405
362766
354574
416404
424499
772965
545558
641861
148315
84752
924519
132370
37464
416583
856763
436473
468752
517608
641088
950383
244183
923174
368956
442520
925543
239797
149955
794654
388714
441594
647392
54921
239600
500079
159042
169163
248208
551036
122415
876830
901585
316160
542031
84389
331367
182790
231646
142083
292150
321801
494453
94556
468866
164761
176053
526882
493862
215562
490428
263319
955893
837542
749601
785976
708873
722482
400937
55906
800212
392839
70495
307383
332515
566540
592532
23069
473729
60466
812830
464376
903206
953776
255463
32402
291485
411095
768172
981069
202989
287587
412789
684749
413912
98291
438168
571298
6003
443958
534246
605847
761937
571929
754685
290159
843849
627002
58760
291077
667219
858319
497922
45235
531453
700791
767034
405532
17160
782238
117064
958171
550344
258056
615580
74653
122077
236609
678735
914287
563895
635190
673586
362915
405800
898940
709996
874529
172342
430735
654845
654951
553273
373149
924075
151084
893221
303715
949223
400198
647393
114221
420759
283677
166519
946288
143827
886221
260409
285618
354657
239998
297147
23635
120139
471995
897494
328969
703395
934588
707136
489820
10254
437781
356624
372911
40716
82388
781607
156919
782385
260842
586600
907400
663639
459714
849187
228562
398151
961019
997765
566496
193114
782921
552506
988490
636562
772382
344508
61914
280731
924624
578563
336150
706105
793506
282703
749534
38627
938200
142366
555726
626086
104308
431419
317744
313286
971266
838693
747151
719605
636954
368386
344122
436967
768057
783075
511851
655069
493412
946097
42889
566615
511066
896706
230585
125335
977688
239486
356544
631364
288294
29477
975034
503407
753289
850630
852229
738118
38374
660089
407594
828406
118007
851563
318865
38200
859021
248101
583070
252503
978278
128338
525231
640101
52721
285027
724719
789983
425332
235906
462454
600559
135036
419410
350914
375853
843755
763833
163916
283332
34896
398094
951085
945581
731294
747728
690414
890558
253829
213204
270820
330260
694052
289712
304208
952374
730022
689066
682175
440732
993146
210375
629551
38791
442766
137724
70605
811597
760526
910099
361453
91665
520369
155975
145091
100797
550482
563318
120476
243670
605049
312117
129428
176075
621555
524853
248763
174390
950077
69561
665699
644946
578165
59237
2481
391739
415584
302187
273845
638615
29025
784507
726238
461346
485057
548579
993733
102757
651407
667421
645698
36461
46403
988647
604415
297496
853269
615027
596985
340456
614592
383265
279157
436853
804525
501578
797715
351960
9623
791022
607681
413266
744632
693818
653146
937387
827704
857222
818866
563040
36745
901002
119854
33789
874639
359083
73694
548813
933105
366989
63460
768351
705215
931247
566950
447620
734515
827299
949657
880554
851387
45864
855876
264144
936711
177164
885122
226905
567150
612856
993491
350663
181888
123674
183976
904641
413925
474405
89228
581755
487676
540944
586847
81922
969241
932151
542586
161898
259034
499124
935353
172661
134720
368375
220167
341536
308932
194670
529635
920000
58722
803735
265907
591628
946604
156543
521181
528287
417445
965350
386119
10772
77050
104616
763023
656225
532062
532689
322903
126171
900377
147139
293402
470711
879734
936011
67417
444007
121983
185919
938399
154962
811150
518682
927811
972040
107405
443874
982324
366858
501547
29792
162104
130778
937254
400703
686335
15801
89632
63191
812045
821490
557546
957962
345349
7584
329813
577812
315810
954498
925847
806789
974073
959916
26031
763110
25035
484233
902067
673731
833691
77008
750248
301671
123000
778794
38929
810397
429983
373840
827370
449910
151737
770552
744732
960687
656404
833426
959600
534041
798739
934022
833311
844238
377271
573166
63858
814432
812986
72488
119326
809786
481976
75541
473084
470773
453044
756130
344525
606733
97918
738737
490979
674412
714105
342649
793927
3631
116608
653230
491101
186632
636485
695685
878743
724912
277870
848676
606432
671682
302092
635924
574623
691833
240958
885034
167665
803079
490867
537524
111780
256146
15962
392152
36823
388032
299637
965573
142697
179088
55921
158498
913114
896441
314701
820016
623095
332860
25138
636270
267631
377814
236978
661642
158260
714034
92351
241738
910011
164024
535216
18393
611856
586651
803907
29740
991040
661645
795739
42684
927920
573481
784777
166252
286500
185089
729923
980019
423103
493371
842846
386330
502249
913128
431474
76721
51078
248553
615975
68256
458343
68472
83365
730144
293707
393546
927190
814387
715979
441467
512930
948840
163363
263786
83668
253297
750064
728632
906041
939641
579609
257692
47189
855497
275984
57814
622232
951223
77253
332241
219304
793527
200202
608073
608041
618541
716473
901767
772231
121717
502514
143087
624727
323515
941817
936826
811453
568268
324255
116367
608483
985902
449844
19297
57783
908472
669364
167911
265986
224384
484176
348798
851796
701954
143605
149742
609489
986423
996707
310884
330231
733956
455592
878842
721925
298759
66737
471311
427742
965732
440962
800704
905258
517626
314590
733384
395468
835015
245776
383182
658101
766045
166712
202600
497002
286740
662929
747681
843515
101836
121561
692886
572432
486938
794603
363663
978867
603496
825420
708372
508134
460262
673098
613693
534335
475572
62327
296355
330079
631652
861945
679325
189021
102513
473121
901074
617869
275893
12914
355901
66712
152569
899321
401068
36776
662282
450676
685935
700370
774682
648815
70589
900489
173438
456551
587607
636176
653037
833953
212483
212495
61296
173233
506634
150151
27891
731512
577047
732009
683353
812824
531229
716
637253
761017
391802
282777
839475
551523
83932
910649
100785
198455
119796
710008
397133
88135
490231
427181
231325
379966
538016
468098
101090
933932
632401
348305
855871
752892
247847
254598
249127
939063
461002
52249
601130
744676
825482
240245
632912
112224
325134
735325
606481
338700
962037
529487
614504
731479
172002
945288
747584
840441
712719
779038
759871
853824
272720
764860
814924
170036
782468
200535
181449
709928
597623
585418
663074
281857
253033
8476
412347
795076
98843
552026
637160
267361
664155
440663
826572
129061
497910
333941
695902
43435
481451
957257
633868
71726
682013
295827
689072
850167
906687
589548
618772
153715
727031
224112
493273
282622
154422
217293
380528
355828
720707
316463
103635
752877
686319
753658
866669
217274
260883
312497
68033
898980
497574
438703
379554
368076
200508
698301
274812
181259
310113
734472
769100
626415
936765
507927
955703
409405
802334
552809
70885
657227
808909
722414
849975
166740
204498
29548
566272
801926
517511
715462
596382
394691
122335
569183
716260
826645
514881
585523
606432
284622
309564
972477
941496
822827
269737
369174
978172
923085
33806
415119
997257
558304
293609
903043
413745
246029
634686
694825
282989
350694
38600
844283
804438
852208
386938
316824
684418
616075
826384
979790
720344
771785
87728
530133
496470
817090
572937
872041
506760
412943
672564
424553
731940
261803
971109
724790
733249
555949
540232
819877
956140
45774
211641
888474
777696
535246
985243
582093
109943
835859
478933
229640
6185
142280
556376
162901
197546
813097
299045
481780
872612
861669
292689
494207
550634
784314
461245
244275
503150
257869
650515
798063
208864
634081
927694
109475
787629
278286
847550
75116
461692
525990
54709
932354
28364
834625
165081
611122
483346
884628
851838
58054
610077
675614
635580
864023
684014
351721
739707
834510
562587
701434
816185
500998
952444
721300
225143
819389
460289
540235
904787
320905
153871
404437
151769
722874
713236
227181
127556
221456
700844
29814
457029
538234
196588
425720
218802
171231
49944
935802
115918
973850
141984
860738
362873
314858
737195
983829
807321
975259
372285
718730
7336
346812
101126
855193
11415
556559
693282
642188
439608
283709
950626
225977
932813
915625
519633
301337
826014
132499
577278
241865
140782
68742
37318
174437
629351
588721
985431
421942
251696
458799
214843
213930
261564
425794
137196
731132
307400
884914
437994
728561
49573
784006
895082
75331
6613
881920
678413
902137
538151
600281
120730
198574
449611
986588
493432
805040
382730
456415
835226
689248
666798
515877
921306
468646
905868
875668
762998
393423
289304
11225
376294
607073
137005
422086
879577
478179
419483
412752
388395
944791
284894
752696
260145
500044
886926
354716
833251
47309
789369
922513
642418
326592
174416
928936
261100
169374
284119
821765
343675
310511
275670
612919
62657
497725
864615
17959
251932
579064
838141
401031
875494
60215
22714
905944
817046
530687
343217
321716
572765
528547
822693
706276
604945
460212
148143
937406
562912
999846
881058
976003
24958
483866
538161
729674
795012
889653
137828
287876
133094
678003
680984
867269
240135
939704
65440
427789
923883
648618
133092
776475
689036
894074
994372
742196
578959
472745
75073
584190
35310
385985
937769
233493
712296
702334
558657
882262
214724
92837
279266
159866
185139
75875
38861
694914
532548
571844
918410
976206
972663
274720
731980
91737
339678
113139
96965
436193
485062
680940
611447
610103
480893
287544
870775
980614
144098
86069
749680
499607
348841
288788
827467
300970
976747
689668
67433
164906
582965
228897
619460
206191
606003
802814
771052
435814
647657
107356
630942
282069
949616
785635
930247
592220
927317
1758
308617
88749
817779
884700
499091
775311
620280
685932
17089
147841
227991
69745
328474
841992
485280
540822
946524
628306
573155
115828
757209
116651
433865
395962
310629
45042
874410
210908
627496
119919
936266
53887
901777
155740
572190
449886
320952
410441
934628
93088
722230
874282
606259
531852
550862
920724
157806
417981
54583
978244
117413
772824
425389
87047
711229
746919
208374
654694
520664
479801
928437
224922
189620
221584
222102
391473
37235
249195
864873
22044
41331
888977
145426
479408
701794
613885
903900
970261
335751
447928
762869
824595
550796
534387
198253
539958
134526
650775
750732
662327
223082
788037
984631
416750
253802
858530
351289
781588
379354
853107
721572
885692
430333
303025
831883
828882
765803
176808
855315
46603
889740
172342
166537
836384
845307
539254
967140
672608
401948
467849
997874
872588
163070
487592
461736
419551
932479
915796
675571
126595
255984
147260
728245
660122
200353
332588
934185
101589
35440
604032
32013
266105
772414
718419
117093
248656
989943
110136
823320
188807
61433
422956
391106
819910
98193
311676
98531
816040
971707
269873
691457
424203
684095
887475
355605
739347
165512
268235
905888
550571
961333
601225
634129
290348
989836
72861
859709
262682
317929
51134
319448
811143
152627
865968
309058
558047
626350
374140
968113
285319
297280
666457
930765
314135
599384
22915
40158
211870
131341
264290
955482
311272
548836
291868
423416
769713
58037
14102
824593
69751
865184
144077
658193
255296
665242
318691
971229
827114
643964
907888
308686
770014
527867
408334
149545
74616
861084
988926
443721
64434
704833
888737
578942
725053
230961
61439
973609
195242
183072
344359
469295
745253
646724
766739
430171
916674
928434
131586
912375
725250
294959
162636
410878
469168
549004
40485
154408
739259
352992
320111
574213
618489
620473
707346
43052
815379
630473
218143
357418
986958
604931
232535
729490
953577
168113
160552
117370
796805
783166
970193
991450
126922
853292
589232
188746
100502
811111
907467
531315
765471
813364
880067
393350
600162
181843
444585
958674
254390
913645
606699
674714
652200
267444
315246
758838
549746
294455
400990
801997
884504
44929
915522
601105
664970
987504
703040
645746
778300
234891
586483
597062
476710
499389
609299
51798
438753
398737
215923
334976
103692
84088
292609
94496
918301
10148
633412
844843
206254
462526
781488
622850
466678
465536
53660
710198
847138
841080
189153
342162
399794
322355
684095
569568
481005
645615
767805
603701
941502
364950
789835
328703
551837
114593
499948
537949
772252
730477
324700
127591
864547
67354
497016
810013
378356
561422
659862
909032
290758
39189
826759
320913
671166
543993
348250
265068
199744
680852
179396
558859
59566
45222
451348
892546
317205
327003
351785
407172
462730
110299
124658
813384
66584
64446
659998
340016
297333
762056
726354
80204
673170
731845
317605
171716
487013
95396
26695
929580
406340
356642
190630
751549
58168
486002
402353
106439
889027
109789
695340
419739
164795
946535
218188
553942
997643
685998
680360
472924
187894
393355
506708
222497
52860
528727
812234
546380
519924
556157
695179
561531
994276
502519
972323
536103
741462
994004
171267
748348
946725
608389
350034
581040
152996
405881
867429
564635
304920
922198
353076
720604
938613
266823
127137
764601
520348
933546
797544
994210
475879
425045
368049
416281
928446
541162
306698
856534
942228
390253
827753
345358
475958
933854
302215
486305
487915
358454
523175
413439
33779
63470
70228
655083
846638
155040
204603
289831
323472
668240
452623
486790
213140
546392
461427
48204
315854
938583
427007
805386
839731
526359
737204
64145
84118
772900
882660
120589
359456
273787
667832
715144
524989
533810
92986
178824
832741
786464
295813
593770
179184
517566
985822
965454
422779
961153
358256
402181
377753
723182
635317
546054
926946
393101
210709
644597
663664
908095
506750
783248
566059
53832
154784
657888
368420
741190
860134
545303
91021
389889
175237
366150
481470
515995
587869
427980
826273
758596
8438
999652
417453
79384
910488
505022
698955
502580
137453
536093
486926
864112
693669
738902
820428
880327
5447
596643
289005
7492
910712
836799
966858
383971
722807
195569
191265
606545
375396
976503
343569
756561
325053
760513
832653
476609
68713
289175
209702
970633
739520
931680
624400
603084
624073
177793
104537
518253
83444
264605
133501
831736
969384
450091
96866
245087
182517
971017
598148
500137
550763
46959
154394
606077
381209
568688
992285
241289
852541
484556
571247
800694
612483
285471
84044
511964
361403
507655
839984
913042
715829
341397
873747
448372
485757
162581
617393
733705
659522
201778
538447
907479
632549
580884
451542
517828
978360
363057
206589
926843
371162
203931
710770
340416
123718
283094
494786
286019
334636
3388
958451
866903
105114
871602
765955
552125
556567
134574
807765
374055
992645
63198
241292
115257
39945
968777
286332
20082
105510
779630
406251
421618
765890
597423
434853
798261
505605
190125
390210
197747
169765
506728
865396
485852
266351
987352
726029
493262
719283
941177
55741
833790
605021
910104
127032
715391
998093
498584
74286
436936
276172
201572
896523
404156
576483
711921
385053
610214
589316
986890
362357
811299
297062
867083
700887
953765
952543
82294
762530
968428
303103
472277
816186
452909
114682
718159
926920
527685
235333
230913
454638
60425
377587
464490
201704
384439
8313
585882
444348
681324
112939
583120
750256
759676
542702
620797
262925
787784
331427
810533
340764
994023
726202
791715
331977
504886
879806
817051
443295
615203
513113
962139
131300
947081
514537
266185
522933
674932
334211
311560
111677
431902
166492
95626
299661
796634
748543
163105
961057
588571
300473
706796
653110
20462
970180
992657
622645
88895
937339
438944
345653
721750
712064
328634
401649
780196
909639
708507
294568
61655
273585
905595
444363
987160
807181
943504
337449
395194
527401
498694
160842
879691
937445
931340
392001
104070
887326
203426
441100
742041
412564
516115
297548
847669
888396
340933
20122
849603
268402
248250
17280
160578
13911
14489
884617
149658
174090
776361
119042
940032
127519
784643
382932
4119
665985
164606
134433
528416
616819
665659
716082
344514
907786
95699
789881
214566
507677
666489
117557
488035
358233
676708
122171
680007
622835
135128
762098
513432
611036
952261
65354
465170
904518
101841
717847
100250
398862
227848
331184
454589
567005
876587
402491
652682
339628
669353
840916
799227
931410
346587
730761
319108
708964
662002
170829
791818
110641
695174
431493
389105
569572
160547
212902
436763
91123
817827
909270
206980
512759
182012
937921
562570
209365
346899
222138
46939
934424
643389
832287
550739
718911
538967
433994
923579
334413
496922
150124
156406
119048
261976
626847
82931
880499
232710
470398
513481
152500
143856
631404
650534
528925
544189
628158
677448
454984
495680
95775
368817
589243
267335
609356
392166
147176
313313
987738
205161
441766
783875
447269
164859
442394
936241
805883
716911
916309
731173
31722
151494
597267
756858
291897
561652
52152
802366
812359
650249
549831
200720
613305
791766
301820
756546
671291
780967
702714
270438
734551
631920
337982
72092
184464
890467
713250
762885
952523
24310
173821
35987
255430
217012
649906
913596
185875
782320
774916
851677
801238
152585
766241
584316
445383
900044
212909
496694
186326
767705
372347
826490
770255
949613
696589
943231
72890
347773
755899
859952
764536
159922
55174
35316
623181
304439
406020
44131
663937
731172
227518
714749
824566
867222
996325
265592
857999
699858
757249
419005
777521
299500
793275
567802
814945
531200
57667
968412
474912
633830
719361
880740
740434
887886
178768
54231
435627
745192
198099
586507
689314
394934
526767
930414
956973
643738
890460
292048
78837
735920
10771
955116
617382
553209
400016
550132
311850
597954
48550
127978
153446
422550
681755
794370
209333
598447
703754
967833
365315
490002
25668
880708
367794
13811
482396
202104
66693
393485
391732
679234
898917
679229
657729
122494
930017
889955
672077
316172
728549
562596
996855
463
438450
18319
301236
237521
568226
699101
561626
855977
784780
625394
157837
308256
979053
849184
131866
676686
167036
684946
89564
238334
488984
621983
41726
966638
894742
539675
777573
665257
793590
90648
381289
727011
811522
903499
975667
594085
9991
671764
387636
761598
435710
769532
697760
531600
709717
688750
519120
171871
520012
885550
295530
820120
304918
244882
437402
202038
462404
887913
649890
433921
927492
721553
122531
291867
269782
756690
214459
17771
419238
565325
165014
95693
663669
766061
904111
962108
458049
225239
279033
472802
992986
658587
610897
833775
275673
23183
119475
123317
898148
328827
763735
352120
975774
498171
114888
923473
973846
499947
712373
958633
323046
719424
813393
223433
218091
539230
311676
867498
226604
603538
443046
899512
798643
317200
145656
219657
773637
613828
31813
36825
820406
203418
907133
263406
875659
618931
145527
987071
579167
462397
498669
729602
395612
817278
386476
358614
342813
392729
556073
162554
999825
283003
856284
224103
27459
723709
184163
698998
520199
895359
748197
42943
674255
682476
499248
681889
286150
174434
886396
529003
486139
886084
68778
245096
978108
437783
340409
790402
19516
614859
279853
284700
412044
360547
827549
551597
621221
842570
208009
243481
64906
819712
245589
501284
912010
205844
242252
448187
113686
560985
628837
909925
811867
585649
54585
108139
801371
544145
76746
232371
278684
489162
944584
441395
980869
813139
509888
554033
364738
639262
3729
899363
269845
544256
202330
375625
790913
323481
974370
910335
594818
589147
690971
935172
632527
428606
205887
619850
515673
493996
407171
623645
57466
454373
768370
344652
530418
227946
805948
172676
618549
611346
603044
405396
997823
132945
544380
547553
246979
908783
340543
895522
908083
992025
136926
229331
980615
775877
437016
594221
519062
248513
803936
35798
138929
566315
540778
376466
969454
653768
466876
698202
535477
226476
808357
73189
266726
853921
210250
512759
673896
199166
911815
252463
823157
453417
947501
102021
274257
811256
317659
640782
233520
6220
820540
820776
369640
685655
863643
880907
83117
899098
818552
215757
585025
184389
235630
609675
714150
907843
595316
741279
50941
861610
55300
851612
538966
712956
359016
1309
355333
402585
777243
353852
582672
649790
196169
702370
172624
933098
153831
389949
776206
678322
511907
445976
374577
766560
761152
295234
12446
811285
455598
173615
825470
79542
316645
873286
922478
700065
39604
884196
961668
198233
681327
201413
802679
491355
326944
596593
806785
389577
307698
939029
379306
800407
105278
149421
425188
107732
741048
226813
809487
453802
177939
948946
599181
721042
918460
750935
733368
839163
481587
940224
761759
46010
906924
731308
979929
925122
66677
256370
923964
73628
963336
568714
777601
690578
947871
457654
87195
783094
33780
781571
671437
323221
253764
576642
350100
338195
271211
359230
891274
862675
764743
924075
470708
616293
94642
527182
482432
822803
366913
542573
798741
247333
789770
222188
809005
782547
400979
547166
658036
27228
439579
340193
477628
438910
817451
420961
192975
458390
701930
785577
99683
981384
730359
4107
572359
804131
349015
736920
959092
83988
915716
103670
932725
773789
924851
896775
528431
439774
327118
839356
46945
703192
902332
634601
586145
672371
146295
673060
180339
354501
621164
619917
863308
449558
793253
61094
789065
944721
44631
631146
680135
853885
129073
91756
453306
820445
591245
148621
902061
422464
947933
532618
800415
511703
407419
417173
913940
395940
458089
546176
512388
428887
279100
843932
617270
4506
662401
986825
862100
288170
659441
47637
368920
480486
986838
687635
179412
212194
960217
846765
54423
389463
144282
663688
361797
651641
258701
503050
784818
235159
726633
455392
971720
283983
480806
616143
147683
882307
78048
849891
223882
851149
136084
503591
957492
540348
888818
447692
701194
191980
670307
686490
561236
758364
571557
853451
815056
860941
800481
776613
385313
696044
572908
402763
54602
761071
105012
920845
66707
290682
442297
579517
940048
310424
888174
228075
418307
87833
45779
300206
635770
52838
330300
910808
195510
250774
119715
773203
845377
377821
83885
683501
70608
489873
206578
687840
640207
502244
204353
977099
897068
66032
762133
682465
57849
242039
92551
369180
289774
854191
882109
555859
825673
216431
173617
346592
318302
402902
809066
717685
137033
971686
155663
680883
378361
266615
293838
956026
527461
363091
321863
879356
670131
605224
375895
580543
836766
380435
276077
305350
855556
844015
164625
898454
819773
82939
482848
48190
50148
273314
715980
296018
874161
534519
309254
715261
733939
816652
362082
375517
33538
955221
794780
275934
761467
637455
866158
644762
578294
900977
122303
46229
521931
122142
155392
754510
722727
919620
245419
347956
186187
558992
566102
818203
206792
50283
172115
560883
291556
816028
676053
878460
963758
748922
275746
803882
539948
349625
454152
437422
20398
335157
308258
802093
928750
215919
490514
132756
326051
839296
127354
8894
910099
512441
360932
45769
340705
703576
788850
460720
851469
60977
8523
724416
857302
772896
855874
300117
452165
61471
393864
590938
291374
497771
832472
144149
707823
745773
411019
871258
386609
919307
240827
993740
156813
758374
358729
596160
697291
572087
775593
24100
237845
820004
693365
240856
264413
290123
904389
349199
717367
238700
766175
758659
244510
979656
572297
715643
817298
433973
84790
933075
394873
419877
392759
622697
521329
468263
65039
805598
377478
994464
418783
550888
990096
847058
427964
549077
407223
69867
349590
909494
893731
604968
382332
37509
740572
565725
940969
111314
325107
454311
318965
373184
428910
789041
708469
370353
538303
842359
721474
506128
644824
482834
301279
659561
888728
180965
759519
233541
17474
502018
125725
24960
605198
71211
602274
556837
171198
264519
96141
298125
173859
344821
569526
31116
761767
202105
793321
365914
750324
930051
473399
769941
577296
264029
298716
516367
10178
277493
895500
794094
193431
742580
967493
771461
704415
798603
527059
750493
592198
165120
809463
450000
338744
458499
461724
668056
209304
688841
987353
325146
620777
13448
965393
335894
411078
756536
156777
756686
721560
416103
917229
860159
232817
345364
614665
477132
858832
803805
97487
266596
113632
497188
515425
685621
180107
457668
309777
420645
777425
543235
100896
873287
756909
641202
227688
225899
295536
64660
15959
411620
948427
853825
221798
635902
942791
410295
876912
354801
20714
210339
239121
355818
458159
399789
532815
921246
566074
170579
962688
387341
541623
290926
830244
538901
501962
713648
681672
600076
190156
405188
903843
981456
347671
604347
390466
967903
686378
456271
219396
136559
331289
490469
799901
437141
522989
716367
834365
975906
25142
918504
127487
386375
339039
202936
337905
842987
51130
753748
179926
122446
857694
713630
577147
249498
915502
755742
135892
189284
220992
629653
601676
945968
704872
452560
414617
862685
200342
580630
375232
45473
938284
317433
927329
393751
456271
801398
985483
435819
103738
296046
431418
806276
741808
892108
154959
770273
103703
978509
258366
521609
971778
531780
791206
793853
886413
828478
674281
19292
995214
212056
71795
25790
759476
476654
13699
573542
256947
266448
334119
28981
341694
791786
142408
673132
55345
943634
129171
922668
536016
303498
935891
896461
513929
714676
449634
985676
112136
115065
158538
361650
426131
859958
914653
623868
272929
702682
447815
630248
347665
10759
686805
808736
658423
498220
587778
820666
501599
116680
58222
47988
359612
692626
654178
410642
752300
904625
262422
918952
784158
987803
484076
992273
435969
308099
653149
456564
999837
830365
192974
108631
252968
697426
725297
154477
687026
111667
115282
801551
952380
980383
621376
634845
416849
600875
770657
595286
343161
480341
284376
185993
925633
687417
784568
465952
202367
43786
886464
389893
573268
974262
313760
639728
260633
597474
306843
689372
799358
839730
965516
455051
285478
859812
871520
436393
865138
791533
622597
846301
736543
743350
719407
130286
869117
452113
732238
327751
559220
209771
697435
955899
640124
825198
760318
439136
54272
121223
985691
18203
256232
63828
355610
47630
546016
507640
318325
148804
501309
578117
275371
520212
540387
673712
991520
58439
812507
285993
846891
306168
313207
56942
292254
882128
162311
248357
234412
444015
519883
773582
467260
209460
312527
801733
970520
832826
736417
169168
334714
337882
674672
813093
808754
950945
11095
362767
460395
843062
950735
218155
928017
355711
175809
712506
469340
192710
134394
955684
863345
97646
278699
670075
179020
186386
447857
302731
307354
611054
297747
91021
306749
519299
127546
132255
12460
545536
691972
956620
78291
578752
526957
764609
869067
608695
704309
854951
454291
975885
945012
28070
820096
982838
615604
463890
123725
386432
427901
813341
732040
488509
825936
764742
45598
266634
100282
790563
989534
164245
871066
384530
639984
454492
611531
739022
774340
787229
574275
171698
721690
279603
908853
868624
963456
74011
193403
804237
501906
324803
198464
430891
180736
833347
15370
224346
882842
116743
463068
914416
587395
636980
989743
661728
578390
649268
74827
272934
82788
220881
557060
537518
517587
96714
810120
42412
287690
821264
237076
414836
414463
520255
756452
92788
172893
419384
124560
910535
499035
442212
218820
47504
659180
166536
765049
43816
340710
431688
703270
324042
977466
505243
691989
865843
893884
107863
180215
109983
215650
651445
256384
300397
153889
346615
2472
29382
552559
120331
851345
717989
274246
323497
579333
568585
198624
57024
540518
871938
684145
568553
562128
568859
297402
244796
445838
225669
285931
645574
505628
719554
324455
985092
435529
102736
882237
214386
717449
261639
620386
902288
748204
677028
882647
268701
965867
585890
705691
694314
319623
751510
593685
972016
620575
414206
979009
324685
508223
958727
862920
507102
880949
181363
129532
254122
863986
993650
900531
818118
653709
53019
753028
211795
957091
644889
99767
472277
55119
771592
971787
947430
551351
380339
988366
131956
18456
198649
500282
296793
91792
518112
561582
392037
175941
54631
365988
376704
471733
272579
449987
119552
457109
993041
426296
950309
572955
812188
550727
333313
386971
287806
810162
584588
897887
250254
603374
895359
348105
333141
736287
696043
174618
542105
572176
479143
745557
932869
877357
380729
585083
131836
766346
136236
644642
97608
984486
264571
982065
290998
403619
612182
348537
318657
778278
465088
379062
623461
884803
285510
820423
888710
797110
150781
104776
603901
162683
607129
780534
180907
122882
852343
816597
625263
695271
965644
783978
450782
608593
409731
425300
723738
538378
977108
114280
668357
722983
952464
937852
137935
559736
638639
231673
153739
464533
418189
259347
120978
498935
612674
187021
527667
977448
900685
344216
821844
167599
903747
560997
649222
453338
978706
890286
596029
251236
953678
41472
593992
124218
401337
269693
957033
986563
782878
694419
349496
680440
641089
566782
823035
83417
360222
321663
30554
945753
871018
805455
642105
124101
704498
815659
867558
556336
314387
723904
431944
925767
752810
538342
257435
301565
455040
381491
289736
478693
278028
726266
369606
517019
53959
453681
795485
380716
247380
801960
15235
25275
585956
726441
27081
92051
521982
545165
878223
332054
81439
736779
38912
418822
171529
918839
107906
350566
550352
367231
965571
202825
837574
792048
125991
956994
358623
359632
702245
830020
34040
678680
201495
246596
975926
601040
953084
621425
126387
810257
762730
828948
815617
816347
652196
514431
387922
832844
149721
180283
898169
995939
427691
587380
303381
603498
956301
618473
248730
517080
813085
447059
856436
725360
960231
630334
943605
384938
550155
46968
981948
962384
3447
938120
269149
473383
366792
352657
173858
889580
659244
164315
285950
70875
683959
251594
188804
748854
922077
720306
145071
612806
300962
385957
403143
38682
630510
64480
110262
390247
485597
61842
727144
501935
716633
693487
774276
965193
172408
381320
350910
31432
876522
261522
511557
561080
653673
617231
548149
62685
216142
407507
249972
974989
772849
817692
933689
4297
22695
746798
643805
783839
803341
719878
880562
854998
288703
723153
412329
104871
306469
761166
493186
293942
76735
703323
368655
349979
309712
737427
439676
248908
190246
676464
227558
283470
109610
608108
776565
934703
639442
766665
934325
92480
602479
106492
266838
159656
303366
199373
732029
880834
507558
770328
950631
642201
639405
923249
494920
832788
992184
996146
320528
684513
206455
664139
1563
402865
819829
47572
426028
832234
914896
690935
854854
790415
496250
915699
435556
599285
931570
759726
517094
711628
898684
304104
720987
969539
258006
448927
555417
635257
741403
885157
172922
152339
746777
536145
67849
115670
585911
175044
790130
160012
450967
820329
310853
54603
268133
501951
608283
991258
230318
824309
569925
711914
962779
983722
130458
849333
148473
968246
300694
181144
633518
942793
646363
355924
802841
833977
754654
501964
198922
851763
923529
97741
734913
861681
632307
338624
414284
407034
587855
645388
601534
313697
207060
611802
812141
57615
230540
827110
328686
864695
801790
910235
32240
821919
470080
591368
908175
868699
848232
194793
982757
393181
891199
554035
954320
388738
646829
665900
692748
147248
750134
527227
953011
58643
978510
568201
884032
721697
212102
280795
71454
640530
173472
846437
131870
163115
492569
385574
596798
968315
486478
408875
647817
429440
762316
259313
937957
554306
750498
828164
531481
197186
284746
496182
275740
478138
435508
416262
221886
863859
994534
619630
296807
605928
494375
974223
922873
315664
197443
497653
548254
793482
246717
216089
683967
291867
933180
505093
133593
829676
808055
598662
625058
127352
369709
16545
128987
396117
239325
726054
457504
957965
796041
320814
744450
38742
960339
667344
995233
41527
655887
968762
212687
528862
459458
415019
656730
148581
460621
964702
846968
764765
588990
989272
555497
512383
36463
863077
792868
847909
791613
206350
513216
763412
263148
111064
105555
554754
131531
750726
588265
309658
629378
444865
670674
452062
862766
147475
847277
605829
268783
460665
115769
418221
264790
668046
780836
616658
92487
519703
628668
673035
561813
339393
637297
546140
473401
999761
911255
376935
655376
715882
174515
948002
617612
466279
532275
325828
121336
986422
840915
289431
459925
466412
785479
636208
932568
596061
5982
522691
867823
92085
569486
508787
541286
718788
298490
324350
120488
752901
570084
674808
500277
142695
535572
164563
773208
797490
655492
807722
735446
334216
164844
536805
568567
699295
706338
27134
832370
906061
854868
523281
794349
935238
802728
529719
261672
375423
690217
903159
432836
623091
1106
150221
492374
871692
287306
517920
189892
770881
18432
854395
749191
901410
960509
601540
881589
254128
229599
618620
624561
878032
274485
957627
58260
786404
624731
839346
760638
369861
968401
110534
986811
916525
274972
218789
758454
31189
978323
75776
762631
826498
557602
201781
252306
258731
195867
305229
932044
646480
191065
733817
563606
632675
133876
530378
82237
247900
32270
788919
854517
329206
928076
566360
363687
427406
694041
261014
577272
660740
476543
251350
255401
902253
879620
763536
822342
489880
290743
115172
120754
255301
39937
538157
164925
166570
473136
336880
160851
452577
274605
599439
921027
127411
275427
590617
588663
96713
585815
606423
441068
795976
818678
380442
692362
147720
641663
29037
437208
860596
969363
136810
178586
761644
831142
360046
666585
798658
81436
120297
110071
455461
399853
625801
449896
810737
55381
668000
485743
53709
176733
528877
488981
401636
183412
310811
848243
24411
933248
883991
276907
735604
51478
902364
178008
710609
25749
985535
407215
274667
637139
489001
436039
225457
551027
70561
240095
412956
600197
445483
703749
639148
751097
646406
429001
585618
732580
161816
182961
583541
666697
246742
758501
58800
512065
877294
837935
995173
412628
409966
14895
260834
317774
224081
214921
153038
496768
210019
183252
676562
498891
157521
855112
300698
305601
69769
768750
914368
543804
951797
333571
384529
173145
297049
657172
45817
813997
666604
786580
572633
194286
119659
935166
537146
757817
254455
926295
800082
927033
165499
471270
580026
81149
892392
100748
858549
242738
708691
957648
898790
655403
799968
717965
14339
311930
575384
700687
284545
610872
345657
350870
307785
70885
502546
696365
922516
321367
161497
878064
219427
169821
938367
887322
884165
908725
454892
348672
516016
959151
653208
426904
419178
114422
497110
965798
980175
722943
676427
158429
173966
404897
6988
262858
977185
78821
24396
111588
308562
400032
424165
791364
199688
200918
669332
768024
45072
255576
542594
127554
652519
962887
965505
168073
142680
299138
834069
542648
131924
770806
733855
187411
834349
765135
971411
394491
432711
754515
154352
520289
888305
516399
203257
122326
648001
457019
238912
509200
968641
325826
501801
454055
261659
931630
97125
905329
473447
473875
740356
40861
707485
658194
475339
967947
937688
364031
94402
237983
333863
727772
683397
434674
341773
579580
328207
643375
556116
622867
987199
910744
846614
871531
234848
46966
709112
428466
705799
239343
853103
506570
404531
966492
114663
894693
264423
447153
604562
432098
399391
932185
521292
736592
583113
840397
806007
108243
413732
160772
474208
748444
378273
953981
88104
47154
182703
13833
395662
497606
646397
262624
399148
246714
126200
707295
262949
521222
212988
598174
115230
142576
231238
764301
810865
559410
811891
556771
689016
148703
979734
462042
117235
420814
56660
644593
410678
63799
485995
88783
303264
353445
355810
846430
63474
657910
333736
981618
845051
994374
301619
261557
9283
97107
478684
143506
531514
676796
748980
463151
230970
595319
681185
355816
191975
530497
281118
362379
127086
454864
568136
794877
736830
326171
485553
870147
568076
333437
503097
126442
270381
734260
143138
369095
992839
602998
772437
198930
521795
422245
244967
48570
21793
827194
657988
207420
70497
365157
947260
298302
998843
915898
285595
48297
12268
918319
511047
927041
146735
846628
967059
658165
188122
452765
133129
704999
496923
650319
166184
909792
750677
24645
797209
197188
133129
571626
998208
940008
844089
487048
228409
415224
632579
475593
157500
823787
134599
958904
619267
477668
528856
673549
758381
259234
252544
140726
411643
1900
686724
366240
9632
838225
766136
754463
122103
530734
11275
802787
441689
288764
124516
332000
609606
465751
988487
951157
399882
955691
136026
163095
532420
480795
274020
189001
28432
259030
830449
71546
592500
793527
964390
595567
113853
632239
69432
586136
956051
332165
583358
982138
728445
424070
469307
461931
701410
495815
258061
384437
770989
511508
608463
105136
597708
437807
887142
319950
760993
526612
189489
60417
260925
289863
722439
640526
78590
719959
627875
235198
137651
117970
96789
308625
894201
673376
795389
685930
14607
88313
993987
403610
650442
487214
894979
196542
464412
891381
436512
440945
300425
550310
930144
291556
860172
213135
83960
105721
854492
393672
789754
811872
293289
16059
533590
854154
74877
260069
745183
140623
598040
110333
609733
671447
620437
864980
210588
336841
166338
606664
243800
122941
748020
506576
782338
458815
246212
73027
188827
812181
686882
2976
106699
928403
641639
172357
78354
775787
535833
155395
342660
129458
729738
859124
12724
160061
197218
631889
279483
393202
170527
569648
166301
239672
328329
519714
548828
961708
772649
281302
507061
970443
340233
435212
226518
764316
866346
596744
10876
974817
100821
179967
431034
580805
93286
924991
297928
913843
698907
346093
447058
652559
298368
819331
941407
29416
729971
669311
255359
382077
942164
432516
214950
194872
50896
649750
917673
758058
261850
731367
647431
424753
302145
869250
283116
601729
179647
267586
312391
504584
464313
434035
197023
620010
796652
984458
693114
336364
9711
526093
907062
962166
197810
379552
85927
31311
535081
595374
174965
39978
137782
818942
160867
126890
739791
160582
455198
818128
772452
228189
833814
549293
894989
493675
761317
535509
620619
126226
595889
987843
467138
509723
671063
890753
849137
690625
920490
506768
374521
385284
857805
575604
990020
549613
623451
525201
445414
558924
982401
938402
935425
211869
342055
640622
738808
206140
640520
671787
17865
178994
805144
648823
318923
433769
147002
801560
3369
399353
671002
183835
453591
328909
700011
341990
227876
778660
511322
206080
582554
850875
304358
106290
756737
641541
696565
169018
869673
491578
845908
451682
324661
812363
719795
417945
603685
480525
363638
340241
87563
356734
312930
396310
310237
43622
352737
988687
799480
210283
409441
844608
623889
423828
981300
313775
957130
193801
710378
566160
484971
783006
84319
933067
336267
120961
485304
793395
292897
609282
837296
450521
547532
550260
742116
405674
41398
388885
591782
677562
395396
932681
906181
755061
164131
942898
859607
751232
75328
574735
444060
138731
85064
781229
706370
81863
344737
517092
726033
522677
646845
307213
863095
971993
149358
239244
353922
964275
355653
386531
589350
397700
866380
564491
999990
534403
800030
760623
354984
445811
193375
853629
776536
660153
166750
860048
307427
896100
307445
380995
788041
460044
763955
305785
181761
159967
999915
574487
830047
807461
308580
307445
696598
319969
364201
157799
519649
146233
819529
457854
43582
556218
610475
406865
420922
602885
858166
887664
345803
557065
628999
262450
826745
419262
751442
492095
233567
25193
17365
322029
107552
508211
378444
517499
659876
977616
807969
446426
396780
331064
284010
433802
432427
756957
110286
948685
77023
940430
606483
905790
784487
687925
917570
282086
245645
518333
549424
271666
996787
687602
970779
437655
641007
473744
503411
344599
74337
345056
165533
207355
321106
920325
853489
359857
431507
333248
578937
618465
22142
242166
343947
647702
182897
198574
681188
339106
14201
19245
859830
535843
611807
735364
912229
426586
674865
290698
927695
733710
115609
189944
638229
412575
11956
213501
143399
898551
171294
758647
388405
33891
577543
265474
708623
189687
201924
763236
136386
980631
507445
1118
642920
969275
437019
786287
848320
841897
14355
264709
13887
607432
179284
598859
852256
988269
449409
376866
419882
336948
969964
125769
366354
37932
428779
894054
8075
359082
447028
882335
538900
547193
998664
611734
935547
272537
221873
889141
353782
199613
766121
761691
587737
717546
622523
674980
252758
914929
210506
921357
378269
601718
125437
10012
716968
31879
13513
610047
822513
778172
284496
631641
846471
324549
665627
802390
687177
408728
432990
32290
649328
456606
741752
540672
343690
548451
826090
282254
306754
194376
685086
792516
555071
607949
849338
965451
536066
867015
72804
325124
520663
965888
758886
679852
695091
484972
557960
211171
517975
891514
329108
61994
926335
598806
272220
287569
947672
838927
811320
301822
839925
777440
133215
407025
347796
976985
784888
317531
639489
285851
156998
84383
12948
24336
211314
815596
317292
892182
282921
348514
560419
102008
588656
881968
187445
127842
514332
405160
630816
630552
190323
346915
803158
65597
982368
716264
183968
13704
820643
842200
813723
305274
842207
709538
478083
906307
913566
838779
561332
346490
107536
305368
786085
493066
155078
544624
562666
139723
864909
76455
905206
567211
423723
360114
949285
170407
408201
716191
405235
964241
358730
439615
147794
772477
402502
436638
238490
659240
678835
678749
154211
160385
946171
870262
199345
565913
746863
11823
307194
970814
656736
922344
314492
749087
664157
947326
8101
819696
900404
238761
822781
711127
839516
483019
301793
410197
671607
749780
836298
118899
203901
334096
916761
591410
113555
194070
67396
515049
974294
744971
516331
839921
72656
807128
344514
917214
278725
586791
277683
88792
557227
31377
196636
400167
285346
490960
78607
928815
434379
544539
12762
278086
949768
415783
441193
696675
26680
687996
178802
828786
495819
589123
857678
638709
900102
832689
889926
375415
932543
819506
996345
34707
512838
801384
650142
618503
126046
531552
887727
981420
736513
575934
589781
227349
97854
542112
194608
546301
590766
708397
805493
885205
198657
494621
104086
463383
230367
399821
40496
200822
480525
640575
744812
681470
721019
921366
309176
762553
173421
174864
974715
198475
67803
919190
692757
111604
300692
780018
73034
678477
941466
620187
793222
816995
284289
199041
452001
619192
702718
779851
284051
388617
116768
378193
354353
836627
881988
114742
788004
639888
474251
427669
957996
213128
224628
795692
834045
659028
446926
318709
544723
108057
513120
65019
34262
516144
4476
112924
753929
100089
780349
609931
51954
887639
616919
814352
14405
492267
687546
701814
52676
521158
831670
11593
955279
205761
190145
155274
118588
886562
436888
883931
96759
407194
106103
110885
259930
964882
325773
541952
576928
191698
886267
565155
435809
852303
542226
707774
26287
374883
532913
287589
820987
140426
553852
445088
389899
273291
317621
279409
795270
668914
471840
424942
82470
92840
487416
263378
722525
308870
13590
771801
973280
277550
282566
248657
234758
451574
518297
565137
711511
925312
892751
426123
288519
663431
242819
726735
987187
421679
371812
981739
453905
243550
956911
205280
729902
973433
946183
809681
394019
888501
369843
1947
472194
799914
233823
261658
326046
81332
427507
813617
959033
518146
15384
126909
641879
98296
816665
479768
802913
767739
338288
994814
282746
237309
786725
234929
442834
30403
133228
136383
765796
741400
447335
709782
521018
149135
258338
540925
986919
581873
233923
964058
368729
284636
147147
77471
386196
776924
193357
215166
652238
320330
536283
770025
768941
328871
499443
644998
752770
257851
189741
580936
861770
612071
459577
550381
215862
353914
493674
860331
420233
250374
831264
605358
157631
339868
349812
876269
154412
75310
887441
6028
378866
934756
42119
356613
537942
714101
238820
324031
315695
301873
198317
361600
389977
673944
534508
3690
511236
268051
777272
309607
847593
581185
975256
134458
290690
79982
997247
777761
465113
863823
772855
228680
247986
923707
959409
30300
423926
190588
32890
896498
273480
109290
981291
951699
837755
602570
150619
467532
266354
961755
189960
162205
69228
526240
534743
317003
840749
355388
744120
881421
435958
61286
317750
666539
537407
378970
995148
924142
541212
752501
965753
447342
875750
477099
554332
835379
421712
51413
876464
511870
908390
28936
996033
938765
870275
816526
140106
11462
235882
823122
606313
903690
179708
373545
81969
809861
954217
98300
251166
104843
973064
869769
89741
435597
765626
168526
350193
808490
756473
255436
192862
547540
585811
14279
950896
553783
875402
145791
996736
269250
670158
254280
542312
19084
80539
363205
159490
209089
491246
320278
20418
738409
950151
828212
472876
909613
608339
451325
268023
697987
512165
819914
836192
863451
652146
704723
447361
983401
547
566464
609757
194777
249789
345434
997990
105365
69355
470175
327694
227468
479084
157050
973226
125063
240478
712113
788335
2245
622124
47614
315594
39168
744510
779102
587182
82790
909646
559933
698026
714977
239315
890859
175789
530931
388151
135239
894585
364849
588074
513306
946823
309775
729789
336283
605367
931915
901320
208578
305931
478956
628901
896312
184569
894158
454828
14293
58399
680642
472730
952067
115788
349562
641766
993982
901255
552075
437382
53306
531462
877463
231475
155106
780699
805280
828482
866908
251327
103676
740301
213583
829668
99862
19087
548656
440273
97450
726873
3182
172319
801469
49884
163983
637739
898332
490733
264008
501018
588992
116228
455057
57812
878353
68321
660397
371724
51028
542997
978585
703887
864840
393563
925233
165582
967322
31535
132010
802602
13241
417341
218531
725312
740556
747640
469527
316646
271415
325128
737242
57665
294366
291812
495092
271636
858465
244344
560506
151657
698520
877093
703535
146610
755348
773985
793598
895454
178941
698905
921824
153464
388376
824863
456111
658115
401832
243545
941579
188583
639024
286137
840807
406449
660769
300068
915008
125433
542571
811257
878970
281343
340009
679648
511666
796692
664613
278287
969210
710550
579984
515389
700394
248738
419897
869397
598309
198671
459046
721846
851224
422396
186556
509851
14274
429679
591978
68219
297704
887658
883220
949267
889870
60053
802177
575356
306208
394828
942090
454416
318186
378700
371436
735222
997244
98426
826009
404185
52595
207054
376588
836043
996728
775671
571323
88686
13046
241522
543794
925288
170092
106186
78887
646237
109631
241064
407795
593025
900763
390923
452534
253917
268783
169959
304361
118033
419045
660470
597279
417269
293577
135755
358202
40792
803786
810349
52612
862600
937801
968185
907050
395514
684922
262586
888329
673178
703228
965876
266424
841801
17910
702534
25246
765321
588910
854487
650970
717566
696071
728598
258094
335284
999435
75540
247555
424589
2766
934406
147189
291031
831627
511967
577111
788938
674303
721904
157805
853433
72869
303750
998593
344390
259959
96594
859904
498223
593391
177668
156223
744797
165779
961187
849018
91303
282099
502509
768257
942014
363033
101973
207196
730900
517652
392974
645623
730594
391464
102014
987485
822370
128060
221061
725128
654079
40899
872626
593151
673667
924340
188054
630191
278860
901599
897027
794225
403444
311174
833222
575787
88574
884891
224433
442815
25698
758766
842807
392448
174673
566714
145339
993498
657801
652309
356565
457246
704923
620071
140862
373569
303209
316027
929304
615992
962448
435763
182282
24404
130346
845489
278730
141675
535681
399830
44195
413976
670771
143080
411570
94159
829879
233251
10881
520121
879509
237764
906049
879480
974145
407144
651251
840916
968757
222937
534052
628803
93400
372775
517395
131838
408465
62410
824726
867747
641374
938970
214558
465325
405940
257105
526826
52697
143135
536687
603101
247131
853565
89657
981514
349062
880560
435650
619411
14982
920991
617669
188024
757642
718982
733809
473198
431964
258370
905927
930064
466909
734824
532363
418906
151123
147776
797700
136741
602619
905751
901714
247682
991999
252560
950501
410503
447997
826006
923591
61052
113928
770912
629938
932519
5664
147212
736833
741233
368095
347269
566478
72078
50432
435239
124512
26291
123262
136722
786842
260010
262337
995637
855383
202779
140375
942730
746905
349429
883900
489155
87445
151133
947263
751936
268376
61612
171568
148018
637727
878849
409904
856977
555051
307498
121266
501791
622315
269995
478197
556366
966108
226196
239178
106271
865371
340170
102628
138573
184357
743786
158448
190465
506087
922244
564095
575047
466800
638852
542220
720858
113304
386494
595561
386206
766751
39579
667565
915952
15204
219000
540272
514610
687091
701654
651171
980221
703919
415948
943122
936226
171312
970864
25938
941913
772774
704920
15765
560742
856259
731661
978332
813160
784283
794688
590490
782660
289671
57087
932891
415940
593264
649730
584524
763687
228675
839697
156584
733141
606339
477765
380937
132770
745689
99826
245966
781757
396025
963193
424747
750275
330529
886685
145043
565530
17270
500318
370142
513695
561732
669092
778329
581284
44158
644392
800053
859291
354660
151453
619716
694608
971020
810545
223697
485389
464105
853528
820134
219857
311224
689919
224834
630607
167728
121837
209564
52611
966566
299142
872171
121526
113976
409963
277448
307503
129098
664984
672658
930263
574146
84952
509269
952123
368986
424588
284409
730481
548488
555841
452468
367255
157761
603587
667684
362477
523734
968056
275106
733926
939494
316742
772775
515147
273931
843613
596534
528054
175369
154836
978675
242342
211680
177734
528401
966111
548013
364471
508942
130018
772738
263822
638329
308470
156441
553259
242700
398859
896657
680593
972823
583044
657492
290261
113603
705090
965994
200854
899207
951699
232601
932010
881833
920664
970486
636186
531055
839312
204468
54877
310809
932048
404476
272542
901395
143169
982172
505439
412799
874722
59476
737929
584343
51019
400182
420159
86314
304577
517053
545131
778194
464854
281850
514922
907751
916126
261502
518246
221501
715527
340252
905286
628061
856464
995223
658167
925036
874719
187071
260728
529209
238153
974176
299089
746675
698835
814128
668015
238681
602811
771452
900642
844388
635826
12309
355400
61411
804784
948789
562003
432169
812516
663894
986417
943249
276810
387946
980537
347161
583690
859330
692261
838605
818254
690504
109295
184925
284683
8686
818368
326126
931082
60898
123300
375407
770570
234045
465525
951884
477845
929428
348652
459231
914332
372793
653779
661183
375613
792350
271547
19387
698860
159962
661074
502507
705880
90541
783583
109815
913158
5450
55630
494369
129045
945453
319139
840913
86437
927351
826718
188565
578221
245925
298588
449100
170362
783097
192584
114013
543261
476193
508694
260266
648248
163459
401525
260742
108124
716646
728124
896895
700062
27485
742781
470131
946141
941697
989894
126714
679820
242920
366979
444083
794916
933130
614410
406535
583865
739286
86866
405926
721327
946513
837467
136962
960777
492387
247244
992374
689771
174502
497538
550779
645323
244610
717268
601706
180682
303024
778930
859526
874623
696639
34025
547804
782673
60385
43068
191769
718839
904121
718226
257971
470634
41552
70645
795270
43839
89388
74748
882448
82963
155554
228835
143664
343584
47299
836503
339116
845381
578063
523176
548966
718590
625090
245570
873449
471643
238796
660339
138932
782287
941631
55855
249859
388237
548380
771946
577354
54109
32579
10428
32261
533221
102904
975633
281158
242957
997185
995187
74606
290827
386160
343562
595923
908459
581564
176469
873484
403696
566561
908373
777407
704722
972877
949267
479433
350172
508428
487320
489851
440135
405011
657506
630258
564130
428392
525316
333108
283972
441442
974402
97129
390387
59079
617711
344677
671214
706805
592697
752070
696821
703491
850171
794517
142947
121770
710535
258827
910024
55716
936096
885389
245121
747030
754984
876255
319960
270246
153760
595689
567712
698845
906380
694718
696520
219919
434135
656723
829078
592632
761711
446555
903719
660859
709221
796785
979643
108686
830029
819569
378131
845028
601068
952921
654234
568946
446763
463174
640203
641875
483026
785376
814824
893544
276508
306248
151744
817175
887200
863753
489455
811817
941902
483101
250655
951474
72436
964578
404468
438107
766881
732718
700137
490935
169393
589588
214559
784761
679426
246466
416262
302469
891918
742556
205439
907363
919795
291198
114089
34625
756781
794441
940522
742904
263274
901494
55229
651504
209328
729747
575716
364779
959362
501208
247008
703970
419468
406669
149901
64116
831793
552095
233348
256384
515429
864049
683192
713758
162037
282128
389749
369745
728972
373849
962525
32893
677651
156241
824596
428499
172541
501123
790175
452657
21987
827904
529002
192000
383812
614866
480318
916183
707047
273881
449567
976345
909375
141501
166753
758929
235768
173720
650355
425802
128488
237232
975368
793073
772608
255833
120283
211315
374829
65775
431325
886119
723319
790381
285475
460221
38324
290871
391873
521752
944419
747766
656157
835315
568622
195158
597851
784316
545442
826196
838112
436609
686089
188318
579431
184303
201634
97423
560359
589791
519110
163479
794247
471472
527212
926546
605963
718435
704966
150054
667758
836898
254593
743512
327753
254466
149388
555666
20465
999330
137541
142453
246181
584304
829359
409701
19508
100240
879574
186073
89658
832636
68584
982546
190414
664434
195573
362811
181669
406745
866595
108004
123876
247616
449318
656608
656716
984776
231723
848599
961833
594052
571234
261227
538178
846433
702914
880565
972789
199093
699301
392668
641851
444081
730674
212014
451628
652347
514485
899342
100648
559635
395091
732834
516650
534522
722843
478115
866179
386010
195653
902890
165202
813823
76832
551317
81919
205948
637435
50995
678961
360129
197980
534101
750412
51057
622608
901804
604226
442144
356717
842958
217935
864644
956731
569148
259664
790177
202972
52963
214881
58001
152944
856708
239722
760823
611398
963447
215544
532416
563940
96382
715533
408487
65994
577458
590333
474930
905538
309446
991832
279627
908114
325307
534187
789641
549087
196454
219421
881856
579078
445215
485785
350294
680995
255813
272787
699698
269593
136288
722541
452478
357497
886723
506917
681972
908332
38711
464137
545989
4726
479317
642228
237674
762860
127921
548125
246979
489135
469610
434142
580531
43091
970039
617354
926744
74571
576755
990407
256618
102922
924759
770744
537392
152795
738110
467971
667314
859075
853081
229233
500192
935567
588185
807521
298762
953436
902585
834734
915585
252019
378790
438290
483862
563963
95038
918506
372325
247342
791852
316182
583868
423457
772000
339151
457825
746962
620029
836536
42385
100387
70804
960116
765947
778141
119495
895040
195385
97185
527772
789042
324137
888806
83480
273901
486224
512008
12639
884922
865307
52299
237977
593339
509349
544759
452180
696751
825647
232379
475261
61408
888115
405872
841870
428506
174963
899469
390009
66512
605071
716394
887328
286436
545305
929947
84669
732999
814392
150405
616358
133821
724382
591148
889667
303657
462228
870532
682589
897138
656348
128883
616059
831988
528469
425845
577276
127286
428061
496930
983201
785143
940955
285441
857249
142058
375206
408211
876025
836092
518450
904702
363275
605353
709905
914732
888758
889478
36415
655381
477243
993747
463451
613966
17788
231356
542250
304637
271843
247390
382436
354458
603066
12989
862285
369695
354011
655571
626875
968935
367876
754866
172399
158961
903858
860138
691451
741617
748520
47195
638437
403047
188905
674265
573524
916774
976773
730640
355545
299784
333790
956433
354060
167186
220262
985967
306127
380103
171577
200368
805429
789547
850328
133505
168405
428667
64072
885205
83873
999672
176546
558913
114005
162855
552817
71809
628571
236151
897381
112590
745985
958693
562591
20790
954625
740528
464233
404918
831874
417450
825718
563654
785723
382608
982053
577600
116167
609226
557341
532207
299737
523592
516755
493239
843831
30489
960991
535130
713241
178258
956505
526506
865366
771425
576994
799317
29613
137275
192774
143108
696546
103353
940731
812180
306088
884861
348589
935986
509389
984717
878975
944705
532742
840164
2601
634657
112723
112813
151585
19186
894208
727200
875298
238350
381705
352919
620672
581469
385713
229948
662742
389844
536246
907781
966447
43884
756056
874349
890697
306911
626190
205401
433244
187923
708520
996156
965463
17259
571124
267558
641360
649619
402852
213039
400250
622465
513251
595543
550717
871491
649963
523955
888065
961739
908257
929154
152450
278024
597874
660031
806733
151852
706695
97964
607584
471411
6639
939119
111395
535284
689426
125552
254134
935596
893468
569176
834917
771017
195295
207464
765376
315710
490984
121474
568926
400563
795426
409839
798519
462814
646699
678518
569073
179258
357908
192372
305244
877863
560021
144779
335387
927838
380016
539050
894447
774776
28605
133132
424851
491809
697013
460107
952747
234199
985307
333860
843494
409452
354247
528801
4031
893302
787144
511678
530609
873170
10803
22690
260380
715792
106371
727094
468169
875764
44840
483448
764607
895675
102384
312228
774327
235316
741128
730526
248791
819066
966556
878000
126801
289757
451792
664055
972854
822564
926290
336760
448921
987557
530014
467553
494514
392291
739870
174525
565235
418002
79908
344637
486771
604428
749641
293606
493488
550282
728607
186388
482961
318007
777085
310856
690239
3610
936973
364843
448853
725187
448693
28048
756180
458419
276428
767908
260744
855507
896459
304053
743387
89656
881692
727746
126207
643760
103336
358589
633347
971348
308233
24871
168413
348217
482728
652491
742114
359040
689324
269182
157572
203700
494740
991393
565933
361522
110571
189361
398173
758909
27872
525365
116815
833893
402749
525453
50268
593969
202559
875414
309079
903691
555836
90490
887927
746843
383443
942220
28902
333841
288609
948566
446098
517485
249572
913699
100336
210463
798677
946153
633427
111008
343423
744627
189954
849305
28622
608680
134876
754415
385765
214341
944443
345042
579829
176309
338229
881048
480879
526468
649058
926195
440604
268700
951675
454921
67803
789246
592908
665120
44828
262836
937804
97396
122077
343319
92504
818046
292447
455103
898194
842068
145583
132426
920417
801907
677773
292842
552933
936267
90535
800548
308790
820072
812788
550373
607873
366229
816339
946911
516963
94226
866954
251365
842996
61180
913751
774249
411394
885117
280084
381687
385369
52728
75515
736536
598374
197890
410067
221846
597660
151350
464192
475374
791044
212403
947366
548440
949422
88117
612110
152629
263018
539393
308143
855807
199967
848109
642404
140997
842832
112644
494506
688202
738479
382733
624594
332331
2899
371449
55210
140201
777977
203436
847991
392062
479525
850048
459795
792998
355005
763637
233180
159363
736198
677309
777678
260904
273986
740642
436656
984955
901894
85240
808206
935407
267106
610571
579450
316595
647575
449951
247610
128311
388623
661627
533351
680707
420208
500957
846318
804233
670612
639354
792490
844076
243582
838518
661642
352530
50414
468312
390846
446876
67589
760344
652621
668301
76316
643478
48034
339806
508364
625474
820211
404784
136453
830148
405077
766272
123500
80414
448445
421579
808625
920331
821549
630217
372712
515848
540345
184094
796078
409913
511905
160704
612092
232689
515961
946015
702123
130048
445967
166189
167275
462640
827574
885399
186218
1010
238302
621457
435217
427447
930499
399247
658686
405428
980610
547087
925914
183383
997648
385870
837704
219093
696168
685336
957342
340359
35773
53855
202618
169438
77027
323817
846541
907971
598256
526174
99886
169941
394990
540919
20170
760497
676506
245445
16782
937068
91005
705010
683896
669126
722487
133580
587772
706649
155086
470148
341090
72630
314787
585591
640428
703454
243493
819331
836276
206025
660954
639989
353406
426281
527895
981382
509129
455565
169141
549537
997312
195674
472493
515112
178209
813917
385908
317387
206744
425252
724787
622799
544998
306717
293693
85898
659137
575750
248463
178470
48038
494531
78714
542100
713989
861338
78759
510019
562970
747506
451009
716739
545797
749165
104785
946092
751403
69875
506326
775330
643535
217240
621727
261909
773496
435011
605598
459938
847665
754798
307508
205081
593406
2556
61727
138302
109455
401745
998904
29601
95258
492203
221644
721111
820109
330799
611226
686964
8999
266526
688016
887746
217515
31202
844240
609221
155554
669863
319987
425627
709551
35129
951436
874631
947229
110676
212291
869387
548184
356688
619464
585034
731201
867283
804145
921472
737664
362908
978637
421128
683784
274935
69974
582274
524992
105949
412717
837542
365772
4400
297567
563172
286564
490854
849427
149210
628745
676606
705049
893282
492762
514850
616822
365997
145234
344079
716311
851459
643773
81800
45638
27577
982002
130065
272257
787985
993469
615362
567970
152596
395833
587323
940932
905810
449671
2658
490414
853964
876019
399629
739601
914196
366577
511200
683048
391071
731160
907767
929046
200931
633114
247562
32557
639808
762763
296445
724506
4477
237244
471893
304558
836515
916106
395418
14657
542520
362441
921112
345604
703879
665455
835043
663322
969683
61738
108560
721656
191100
86326
650253
377973
31409
682303
84020
528200
711213
845619
381366
261748
827829
483674
871985
792193
926243
67971
826477
736375
505309
327672
875449
345129
548608
709166
625127
814863
949323
387686
438528
588833
967454
121937
171370
235835
418808
178446
951974
34957
152477
10244
950947
530840
237953
917775
633773
401918
454790
934245
284724
812754
307195
457073
277110
838654
553428
730339
661505
703435
241782
648804
179542
338416
730025
795297
595964
176197
400287
683207
367968
244508
801153
320109
157060
803501
169915
739465
323975
323280
751749
265704
623559
361924
926291
954166
61367
612961
440770
470019
430437
512032
135614
277191
54458
709316
834311
683037
97658
387793
691667
514871
725154
628981
884387
796608
30827
895932
79996
924945
321407
706625
514341
978093
162451
639925
183231
894156
844460
566796
753947
342976
531839
704493
650057
640588
72963
560014
668772
567105
169991
732358
475034
271977
36569
326278
302679
838932
1484
859205
349408
398711
767576
622857
574137
946295
366057
489506
496679
857648
248333
903683
361800
879655
200685
659964
534489
274414
857317
370928
312244
180805
619705
111679
806760
556262
663771
927972
156483
896126
565659
266238
630072
356225
535914
340065
631023
679673
679914
466518
66654
394526
105702
428940
352195
225936
601136
389511
44996
780941
909575
909126
919526
168817
245802
600133
170160
120431
88055
536504
705139
580439
879312
787936
380435
490828
846738
422721
919621
479455
485348
870987
220383
193103
602312
661280
132201
830550
363060
72229
971456
926933
977438
103022
12285
683400
387370
516801
989685
559331
346801
267232
895114
271713
440021
687266
16215
924161
31767
307200
641385
458872
369916
348259
583801
377563
443871
984145
441018
922132
65912
259219
549276
179242
612161
732475
751695
276741
488124
177922
995749
479238
810113
220740
356554
649382
19593
705219
76058
987828
785652
470703
290131
737760
755993
139698
358656
413028
662796
535871
9670
599834
149032
256728
976210
464511
30307
610272
955860
753857
447319
228292
837177
138367
588398
367469
951283
996788
512621
181611
539993
962859
976976
87759
504866
174620
538128
731067
236368
234219
508825
783587
39855
84581
937225
920300
256557
153679
206766
634582
502986
462668
286703
733932
539314
883164
814976
361699
496006
660945
281172
728351
822951
257338
668296
940791
58973
228863
359519
768616
818372
877747
514068
120243
249561
807592
667253
378236
771408
928124
966572
353311
119639
316834
422116
535942
35541
651171
151009
468404
386895
405723
588529
191596
765495
306378
487452
579325
43678
308924
118933
174096
267523
353864
728430
69872
643149
299461
127068
420924
336096
556694
91714
40590
906728
367869
137469
209000
710930
429438
662769
701729
18410
557531
912936
618354
299065
728192
633761
334419
31627
979719
146364
101216
57900
404286
877575
745312
36693
168346
883343
338770
415187
578424
240555
333122
975256
431912
939397
65427
124240
209366
654
573015
650717
107677
6736
921769
109244
564736
163317
474725
431043
892161
612293
880302
534594
53249
162640
549687
350888
509992
283976
559851
867887
930818
442753
696638
266020
94772
52835
945288
735052
303180
749477
200907
606135
411353
803459
154431
159918
911391
875182
445194
873873
541848
15400
686533
280379
23254
304707
736498
626634
886936
816446
510596
671658
515301
323781
96919
918808
131381
103845
435823
537727
396292
866973
173958
439945
138877
79417
892507
311015
111392
349838
218340
861628
291569
346719
519868
276984
925609
970389
504331
647781
126315
381882
692457
788995
512411
219102
658738
716154
593468
158933
419620
562050
807056
923220
593438
959220
566613
399768
510731
821671
275529
497918
985586
833531
677245
126905
525371
817564
773568
724394
371928
897643
166810
322265
273612
490372
927865
184432
430148
474667
447968
141196
807460
667259
745431
889587
521363
911770
89309
858016
885959
717683
46062
456958
322635
98315
818605
289156
626784
435086
60973
562516
262455
675514
801416
85843
871321
574992
280020
391697
186147
337550
804173
115879
732155
44578
356306
989229
546429
550464
521763
101025
440134
359701
194227
11086
135233
453704
731904
364105
482198
56290
728474
396818
765792
387954
25390
59680
542928
274655
540885
446060
105109
867243
475765
847581
259685
632911
972092
536834
550231
106957
979094
186203
259782
206784
926554
35595
957384
487049
63683
729456
478198
103758
860280
396294
588155
743334
666243
851694
825315
302482
62897
232055
565540
315995
227670
810315
734731
13584
467078
43610
981413
885337
662440
557239
504093
974759
549477
511954
969853
160637
9533
348364
944575
755414
10951
282651
938518
231285
985699
709763
722634
304352
394695
83236
859455
294608
191397
305222
183701
232169
943085
2924
768640
141800
474469
103069
856558
836510
195023
39891
500034
956859
513213
232840
506278
497407
222971
109352
476876
38354
280582
960888
407930
541786
882989
801774
221928
642726
146226
216452
258333
205212
590104
166480
262861
689059
834615
845811
995744
653598
517979
380692
630820
327285
198294
799768
95610
190085
452450
959342
123843
823871
80222
687722
399209
348563
552599
860486
892859
707716
521570
602097
338529
844088
962656
431080
31524
3985
811237
443491
948958
389486
371625
44222
652208
649447
633559
772151
641547
355085
390003
736338
519454
343320
919043
524771
166181
795
517719
135607
491846
610536
792907
123727
870830
574577
131022
896168
542625
766215
413396
8897
398329
306629
316570
607546
757678
843995
220357
764474
913149
470656
843395
416549
141075
744827
156786
941550
386773
822066
987758
440235
360639
565922
508190
295367
320614
754591
759561
757317
634998
835589
598015
971100
713656
554930
478492
932785
539429
606110
470486
846324
786434
74135
42873
580358
669857
838141
965854
993472
945056
674827
97787
433651
610043
257480
561535
982150
551177
354884
860365
303502
302089
469596
16028
860363
528932
740707
977494
434610
412690
718980
67751
239780
792738
382658
229234
229472
442373
456798
564379
460323
192822
223961
161912
191497
268813
446442
972254
396628
424983
582758
849848
823604
562808
796623
613848
713783
505906
557309
780679
422168
935010
799793
867565
83588
67574
759308
466743
878653
417997
65347
603989
56760
8705
726134
163812
838305
75076
285715
357764
462432
174223
304130
840970
950459
497631
344823
284795
785516
869527
802642
259469
328504
83979
560610
570262
420504
767230
842969
23740
807371
946605
694764
27124
857041
786744
853727
81376
729594
572565
746110
810255
283083
576044
704708
118841
219096
589063
755691
290769
416177
289678
318462
121875
923231
699347
698631
203527
607116
2607
279549
331316
381457
328314
198571
137125
401648
971173
223562
229828
288595
313814
712602
128872
347252
412982
866376
882023
427866
774832
286002
795470
30836
887900
342318
392336
212876
612627
172231
34069
700613
639863
759089
406491
717625
780338
880224
745087
753582
312165
441695
349082
973307
67049
652580
376056
41028
916100
394403
105712
317824
565664
376695
974818
165195
4639
855235
14985
760559
569854
54342
500394
873397
430505
208105
926822
237711
149856
512766
175578
331228
213944
634551
779842
199370
453468
32066
838027
237225
471867
339697
506929
520156
944644
853096
917177
920704
120347
847099
129355
589970
354285
603445
792300
995388
224972
316350
470570
969961
427179
860237
202868
128340
897682
184335
763451
30151
524879
481207
769138
495166
424841
332449
106907
725588
664820
566802
59615
681826
526857
184870
908340
764884
979992
569472
571794
778125
525025
69961
337712
349043
507581
869503
413794
278655
272755
790111
197252
256357
236065
631213
461185
293392
118028
539257
504330
673797
578631
722210
785931
675873
429944
169109
512088
906927
557469
795481
852727
893569
1086
912629
951309
375880
49621
263582
172670
101412
803890
393713
251554
892755
545233
711809
299392
499215
547408
808046
544025
779616
699191
808450
886417
230195
394163
917443
251703
297135
10957
767475
498799
949232
609948
953422
775764
167722
952425
772629
68797
569411
10120
987726
163415
987561
597513
673145
19316
483223
742619
115515
765229
414843
587451
237714
882605
42747
291266
238773
526661
243089
718925
475647
708853
451022
622012
425344
322019
276902
175933
69542
784180
511931
328468
269528
180224
268126
584394
531747
827625
782285
199969
581748
829184
65462
121883
170910
664108
59638
419854
872417
479396
587306
745792
660849
656129
277250
960648
941659
188612
10101
177395
352723
530160
69362
111939
356014
44835
882628
815725
922188
624698
65189
92138
274126
167597
361457
240847
25305
62391
236243
98520
318699
102698
934648
849571
754838
965306
403052
677212
835034
111199
633588
410996
174617
572087
13232
71442
430263
822638
431280
997551
173632
866645
971710
393857
452544
235005
27401
505252
786029
77125
394167
2962
818697
464785
852593
159115
561094
919998
334803
725590
225908
612222
100930
782195
564655
925645
211361
138241
311802
866583
677474
914231
426030
271111
379955
919600
716956
993027
204198
263915
965852
258328
72198
247403
279021
620248
577814
251246
291720
142742
279436
435108
485286
783661
53506
425320
389099
55907
713398
271713
657986
352072
496216
171551
259509
406230
807971
713353
533412
891856
410219
295653
92211
232228
488413
62371
475840
663982
48634
616319
678656
811954
379922
419275
643928
399129
65262
85692
718806
48107
689225
69306
359166
647099
83873
102133
610180
442742
670186
821624
714325
244109
452360
52484
399634
766025
521332
558516
674210
928429
266314
192184
749482
119936
644251
391545
954982
360131
984775
198661
744338
822962
53020
242659
172305
947926
670375
723726
851556
386920
115975
386498
944803
694963
894470
736571
801265
567751
771550
381480
433632
166752
628555
226608
613815
285845
261240
25064
46825
487257
732169
885201
792491
21986
461529
240164
846852
634671
814554
582265
600078
980659
286568
913929
606254
533499
119865
519057
831187
894264
360177
92558
317088
205357
947878
589611
487596
819071
676892
472433
633583
324709
136290
780847
489764
343787
59862
241183
187571
613619
383057
307875
784503
592684
51595
718603
304080
661817
727605
919608
400698
849535
233861
130910
826769
709992
759958
455584
879576
622669
636065
2526
712115
268744
765868
874035
134553
354620
568419
215363
797674
15857
632789
526790
447856
8478
167007
214364
669193
581996
548265
28338
670623
287352
867720
897789
94440
701369
314137
505661
314853
37115
205791
157942
835200
594006
358017
530635
579371
158226
170808
587921
854450
168474
775952
950966
332528
46572
813642
24950
180372
240453
895461
736511
951664
406388
799291
733355
299201
525973
174464
877998
666697
637891
759214
924013
920697
800804
685825
879594
604054
445275
615111
37124
258332
906185
311432
115190
517129
12831
284108
717591
909699
801288
97089
832306
943580
282560
837076
186590
261881
18024
540143
922816
411259
402415
738729
285398
885433
546888
585223
880505
694630
340787
553228
239692
173078
729895
377083
52985
101728
303470
880105
228750
551768
308780
436920
503387
530186
202630
939143
777074
995596
694260
425487
68417
990667
339930
892705
685377
791596
957504
10287
231056
92020
901118
298787
545378
584439
126103
793548
324318
860774
243274
975256
332995
927587
82230
44525
73678
953390
866398
598027
423661
243832
793802
422317
926573
684762
751180
246287
721380
574628
773030
692661
156023
439478
612602
847943
338319
911359
78955
248544
754427
292121
888747
310524
855933
901824
548740
680788
305722
90178
128495
348231
362849
528890
603635
302624
587796
738070
888905
569650
1796
256028
349566
281297
334906
597270
890927
206203
507950
664938
822183
472756
424663
555366
231484
444640
617119
58651
677321
586144
74906
21047
546655
251941
246448
536270
358596
801312
189185
390687
916172
628001
721345
89470
80459
332773
723909
814461
129987
760312
749940
740247
239506
898797
433626
22938
980554
690418
897823
474228
849594
457766
556285
323274
519559
776086
479818
84490
865331
265203
272545
36280
232799
290796
277891
955527
320412
774208
184792
556924
991311
402624
560808
939642
935896
897280
851202
204843
554816
273264
841107
158305
447806
386711
554819
48787
444780
987360
471970
681627
880699
39477
669548
514605
604311
871027
596252
192404
633925
911428
177154
444183
251928
993574
376468
196686
26308
971204
735971
56622
134384
620911
809627
784804
439816
513920
901143
310883
202185
658837
955843
73113
383856
898999
597404
601517
186251
568264
304031
795690
343412
559433
664935
569242
807491
692449
871626
350682
607315
200493
622211
993542
340950
728588
697925
387569
352079
315793
929502
388027
36725
236768
45182
164221
379680
542686
836889
447614
793646
468746
598426
333331
523329
622878
634593
135026
251090
50083
123158
649050
246231
717082
132650
551024
693042
526801
17195
854127
236019
676327
134071
983528
371048
245566
169996
418294
945905
902454
645561
205681
715506
536965
448130
498939
557426
291995
102762
664805
726788
260802
78589
832437
208330
323365
337775
417111
274433
87811
295095
903034
815989
205559
647272
800866
1104
332026
719997
346952
456782
374264
325930
735821
686190
726147
726064
343911
275546
474072
14892
954633
21964
683655
69165
249730
335702
158268
710188
735146
418083
461082
41333
440183
962412
382953
899569
149957
932889
788329
186832
467757
615141
874908
839434
842628
165643
655283
596802
246818
38791
106862
742981
677110
226867
836304
986162
61652
452133
658980
786882
86037
816
173573
729857
999030
66132
146503
137163
579251
692824
389791
909548
67973
955570
155635
425046
479821
150407
18128
217294
92949
35638
752409
191055
391897
208726
120410
262854
32184
131803
609839
532815
758447
879535
926004
829011
880462
589618
843151
775187
903177
146600
700458
426224
883499
463518
381846
669410
59865
285508
330423
226088
743690
455945
648049
711557
889217
710213
703634
847082
511709
945173
591054
713171
207414
610335
