841185
70027
574867
338621
987758
673314
636288
698234
589392
506732
246215
161346
88520
570749
184350
401862
178321
92692
3323
989753
514091
44498
360544
775907
277928
113190
535595
614395
344071
300209
118453
960058
20098
208840
758114
377763
435977
782184
251591
335012
198590
840602
178028
294944
391513
203156
829435
203710
788362
383215
873348
546914
863926
211224
763122
231506
710149
879633
536800
728110
153760
551690
204319
678725
170752
844620
670150
649788
427088
26928
100619
980679
988867
927361
457403
726001
645755
263692
983546
610386
756317
808047
112262
626239
530877
509447
79472
833671
111710
316984
980366
165578
150077
491578
778686
10817
470009
706407
274731
521441
362121
435171
467749
551434
493294
31821
551579
789962
983059
271388
190795
420893
633243
366550
373449
309424
460512
495421
724475
98545
445467
379398
295939
72368
625843
426934
631173
847538
687470
880055
363548
817433
642915
491142
192620
42326
786316
207461
224874
763106
37619
735214
269397
698626
258887
661905
69645
181763
463685
161847
818961
61943
132825
157645
580632
951421
898876
101260
494624
335134
161167
151857
410897
160573
53305
681039
472180
424727
715230
880532
377937
933249
424223
855779
267115
550012
858846
739487
87401
768293
621543
620859
525441
777210
997971
942207
416290
504898
461484
498495
130810
65706
761054
254966
122525
251507
545256
967611
453362
824701
651372
562800
722031
29351
247737
506858
689230
466964
485408
204564
275665
822919
425706
503004
258024
371354
145150
368599
902437
625863
760692
997365
483011
68795
809305
982876
955798
488751
947742
839525
438550
97857
652626
96546
341932
727641
163114
84528
375860
504150
107553
241468
726460
265835
328000
767114
513880
61739
569358
386261
692109
809080
667797
732245
930644
700609
112554
375263
688192
240617
150974
690888
696388
260876
463666
950034
686748
209054
335084
526814
73615
807751
422661
914384
485402
912660
643365
756471
107167
394028
437337
762905
357973
667191
701407
610983
740625
776198
401815
466601
203690
581187
396999
505801
484735
462226
381416
958116
403416
418792
575909
950726
498634
741077
414490
166918
712066
391486
456498
613819
627745
903125
720692
77692
648493
947789
944635
933297
937045
687113
541309
600326
400280
566059
942251
681564
754476
39385
134116
169081
365905
805807
252537
483138
59770
65823
614930
845750
363429
229879
903850
543873
592289
361633
544229
27686
817514
6650
329255
352611
439063
884475
136183
237638
890458
58216
729369
355727
810011
399949
671713
146794
734750
54767
660268
939507
59665
798216
651800
847018
789994
605038
838511
166166
899855
989537
411975
563252
880211
888095
732201
580676
959373
123964
575396
788084
292319
48971
586078
791551
872512
943716
312888
490684
875752
701662
788999
806685
777679
804956
448866
463593
529810
17986
89076
823926
303734
518817
905835
562033
721265
538027
494025
989873
495331
305742
968149
995976
269548
51930
35567
116272
198905
268576
28187
513737
49137
68921
327685
642734
600886
244611
483642
34237
348530
666452
313565
32911
105605
616985
688232
982695
718897
394715
97095
212782
305423
151232
144685
112132
409805
285250
240695
921686
701563
308361
265862
171893
5644
341329
528160
900564
773263
157682
313638
893032
105589
850860
285993
777166
373542
276967
837492
199567
124803
833243
40052
428445
804375
909870
216577
711634
676831
66790
180381
896767
870166
213211
155410
214520
20093
953105
318709
154909
555953
395814
963816
364140
166593
474548
822854
528473
694381
17375
238640
94479
893002
722093
413338
204185
472242
766506
565674
860063
288059
497127
584099
216596
250686
632983
466507
342976
788284
220942
347595
624281
973532
568223
485647
702920
997389
290336
321792
66284
630665
761871
209618
958012
130398
653614
816771
716853
609037
749056
196862
57094
915857
725387
736836
143417
366807
193191
285510
660835
340919
950267
340863
445705
124991
118302
144612
412972
55181
755182
430975
903987
505832
451470
548852
704731
273808
711770
264768
284021
51782
395135
16038
687675
978965
912520
400944
345303
23046
505413
839436
982130
639068
201712
276279
225641
992254
838574
771966
395777
547147
97386
864737
745911
953005
682196
295880
768720
440488
965029
720228
785388
779039
526392
669076
81342
534786
142565
195149
784551
424973
61942
595550
70633
61655
907711
600366
42381
861036
236032
455244
901498
394359
947569
158217
798876
538100
510504
443294
450841
25907
555842
504433
975729
689755
64375
704456
731145
659336
898429
968496
945454
184296
929701
87738
193615
871824
681739
79863
162295
41986
798761
119118
496216
116478
102263
626026
922154
535481
21115
409521
591498
839796
479618
862628
976795
134016
573985
973210
48189
722182
626383
692301
566577
643053
365576
341353
688534
812824
374570
563901
203293
501581
433493
886139
39520
577195
585530
961635
576190
328759
342397
689333
988980
874177
282502
219174
822076
654201
104457
923169
997524
196989
997051
930752
272226
39257
343920
757799
367806
902679
325568
261828
13237
964982
421712
158941
464665
973468
348065
256858
555021
54928
225571
889898
805383
81757
484053
349830
740134
57473
459288
252439
447398
184337
133024
341572
914486
699189
392870
163604
9854
269047
512033
875558
844999
13195
846622
761852
980728
623680
541211
844781
289962
682755
885527
564341
54920
131844
283922
928450
986597
992983
351026
409473
26546
611387
160187
566078
816030
961299
577798
253094
476882
243558
388661
548418
354279
853907
879512
935769
783996
723856
504597
679642
268622
985626
103996
781751
813893
47845
686738
690528
498953
69538
174398
399515
527478
487610
278712
19683
293012
925556
602035
359623
295649
471846
663721
14293
132676
302834
11939
159142
916150
110951
549639
286822
872545
140561
947263
257064
718988
382838
334076
201605
624843
973442
687239
336336
715854
245415
903471
577723
823979
438829
272179
63739
65799
474605
510331
355605
158
18486
977320
325364
953382
432132
418136
770243
715114
608031
461180
610773
314529
39183
325804
804404
71267
219062
757597
705055
697782
782018
312275
443326
977085
688181
496461
445516
705702
519009
953407
665681
669574
910994
128753
888910
546950
741686
179409
812985
117634
47755
467848
366645
821782
769465
965278
417044
427960
612349
236302
295263
592978
276646
867003
373085
123278
885326
515795
755436
630229
605307
66091
680136
154545
988019
949198
257768
352555
467805
900264
260257
200181
457939
269823
968358
777828
551345
51160
294670
745340
974732
208466
991989
931119
6395
903138
18535
117569
481598
521716
715691
822093
326343
48637
441884
731169
496873
893463
474400
160908
179073
978584
772122
753424
16030
511297
156797
244427
735378
604517
135711
952863
485242
888918
669934
810571
794573
768527
403643
35824
456708
264172
804863
808347
243718
925550
500838
245960
244071
189132
446265
616630
318852
9998
445209
876117
712915
165073
850452
299014
713332
306711
751944
140765
129527
429914
803409
694248
656178
399346
580679
207315
172575
983498
899774
535156
916964
554976
311941
833837
625260
766838
896408
797490
850438
743498
966924
63596
954103
709900
849726
922154
60672
661206
676704
683437
99311
195447
32377
712538
489616
920747
242775
731965
252370
925074
504194
342164
774458
103477
212024
299020
891237
471766
523808
606520
705732
510568
771689
534971
508850
781288
939983
985695
840524
609922
481101
44976
707063
30021
932457
915882
647492
404050
848761
778418
19263
182269
15400
682309
153968
284635
35354
206137
627415
651118
519950
481166
979729
791387
303036
760941
284624
810983
945725
203158
607447
172267
639613
842698
704217
469402
527279
839301
535641
285439
462891
133526
282779
516594
553396
912522
336265
116167
568165
928067
771357
20730
171288
699633
925601
381811
218497
960838
656140
192767
644438
229586
121980
918347
547906
484848
123809
934849
136498
638189
723879
649708
153059
470205
153528
619034
238491
465704
881996
423507
279082
774639
868443
370212
82335
354018
215695
881303
488725
372663
580020
377724
916898
805518
593441
629092
957026
964779
822464
641632
850664
61586
619392
197487
782278
326883
183345
35567
66549
959028
312115
336657
117103
930730
213659
161827
21165
33863
335893
964511
927007
135780
63276
575602
121010
912300
687314
646607
277532
485822
203688
141987
628266
115729
52575
950864
35336
620066
852002
598130
533934
500824
451460
111348
18780
68366
723378
964782
974621
623291
411620
806704
617286
875481
539824
609241
978124
811022
489410
976711
182823
460651
443809
714091
393110
710159
912584
265107
373504
402431
89986
311261
729418
196723
934385
539828
225324
604965
390356
5910
523826
583345
874002
515918
598595
241727
567950
277707
445845
140359
843374
854554
887312
646160
748424
495924
960992
623606
161774
1903
664909
71448
327190
40114
6882
128329
790259
878111
7351
483479
292765
816015
826672
837228
832366
798331
559734
875870
975431
499242
217710
554508
982629
139173
478646
142506
785189
783405
576407
251420
46782
98597
26840
936918
425101
580894
190790
82576
843414
572549
503889
85050
597641
588236
131320
982099
970805
959440
414722
968942
735750
102649
787954
873539
369685
512907
690392
231932
437576
735314
566826
980877
823150
615166
391756
761026
187111
299478
722123
512278
543598
79826
236000
113777
984682
806895
994939
235529
943336
177845
448055
430118
628657
815890
916417
656015
347842
368517
376515
953711
256133
758029
400343
238520
972663
849009
473014
313938
386617
949897
475774
509159
741113
624104
74282
735001
439414
565314
198870
75956
630304
577241
794273
226221
539509
215061
157843
816452
637384
533930
355858
932290
499358
96619
642238
439745
715195
619507
196162
536000
396283
364736
281517
358319
899322
80406
67589
842373
820547
224015
271332
739983
209936
733306
528487
219854
230415
549981
255020
962861
61951
564160
610139
965710
514007
861938
857567
583431
804098
566876
531760
650860
969448
697201
472501
160492
106700
740579
562138
242457
58502
456965
813731
434322
859532
399057
827656
279741
562949
939140
19293
448638
501848
122193
492562
964955
399299
34357
575529
553699
993967
150785
22936
227447
158529
46396
689770
939208
171980
571104
713733
234408
103380
705372
71873
703898
903180
693978
296284
456827
728094
584292
323874
676585
992119
4129
195526
628510
32681
138010
244120
463014
941799
376494
436540
750303
638850
147998
724537
528089
334665
467758
999172
835096
853897
748430
85867
944773
969092
891945
48407
829804
431744
910565
20230
914018
777456
257370
237870
913173
615605
883423
571996
846159
623203
254686
578600
826680
741484
996463
502740
608819
842249
159412
568590
906844
498967
582860
258768
201587
889033
414081
243135
638627
836407
143635
753348
669424
834225
520048
18500
913800
52251
831618
589915
23775
305006
346196
886406
451229
125064
611633
692370
29765
836748
891127
998942
43804
733636
879627
199703
105285
539152
963569
877534
732879
189593
851145
704194
855272
997542
697425
226166
768527
222406
168357
394922
912343
713609
358586
433008
413019
506589
707392
203337
789530
749047
334099
253497
743009
530688
681283
770897
902455
223783
978693
610501
92840
511667
376460
168513
83645
957704
25943
652895
454640
843492
704505
406163
245858
5798
871926
670239
520249
171325
463149
950538
675907
403857
232798
220231
855580
979240
992823
933983
152663
446218
181429
522836
37635
130745
135724
479005
540524
965493
871101
344040
309090
69329
52330
309078
916551
530096
857796
705485
394460
310803
7036
279990
383605
734632
403618
147189
251754
766842
48192
5408
755861
580686
693970
716874
621470
399592
591053
72389
805455
1346
363033
326022
954001
364576
455619
595282
194649
175731
15393
834476
916936
684702
270082
777817
469394
948756
117574
566225
581006
781746
593660
908565
11959
893656
426971
56034
410079
208860
613401
234106
160593
263799
680794
159329
657763
109135
678334
21235
28741
144812
652709
561177
803121
104497
429863
921594
500775
384643
457083
588432
875778
442083
843739
783312
274649
851337
981648
279185
913661
847513
260643
948697
395837
351009
424990
866573
555368
280789
100089
821284
521726
286330
726197
37871
272901
856667
341953
862216
676326
557334
17315
358238
856357
781385
629280
990330
539178
507469
343209
415246
656079
779597
738224
642733
716031
924100
581462
69810
504383
824762
352619
529133
607870
706564
331000
349284
809176
524390
611401
61634
642251
876527
983584
451766
422309
250658
785740
610480
884348
11261
833978
317419
782030
248403
443380
792463
22381
150461
158584
721974
793739
915665
846214
800952
800667
514228
434988
679510
953515
880561
183748
284790
763783
701515
659592
386512
813545
748908
89664
432506
637263
498167
478231
853605
622600
774964
411713
391088
899300
766546
411505
667880
579685
7986
917807
594944
988744
76999
992129
93290
734943
836654
227877
435180
230056
119113
295396
480722
241729
999821
223091
242930
347998
307351
136515
830101
94650
283401
195992
524920
378340
877422
762989
87898
132400
938037
134655
701138
202388
574042
849338
296757
730985
962310
553630
855181
854950
445590
882024
933219
777878
892965
33221
595722
467919
604184
225959
876968
515530
894798
509412
654396
294886
688537
628540
960808
154482
930471
331147
761153
131657
623283
227410
873970
797449
915889
383118
8577
767063
377847
527140
325133
848016
550506
130345
216634
751717
401062
669307
618573
891033
472235
710624
572650
904275
205508
90885
188199
474435
121386
93963
130458
616881
634403
766179
90156
902897
927138
156476
774885
918175
906046
503665
655914
284018
388921
833903
357022
790108
795499
536486
474556
50622
827331
677969
739489
492
242850
346742
306276
997540
397287
183641
941790
459681
131450
328172
971200
733229
108847
357558
796016
443671
951190
670836
649732
483849
292794
65802
130876
230013
19571
63465
502292
780980
803763
873475
637436
932470
707403
879390
576873
527701
173055
605183
217337
566998
85201
983706
682159
155730
384122
614166
836896
838153
555852
723473
746046
373513
234693
346588
962101
225396
510497
851702
17705
366516
777191
739058
184485
361757
943419
721140
371495
439589
39272
626543
324473
959899
622159
921408
650167
909646
907420
904639
83800
87800
632381
843628
541112
787080
476400
36074
19688
299401
919030
654968
765526
87979
791413
48954
883955
785404
223970
818699
508406
78903
986974
837405
208677
581908
636780
604253
610303
741489
101203
915184
222772
582121
572952
203192
73594
235763
535135
86617
576867
123819
885398
860306
784117
937297
725404
602918
853751
445157
113872
548199
389201
153356
89024
475469
8324
933755
630177
243952
100649
832690
763435
531270
911953
736265
218341
396230
922796
270069
588770
253071
370018
573840
909910
953995
568025
384366
756747
450249
990505
869199
937337
381128
485042
311001
547248
616180
144535
606881
216334
411053
693018
363114
923502
1083
717285
573856
453592
217804
583235
52323
332406
565168
906156
747387
645152
33362
348321
630753
817943
27941
462459
420566
630730
870028
827208
361445
279243
983589
573382
927234
76938
580162
404015
489448
488060
922148
585260
560287
545548
139912
2843
860476
881696
926963
471140
963989
428800
39225
510667
23168
105927
369362
110165
139537
187964
246357
813396
865790
263608
985577
548259
562864
219500
205546
143053
736030
465452
297217
757406
680766
492458
317505
833928
184242
445117
978743
43689
627612
131724
685861
297545
224913
912974
133509
97409
175475
785508
589744
582536
50777
244054
189494
594527
742591
781991
656305
143555
103028
182936
692930
924514
98735
614364
623555
520557
445567
771528
143236
938982
770688
284870
897924
752770
675850
908092
422379
818217
66523
636696
429536
678896
690878
664064
605176
936007
870211
95101
647675
923612
60933
693866
882472
133974
560488
408784
483783
421633
198983
684336
65382
536486
59478
925295
808216
808979
70757
977398
133621
457640
467727
738767
829436
450701
990781
585001
499538
75308
529116
356101
854024
114112
738719
983567
582771
890712
115511
305073
198613
271362
393621
503204
460476
856351
834758
651650
908088
159877
776026
637530
461971
773604
663437
857332
800741
205263
980759
261081
652021
315840
243847
452372
337191
69130
340638
773419
482325
136250
496374
597076
972250
874801
146278
292311
702727
812638
906885
44089
532499
357898
46454
266907
322704
537297
597954
835854
536597
465915
767096
406463
654510
477739
413448
798307
288733
866071
937903
243500
598063
160677
339533
968843
8065
600906
76953
366827
822517
89168
638316
93201
181179
177838
426601
737992
940682
722802
967797
960127
529039
625227
233447
271353
841595
714050
727509
777646
871946
368579
555788
375994
473357
412126
214877
602971
858684
282701
583230
340999
195701
919465
365182
375361
571925
995596
673980
50184
592079
269814
495066
895183
363072
913828
601920
332557
535732
374814
82086
229953
714151
536261
452861
681086
175151
288931
405893
796284
458929
106779
731192
171269
943621
149042
545356
648079
486243
802650
130570
834681
769029
537701
557320
377819
445568
806569
911128
987952
999543
966203
67194
566298
58761
248037
673033
984753
121291
776126
36400
677911
176896
476276
853966
286419
661721
891026
683342
900839
407734
866046
905522
900744
481971
758826
876535
566854
686021
920562
180816
322000
810104
47564
674862
839361
451720
49950
617530
407034
24853
104005
180446
431604
275003
785849
432292
843580
589277
888892
665661
977454
178398
729283
728813
444196
971356
278492
930501
483320
623003
861315
708156
834284
772367
351356
613199
175297
977548
431070
786509
694689
619769
892467
126007
869273
910053
66999
754886
972231
818282
474679
314694
619232
449477
646320
556580
602344
893928
204583
418965
537821
639570
413480
321460
430207
48174
307789
731948
426351
636518
720094
433837
624192
72227
565296
154954
6475
276852
205097
306148
81724
781113
825118
420349
934996
340148
859109
371278
101272
103936
342527
656007
125709
615947
912029
614437
400400
72869
456408
645154
141433
499920
668913
74787
714615
506585
408152
425110
862213
116577
155033
382222
835404
142587
86285
635867
188859
463465
116815
226598
631936
979698
249705
235558
584192
228698
499466
306725
201483
111703
720698
29397
573929
270515
354570
748121
454923
600198
610679
400745
103223
607003
620234
534434
566892
810101
349606
858623
596536
824113
785527
815526
771517
504599
554966
492020
311226
198043
933812
207651
612031
691187
9533
929878
794072
795842
647661
795752
940273
226877
661976
939461
570159
2317
779174
259415
963820
314567
990350
457018
908296
198887
665510
425111
427612
432338
216456
117329
308116
33117
565498
238624
368135
863982
355782
992447
208617
369770
969604
537451
315576
950918
158254
561422
321632
739648
7336
525351
716813
447473
788647
421314
8022
18283
137278
369916
449423
814082
130551
27081
626604
533449
383449
333633
606572
988042
346874
690185
646677
593155
34975
384937
21675
437801
213240
460964
438885
994393
157199
968726
733007
841357
466405
538008
55296
252664
106693
959483
81436
397647
22962
851095
992908
169307
14132
672971
92058
331752
831519
277028
64591
936987
766895
924678
550915
507970
229458
999388
775184
931358
265417
44147
499736
203273
969096
843961
745167
128521
368080
980345
415122
951019
942619
42961
863861
365041
97170
94862
249791
849775
844712
437559
326615
991584
701623
416061
880107
556302
275628
751380
994972
580098
698611
436632
613703
235928
304522
955855
372859
791909
206664
278909
643208
4669
878730
109527
949383
465395
243382
870337
378261
195469
788133
946518
587629
289598
982068
721521
826833
864935
502908
977485
119469
458689
341171
473226
790820
602379
600008
410017
971363
624429
509597
261642
754735
151321
21271
435796
271810
577472
614908
120808
898276
949369
446725
309221
493912
444415
737429
943864
851387
128541
339860
714618
441585
393584
391020
564383
128346
184959
388680
268440
415673
330530
399383
884742
906265
454575
433795
980681
852740
50246
661007
607395
148132
644439
716484
235598
793264
508183
41661
256859
503669
219691
211483
159317
282065
578305
124464
938415
825952
975863
419613
56896
544434
119374
563426
672409
165802
2582
930137
104024
257815
148826
660530
109034
297414
560686
899631
668395
551517
150617
153726
97107
856531
471676
996380
782099
390060
206167
246168
299220
845192
122287
451913
326285
421703
137411
607554
35471
476204
36952
685094
58581
233157
681054
816598
279481
742318
506738
7164
490103
453863
437114
699133
99794
540399
786113
306282
462846
461127
952076
217811
292136
431722
164707
683395
810784
571188
787218
554218
331650
239413
163030
760604
996957
120720
492313
967229
183840
623569
481196
525300
639518
640662
17352
360320
535558
820680
904619
488594
854998
781317
963838
249596
80413
651983
369141
473022
730039
565142
995066
681499
663466
409870
600563
63240
469167
431772
21501
741338
224274
433733
434895
521437
497467
509763
174644
859375
816398
149732
616291
262541
209838
436659
395483
124302
513909
705750
371740
135752
2055
816107
615185
397447
370573
888373
804279
781043
278742
659599
120565
304065
771769
970121
138620
735483
964793
914217
582681
40882
755675
930161
771206
866268
927974
103021
302170
814516
147273
406943
670068
352084
952977
142820
496161
845319
375700
451820
24730
776044
356438
67312
524920
896989
455071
714382
560452
616873
386148
655084
712491
35272
856667
902607
655983
711805
939800
517688
346688
147658
378687
780525
263024
460494
215017
124010
914531
455210
484970
944222
931017
252021
610207
567416
330904
436528
280142
802248
27656
781556
293922
747599
138659
674942
342245
418106
589567
459576
197706
830962
957205
807004
668562
330642
60554
596413
771145
369327
638955
695052
905705
589869
423698
385753
599204
334332
762836
219791
837014
388851
63275
261045
346041
424065
925234
212623
247473
441138
500832
870187
581629
74768
872628
927818
76920
764336
101069
797866
937822
992903
314448
209862
550996
464461
755421
495081
392722
192314
199727
81031
670873
179837
697861
892156
476225
60439
493501
587516
26016
551142
650488
96396
714917
814696
459630
784372
565211
176673
258510
797051
87535
427104
216420
644188
906903
362999
120297
120278
738913
139875
49271
910596
602238
789696
248879
139710
482381
518216
317741
883000
601202
118612
299955
713085
133594
117812
278594
141127
178185
76962
982316
188234
357493
628688
823937
56043
549555
32534
217650
673954
213065
415625
692574
224104
141025
762566
765412
116653
812639
619294
306722
984204
582544
220426
913927
445144
917454
953751
65532
24682
675393
315903
667893
652706
384859
23803
832069
674478
360059
230314
558657
185573
727309
491997
983552
695186
537501
680755
746100
640014
942816
439119
229996
833913
193201
263689
257018
594134
278620
399095
259165
843174
613475
534025
645705
65166
332453
10360
976646
303161
778098
210362
609672
49058
132702
437642
704496
663803
385882
218183
606003
535820
811734
371126
240232
516310
675401
717244
656821
984470
515306
317917
99751
742344
226778
161822
246099
930522
172582
235393
592428
673936
463312
671516
135045
419198
4923
369388
224097
491539
79489
396877
13484
379606
295763
468685
352760
86701
789730
293721
363020
210879
361629
587510
690510
747292
572365
318535
405847
994875
5383
807736
490277
160389
388131
514365
439769
454971
650687
980369
396480
940612
502892
394284
210517
267064
958293
759731
285351
954708
216034
352894
876171
321885
947710
388058
294117
17816
145578
699216
101133
496198
864837
488660
781300
319655
107965
505345
580291
200278
943667
8811
496935
407539
193533
482721
59612
57833
669488
439714
616992
417374
303924
722403
993929
223036
710016
705766
863073
166092
412648
397878
69466
786209
880100
798679
531079
797097
13962
450998
667999
517971
644668
556397
321099
65607
865854
472101
828987
374645
797930
342109
639412
747597
347842
783461
966008
837996
290843
424855
943007
427316
311710
178995
609223
547137
856975
642954
10564
157797
907713
6593
872214
972807
765192
331900
357282
398805
130229
98199
325220
840715
21874
448067
144843
586959
606497
973048
287745
645194
871873
82944
456730
141726
562812
502526
795453
561184
493609
895825
186315
131245
367485
625362
952419
14911
959785
554251
253532
504635
367746
35684
958046
669743
241669
19838
538120
263644
11595
713510
36200
501531
18352
958176
425350
636604
745524
264356
611340
999566
841570
68679
18367
202097
581507
905262
335959
159389
7136
596694
297071
383934
987298
99323
39127
812091
89132
188922
564921
465131
277238
598782
5587
618822
677606
801276
444417
94554
235069
256901
158925
847307
456163
317639
222907
832649
322088
146089
713037
211193
476399
945491
798316
608976
849521
156772
844837
526874
190282
913381
229392
270503
392945
801185
453060
586406
190435
687246
776441
447841
585876
473294
435205
177880
446446
607628
867169
893689
227867
468793
651905
241293
723956
100892
511455
384405
991780
938596
541037
425028
848501
661776
597923
22123
762387
24139
120242
428807
177484
414168
621577
653961
198321
579359
542471
270133
320799
228556
292899
141101
387047
446064
671705
723652
248341
243059
963934
607865
726945
458050
20136
544021
570468
357399
250822
200123
738259
992057
209978
115457
331508
936503
945583
203119
533978
372611
249682
842008
880435
304036
889610
488671
91579
342206
330611
262590
790766
259830
60572
534892
354135
301902
338643
248519
735380
726442
839978
273448
808088
565540
825205
922803
858674
817747
166716
231889
557126
269055
412648
574724
803106
147542
240247
277341
706167
664446
666082
220859
898124
366653
513606
105411
710941
551408
580867
231451
178337
683012
979458
771722
340414
561649
523891
163022
392113
399717
629946
907825
988317
501193
346823
542703
218796
348376
983245
601556
191850
415396
557280
737855
74498
326869
446420
333746
748053
745115
555345
177381
325137
926675
201577
617812
892280
851990
37511
362188
450008
94398
226631
781796
679160
801959
22766
934395
518347
59685
126768
937921
494343
997423
341543
736909
776891
333564
321291
763293
523099
512915
49769
664628
224966
728579
594419
86114
196876
976908
901225
157041
503354
41847
297590
459981
135257
423536
705018
741912
980884
348099
415761
6411
471466
368572
178796
481299
793740
971011
460400
699188
599300
414986
382556
908338
242886
862072
938080
742234
864619
66431
262298
271120
934907
679919
850091
378677
453548
436720
414156
391024
979996
665774
821929
524613
787909
497300
415101
937252
57687
541843
340370
727190
760576
471380
270703
101325
523075
696472
833831
748868
358831
663101
909771
84335
619696
195330
415272
294331
904017
519645
393272
758778
784973
815753
843230
442276
777601
818434
761086
198914
710585
192086
819790
750085
860572
302967
149831
917300
809722
283308
433516
372003
26259
155593
911189
718332
583621
971016
124055
225463
509535
4587
971005
942376
689951
829373
464249
289359
504476
303064
532807
57019
331791
578052
869380
105868
141055
737679
460572
840274
973392
819579
916448
990962
895635
40593
833633
555220
707681
176854
95087
376664
481069
519930
326468
109628
953691
803209
849864
257261
698406
703530
703836
403536
763803
93402
383433
839703
963566
55428
2728
655359
172890
117277
83479
439924
280952
979358
951678
829188
725867
702384
831904
425408
416732
833265
143365
560373
166158
254726
217282
404173
936704
11214
592181
287378
750401
961994
730334
162975
236220
137877
183228
116488
411292
52049
717339
57418
421907
800051
177468
998003
684857
577684
846279
372239
459479
244204
940626
750318
121415
84011
271856
299049
225696
5467
404429
440400
111529
380080
728948
421829
912
911152
782382
808646
376258
682213
74908
624408
803367
46536
276850
896175
981598
904076
273738
602591
418753
651763
356338
902174
278353
500012
693626
183486
719315
739639
712663
5013
851560
901462
133311
635666
707216
312999
471403
610074
305998
415995
163594
241184
855627
504930
852532
965275
458518
3846
60227
21517
445808
947378
996784
989099
895462
567552
633305
432434
255
948104
707715
126378
204987
727858
784562
998043
298345
248498
45569
559061
148740
381996
905587
432870
111430
604628
35258
404475
729851
515914
983366
588833
673343
109502
773547
18908
777137
454759
966963
786056
951245
45817
207547
380769
328423
567738
605940
715887
389259
652514
753769
484705
440510
388001
725997
656794
636297
376435
281401
171798
85416
279980
551789
630083
603119
651615
301993
789710
717940
977588
441724
941026
475021
481708
629730
11866
39132
360252
126087
501130
660597
658792
624733
956650
569530
582957
271316
204746
32984
431279
417048
562603
238730
541432
662744
281004
108643
557218
879291
830329
431625
723789
815955
594979
576619
305906
379645
542440
156136
62952
988154
944812
59132
608341
59580
784234
85846
917589
311129
680501
726346
804348
762790
917512
694874
737322
449646
541723
898138
471388
163576
105879
425900
784481
634337
634730
954280
870242
432746
430488
25960
58021
633624
136162
483769
528970
274506
430974
917304
144516
70344
999035
618539
431025
567726
285257
989106
888969
669
899928
888915
953468
436824
700094
244865
901066
37341
576607
522262
79863
594813
856580
829813
871618
580589
68264
821968
395630
35578
300027
302408
592467
207644
311745
229420
315227
773825
21441
815394
927265
668985
59892
908974
284514
133979
428183
478025
771629
682887
90854
540260
164202
757232
211
334076
514061
107713
329964
184328
138317
35324
460738
521382
773411
714344
99244
754215
106227
311864
103863
923165
987053
622939
176802
24744
185446
498315
446778
824046
935924
138969
250194
466398
837293
61765
789071
232734
718536
602709
432126
67585
744034
990994
473094
210109
799424
515595
117597
509176
477716
857847
521468
533290
631497
38804
180605
118520
142008
302524
832761
895515
740481
182671
352895
603288
697883
826175
571649
703579
130564
991888
108361
56326
355342
42248
644269
906117
458529
999682
359303
125661
277168
664143
446956
552126
779114
998726
458957
786387
759764
868416
544796
269790
29789
735877
7639
622122
845957
251735
899568
346558
451452
281376
590513
260759
267585
619657
486731
927849
475029
74217
360444
122058
412161
50636
474154
512015
6608
339050
14548
733825
235685
930666
599916
650500
394136
122721
573949
460996
958691
390507
724719
429786
932126
636475
447177
130520
203911
346826
655169
366564
451560
617659
554866
760563
903319
824610
762878
28135
658004
130658
351978
163580
274454
606873
30555
971149
805392
411861
307541
680351
493665
212208
208891
435648
705746
282535
148887
956046
327699
796751
71383
821285
100487
374099
536784
861673
983497
493723
487616
173828
296723
560463
876061
937908
799761
637900
708972
668004
539901
940672
799404
79257
295464
138261
251433
438236
119127
148802
826213
843186
205875
494504
119843
225161
941033
163183
838885
681862
435585
732323
100712
687132
629033
181677
255270
857566
574928
520961
157400
449655
159029
198491
799259
60138
699241
165368
554550
225913
253988
851712
396764
649674
996927
206879
514520
115686
52205
878310
131152
120545
700705
979335
759680
246442
821777
36707
680433
81056
939454
361526
265702
457525
576425
182489
627518
926328
17022
875337
593849
170886
584120
611415
264942
618354
210210
143174
669141
652791
491928
474150
574012
651112
939248
412323
124036
437418
359433
921476
721604
637995
998793
612142
567554
309166
971242
337868
784903
977865
49399
122165
512692
589862
16992
32146
839563
621734
6003
931277
211577
66375
10921
682645
691950
445368
299693
356070
868094
253891
196645
912341
119533
161359
134149
40361
716323
364352
802904
455454
132670
764250
867153
924180
497225
302402
552671
86519
562734
745240
650395
954680
732023
519483
45805
428701
16786
689949
350871
370379
217880
987990
363217
975326
188977
829044
675089
375505
813529
961168
252799
819229
89594
661068
844924
141215
823746
811693
388529
222586
509437
813626
622709
128880
59891
705665
21960
768379
750684
917039
528701
97171
393646
930343
78647
332538
727163
403096
77958
322487
238704
125626
598582
32750
217997
141310
860739
584366
149060
780437
124833
60130
566600
773616
78011
406103
343999
882805
208769
628909
761278
889541
260573
134215
78658
439529
3866
841685
739434
398770
433916
357833
509087
499752
543318
907366
681284
621654
991345
45568
852591
825424
431255
543960
512080
531227
751280
539739
524245
964285
622774
985889
846451
136699
440722
81076
918162
976605
903802
653630
303950
53502
110159
632776
523255
553387
817217
107216
374944
717053
815771
688074
513893
432861
105644
70897
982916
742803
306631
471971
157042
672777
812640
298392
388094
359909
384201
210581
800508
989197
581520
246660
787317
484513
236403
223202
212047
36607
908716
181484
721161
478932
199508
97695
740183
700737
939577
265221
542006
154671
131507
260320
342164
306380
46338
474076
679378
641902
275863
566394
556519
633490
173321
108141
805985
74489
81836
187403
678334
853289
97437
461800
522619
463547
548200
968793
613834
501024
642616
197254
636720
884883
936760
167326
867396
652384
695288
549596
445068
731946
110454
596590
279323
935402
89932
782052
358696
213079
516592
302520
722250
536758
169975
322296
423953
729574
654217
673682
271651
672724
337818
261662
500347
499445
11545
29808
913188
843775
75541
366130
473121
956979
676393
797040
785414
416123
868893
814397
895181
278315
333720
778504
478798
579105
967580
344170
545857
254887
295410
27765
775103
692028
55766
770945
654681
234397
50800
710493
354808
814750
114272
916979
142666
145741
234220
857043
465066
2642
67636
305724
462058
130057
388319
661029
760848
849855
892134
22292
212490
529811
545873
531436
225764
387699
682565
61856
713181
94902
515029
844729
39508
229616
877434
553988
937096
998956
801539
72177
884303
513632
243164
154338
123092
26333
762257
34444
486272
355812
81048
27084
935359
904889
629582
76114
411519
705624
517866
28111
12757
690940
679897
933504
421288
695316
372932
502877
104729
796030
409026
391579
994736
107900
931487
458337
39484
581760
766588
176191
366361
58444
817671
60394
307321
256016
982329
481799
669785
301237
863779
102799
728511
860664
421972
743520
907421
123826
988937
842312
109584
970319
338318
782122
781391
242045
792986
205401
578094
256482
146900
773756
732320
15162
219725
160671
269025
912113
245221
706725
67659
989919
382613
832681
513724
479475
347584
947419
759072
928458
974377
886907
261396
448940
795677
545940
584440
904505
174021
820571
67612
811645
965681
990966
642074
348092
644127
283257
389911
869079
918551
708199
576924
457010
946324
333453
904891
208524
773618
557222
135232
45133
146432
45465
952820
800370
505136
480774
736033
48073
386203
548850
183378
694144
169285
294749
180185
491840
806655
741849
687965
196543
25037
971561
924568
458181
54237
198225
352190
881394
805235
52738
62267
567948
489001
579576
474575
505499
606154
650167
330821
304502
723736
938942
159384
547054
758415
867858
404217
18650
680002
154525
999166
37929
602098
459729
942643
200970
158660
545797
949678
34346
202218
681835
881533
293913
681372
259065
25881
458189
315257
776207
437283
510444
513022
921806
111635
393313
747306
118295
484929
801185
839661
370829
268358
325851
436547
391315
893344
299570
328675
952727
108329
99949
688335
577257
587860
928843
848622
48520
101986
305916
818248
610490
220583
550102
679881
775914
230907
419429
940255
436520
253312
599112
477054
242693
77909
24449
433768
151147
713194
365836
222330
974588
722557
883903
723074
461714
918607
348292
925047
151371
164943
422911
322608
930070
508757
924493
459566
717009
20842
122400
582879
3631
922014
186742
849401
642071
632626
16789
942662
969433
771473
543203
321727
144291
217846
824184
860458
728247
97749
445001
939950
271801
5689
356948
171859
387128
708624
168246
87536
752754
603488
104215
35841
417523
699804
181329
828234
149477
679805
617346
390659
70484
383293
443937
267059
104638
889783
747170
600335
723386
529150
458133
210572
331485
742873
877323
810259
249444
904970
334109
883798
987907
314966
190667
374045
462501
50517
158946
680130
579302
399712
168363
505570
824854
983102
732662
366350
32686
723712
362675
805357
911723
45447
475878
640842
414942
753374
130655
162908
325341
286090
912396
216488
397214
872528
92095
163284
204891
869870
131317
888298
375789
294577
503496
908237
803578
27498
128847
936912
143499
464810
112949
494257
350080
727440
819091
323130
786930
403092
166747
383805
38914
918605
90612
184132
820549
790580
268849
725555
609903
565242
709918
391442
737748
228439
236902
434224
830585
219689
893137
159020
47316
281047
328047
995892
657501
363434
551936
713525
828648
332470
425949
979032
117571
386901
73791
175511
662514
370721
982839
337415
668807
211004
698917
159216
740961
205025
814231
33585
23526
876657
571815
371310
27223
52166
229396
175520
560541
1000
223387
258149
675030
334133
649907
255405
144667
724458
306321
341606
513297
483821
188557
610174
922474
373923
22766
339830
446402
356823
229549
997579
607396
998355
294631
124619
286998
423207
838161
717427
649949
449047
879383
688558
844518
274740
27137
498197
598827
556927
501256
331444
266522
775071
63554
565859
927285
437163
274707
994342
135941
961777
856680
652241
663752
65122
194444
372626
659871
572771
513004
411859
399324
579465
66289
243439
213902
226755
367455
56296
384980
6184
828370
137490
315157
85103
978261
935730
251511
671475
869686
996800
201605
811362
798218
536690
597838
820959
586693
438094
619873
566100
171330
627230
408656
675175
720252
396194
41077
74488
168049
794409
416537
9200
239710
342393
481493
875140
924646
165724
37832
503000
454226
138455
518430
495290
547788
438713
115455
130085
529838
85430
584119
698957
280894
951736
256915
438205
716309
546324
648432
466896
28686
817439
280596
700692
717624
809694
363237
130965
251317
486663
367807
537582
831586
400202
498640
334937
563900
890560
377951
897634
554381
940839
52604
487787
996064
673373
418782
891988
812649
486311
73274
74689
559493
943886
727496
748231
699234
186548
832482
572287
297489
360255
766192
242245
419652
314380
234320
982079
925047
927471
435760
303604
585959
293052
990411
429180
948920
625088
461985
70237
735215
754028
582365
817782
245475
514267
650523
540099
866961
922443
975840
147829
688458
211177
292705
946185
895060
776539
898203
774071
689961
533901
974674
985981
341856
816168
37007
736467
970421
663737
747767
807967
458558
300580
662183
981796
837201
198542
689602
622899
598039
15705
606409
179504
21564
924182
545860
445334
520169
149133
208860
453575
606669
900168
216080
66648
573030
258425
854538
859554
900559
376493
385215
586986
723535
742506
268210
169092
748486
393732
662111
171976
970131
853685
765814
19452
343261
675895
802724
581465
375062
113455
649989
197469
970405
638368
698293
808695
434618
59755
445750
602978
69119
349327
607536
133115
929425
971860
320538
781652
40418
320956
422751
997054
628621
317493
963283
922497
41675
521488
233639
273164
456169
462694
551864
693525
398982
515190
219157
896116
249759
114892
94940
536175
791765
691125
994061
74309
783234
874241
732401
159672
100818
967443
375390
666602
78851
211813
603122
460060
762544
81149
165082
452779
619214
733265
666211
950467
105833
488705
825441
648331
453937
856142
982699
888565
471641
388593
809659
314042
244644
84559
584553
711201
988430
183165
723825
141819
229585
743464
468964
41256
744591
359529
395874
198983
143705
324309
846550
588635
854457
721128
685138
41631
144111
669735
823347
578794
905388
166427
597481
16505
609881
380694
734563
44170
305485
52169
955076
561290
591144
321003
713249
882227
583171
485415
370161
892616
968589
663597
366135
65209
345057
452856
739839
47756
612270
190499
36221
919859
494129
463978
424945
792042
75748
641776
422043
996940
835207
543506
859664
441286
62328
311391
670182
377249
68566
522226
892357
118162
881673
162199
224642
68928
724311
714899
198577
546193
60188
943187
850568
571369
424392
299550
974149
773759
300695
180941
567739
702651
461905
259078
984871
210895
880218
745386
861499
727805
225658
667398
226953
976657
111977
343871
325522
951517
588118
570926
702835
799915
151442
837568
128153
373151
430102
479037
801842
802811
786875
64052
729574
312300
264401
623726
140570
718691
497950
518151
778514
584999
902270
842591
2097
643285
184831
663320
414623
75199
416428
926062
662739
337871
529440
792357
683395
368776
621512
453304
801247
609148
124403
165288
524127
105751
585912
266663
325209
750959
243282
144128
666089
159913
994309
223389
653698
978717
861373
327730
205223
194039
103768
434700
487248
741979
267233
143932
132604
914451
455626
446773
906610
529420
722585
173138
636898
573661
671914
426969
767914
863710
713365
191749
505213
33906
385911
305447
296046
788935
986560
781085
954767
777908
485209
898463
475963
134704
690494
65321
221369
398838
166523
356721
531757
103380
311443
353230
490075
308510
126598
780068
775213
692590
77298
546951
768122
643289
243083
249097
499203
658058
912150
599273
119495
361820
838437
952755
252579
819003
471484
143408
422496
968196
538045
710701
831661
205481
72937
116593
807704
319258
917903
228733
171096
956603
683506
811417
490880
83171
433669
695894
691676
42713
859130
752147
179366
372512
162779
149681
398508
492959
289461
645625
887035
773091
571832
208750
14793
990840
704343
359559
595757
760491
475087
929356
671478
609875
842785
863637
117284
968603
899162
574027
796992
289097
975649
791980
120566
676906
378741
120115
860001
826092
280248
988033
73771
707348
272718
862972
872082
572481
23402
547617
371188
113621
578573
58166
547461
281539
206686
408315
536944
102426
847248
955433
173210
22615
616466
657887
202961
444519
868628
412448
928426
731317
128427
987010
52698
927479
289598
725183
270438
914785
758771
206286
993642
344673
375040
814438
205880
790805
320725
792208
371549
506047
672165
753443
971820
698008
449241
557168
334366
626578
969377
100395
691624
320544
669862
980359
111564
501395
756024
206748
45286
224215
57186
573360
258258
510419
740779
554515
650921
762037
881703
30455
788651
226079
274
152082
186455
33218
266296
601068
328054
853113
879106
175667
920628
749752
907881
185968
422650
82597
305312
706920
699676
306941
934150
244142
982176
550469
788837
253595
228352
741613
758876
672946
104029
796395
621210
460098
122978
934276
463703
853999
720071
185103
276042
378254
190137
853988
261197
321550
197607
424057
454864
181305
603043
233939
890192
558574
647217
776064
652314
133782
985012
396438
239768
623424
457093
707261
267492
846625
129215
120678
793578
52616
823034
125373
792695
558909
239245
781308
807019
559774
355358
960228
99341
983006
656569
583367
447062
598661
751516
542270
223452
805212
582916
613187
675655
672876
269460
883338
414312
364526
879107
792653
768657
678748
786700
193845
98825
596644
321096
370693
262103
311277
366124
583032
166691
656287
319301
393465
842150
851827
823155
532189
117393
616330
592295
494027
230276
507459
285155
915623
677276
162832
617195
325471
110749
679062
19727
148187
239749
519199
825477
909681
545856
750296
824843
887939
444933
93392
568290
228349
743449
857354
789350
444211
761766
500814
462876
924652
819845
19188
603806
788688
330859
31962
674085
982086
236089
320494
767673
838921
593709
509204
926186
279552
429066
259458
13363
68815
105547
267920
429796
284478
264792
117892
633875
501109
731181
78947
899702
595266
96818
597968
191605
921552
999129
993885
47048
146354
646330
242067
209178
751519
15191
739936
217811
178972
95833
939442
427441
788543
478090
750702
531165
844088
930867
66856
26186
418823
523869
432448
479732
594735
28013
64049
795684
195
148408
955149
74648
645919
453606
214271
227831
706212
467730
77321
449209
306633
967939
167574
24613
799920
528715
914742
815067
997531
946308
572798
361278
631899
283670
568433
468780
460515
749265
336415
66001
943564
770702
300575
657740
230490
318150
124009
848952
230740
698072
770751
284416
246411
231172
144874
490162
597318
924111
856717
986552
305540
812764
528563
963862
364852
187215
782484
829551
389978
9941
387776
21551
786072
17030
973393
506682
959274
573060
233448
824582
576511
887709
624630
99531
727936
629654
567072
855444
309930
518668
6270
477531
753640
866126
699464
916459
896720
1626
774837
73817
306344
675061
661843
31070
79866
947407
516442
662294
811220
10629
801642
833491
370144
848280
787107
525904
825357
700754
140992
284075
162305
701799
548088
205590
535963
20007
213091
459763
409364
938903
775363
341401
68615
595369
646426
991030
148786
552814
677792
270236
575261
229208
389330
488144
683244
666218
199075
350684
59209
649376
472638
554724
224549
943659
692911
374239
683733
887474
195715
796923
451408
221545
995502
776338
921566
750943
230997
41045
896755
781899
730566
917995
627768
189992
288861
779411
718594
858590
412542
628970
422056
614649
974442
252303
598890
864969
992612
297844
718280
565632
19314
692289
516603
557555
246436
795703
977365
483888
283855
786831
101265
526709
832162
764005
359933
52944
468702
520963
424584
286943
195895
382935
816447
206887
316767
787110
294324
812659
708429
20561
78422
731592
867754
29145
241041
137304
746361
93346
707275
390738
242943
489082
851113
794038
117908
463105
580118
583983
348823
184993
835120
319772
977682
441932
742608
313170
397464
260609
635080
737546
170169
659446
423551
814066
645079
166210
359202
374070
570859
853354
974157
668100
432267
798635
975203
901840
822983
783786
929889
100609
731037
597959
103625
934898
261037
123527
380358
10368
392270
347745
37026
289779
692220
230407
121325
694270
361401
778641
667049
966102
840604
125268
317558
898091
428232
507583
449217
131411
129665
919794
656116
243572
25271
936917
479029
528413
842528
790552
587977
274555
125555
127136
766142
477011
685400
642060
660022
754666
163891
858745
686865
565021
342447
383177
999493
623606
525001
426782
987659
853057
40992
737291
673402
322133
833387
300474
104956
669707
60582
968334
152024
21104
524134
511297
830397
89206
324918
610778
185788
416497
550279
100168
692166
112400
209589
282302
933464
703625
531167
503159
67866
689432
61450
708825
772852
61143
966427
806017
165523
57252
90022
256649
823378
137945
27318
101299
203552
943183
559980
715525
610476
969322
354363
403597
651114
546005
956575
735800
344213
58935
758820
731627
441699
59008
729978
656206
547751
515684
298326
362434
243133
114851
744828
735220
786557
794905
716344
548044
833235
50922
438865
375170
532569
258391
658422
986558
976639
636239
143122
89564
104585
888178
432760
675138
563059
18042
132494
271522
87502
825471
959298
720631
475591
886266
75632
259009
247404
963806
548003
454400
306629
168873
885163
365420
895890
382877
320859
336844
139707
995344
942308
732930
72311
513250
342590
226407
999521
777834
461142
11841
263841
267404
574963
960557
705861
778896
675167
555435
769818
750072
861733
315310
455155
281967
772372
806200
13540
795117
860403
681538
272669
481140
303216
557449
597669
812499
733376
313674
80638
206673
776430
687290
282947
853086
767430
315636
768751
251030
989900
708434
417697
301476
363281
173895
112457
650047
971788
447355
149389
380588
510399
932612
180623
345007
349224
977130
953559
52171
266073
813809
76556
327887
492197
654703
126126
732528
877434
607623
929115
379630
182076
935145
59836
325594
309571
887638
198379
502136
414371
684721
51847
469888
635360
899971
62901
46577
42218
506172
304722
626389
944448
917786
78517
959337
782534
227466
28786
655316
575511
347103
536533
879618
11057
180450
921905
145090
745815
352028
645646
744261
898060
525281
751245
417948
612494
462104
72151
78626
370632
777266
885033
726097
58295
97537
655611
871066
598783
609985
96603
57311
819071
86802
767388
803231
902339
605604
535800
591142
524020
421366
174245
894107
113168
100831
748199
609266
190529
986467
614695
951089
20257
87410
209266
342934
198660
177346
458143
296186
719528
629227
694518
413125
214863
242905
373700
82395
39084
356203
71774
712200
921138
65485
107818
657757
416097
394711
973976
790632
750023
986330
140362
289930
839005
593924
547243
282447
532364
278343
684063
624883
740304
464887
730390
335855
846411
458500
168404
359315
1983
888225
601191
759221
856903
705579
805492
399460
354309
148955
84299
33670
535991
453246
38114
464911
575379
916861
828501
330437
534870
694026
79968
438274
160628
163207
839650
321853
479986
568881
216831
173520
730669
725758
570065
116125
444614
875567
462780
805543
784034
934576
974430
629920
893024
159944
287018
380936
382366
958255
184223
450369
55291
904120
288892
9493
19448
645703
653975
144115
204130
805216
989562
636637
451872
596644
538003
350352
65488
560738
601122
699274
272527
586825
976636
859246
572541
80176
442147
918878
831285
994825
581370
90070
747248
40361
462444
230212
163617
131213
551856
730382
833888
316183
388621
528277
443528
90904
742471
307285
212136
95844
872796
762015
305857
808914
621337
85523
637068
750163
4023
124060
376724
646446
973691
193326
276530
91573
112551
372445
628762
823912
54900
858741
500386
660275
591000
765977
854130
650663
68448
700887
950582
609289
117550
248529
84793
8215
219949
344568
895644
150454
57948
247190
978275
639469
855828
380987
370109
447944
484468
606670
459521
428520
171322
905101
682021
184994
754038
835296
809694
533095
970739
293923
112943
366748
974577
84540
969130
732028
223975
334029
716318
937311
945221
594543
640026
417902
759763
612916
933311
436031
72111
462956
205269
572309
379163
408976
93126
526498
969209
590987
845807
522620
852516
586110
669051
148322
121471
637763
456749
873460
148213
278400
806774
796455
737056
645542
643694
199537
922435
519139
827857
176713
255067
567962
304702
726351
357171
769062
891807
684254
541884
795613
186149
589959
50894
579023
302777
575519
609147
270201
29780
594522
612015
156188
828187
465437
700775
38854
895571
809307
835236
292053
755926
119622
103624
971339
584222
733981
198457
461468
525101
138837
954501
434218
11371
939918
709594
925290
738768
289759
578014
96449
449775
230439
696917
646305
506582
673067
800943
38071
610057
75420
992995
697281
779273
915325
193055
655392
521177
541656
31589
144365
803326
809849
257263
386679
99794
229150
664696
801164
145740
2237
758246
653913
675921
868193
85966
666611
835223
153840
14685
380538
220977
906358
816599
319361
173310
263210
508576
435238
675869
170108
788571
604645
263751
314735
421852
922847
868659
480906
750674
312612
941022
285883
251349
157226
603899
509531
800625
759092
132849
322447
353688
305923
607286
535864
211320
957550
548694
214865
523855
92715
576106
81555
456167
261023
895330
610654
787780
533203
553639
136624
913277
664568
788692
193651
724733
763347
7435
213306
212378
856823
444535
926789
391783
122885
819045
522500
988705
719402
925487
311497
906271
339609
32052
844612
554909
858473
695297
939159
241287
745060
275572
993310
335353
710115
912229
185242
727887
534919
749375
776542
227908
258791
417465
924392
456752
800705
701042
766481
210676
905886
264368
429687
213226
844396
894267
330824
64170
886137
994042
301810
291929
987459
858560
337937
751192
612382
961655
321295
788816
78651
438379
881704
301316
411469
298127
376853
499779
845253
936820
326220
268915
643015
25382
492016
228392
773725
103544
686612
940322
390192
964249
387614
848024
597244
704354
162776
473097
900352
748711
454057
177709
522443
194155
479004
952710
304732
149607
170927
27700
180629
872519
493474
44574
141597
40628
939939
780139
240244
575722
614819
81239
490580
25640
964277
996338
400319
93114
615553
175181
521951
167467
452436
400098
154891
144648
476551
377494
669099
176868
159669
375024
331719
913236
639408
581213
663793
577091
761512
580909
238898
763816
362282
614187
143713
941900
341657
728079
941618
919648
55209
584357
449773
243847
443992
627399
997171
233415
881661
177339
440740
201457
597849
410781
944581
398569
438814
78022
147006
460519
259255
564309
250910
504408
277562
4852
715836
637759
56838
105866
37167
304774
475042
59843
943840
953756
923328
984657
224522
931290
997967
895093
967532
965294
257096
761011
195866
781914
261984
440746
378441
988550
238009
953778
173896
984904
325902
318167
70847
169667
305500
834680
354736
744206
515459
379634
306884
678161
995839
673642
37090
469447
732686
851658
563975
992591
743598
260074
882657
342733
95570
38174
215178
631803
304772
498216
771634
198136
817405
791644
715695
567671
333334
727294
64567
96140
650245
887358
940684
993158
626495
794634
930153
449455
209256
744861
233766
406264
191210
823517
970690
755160
572378
878050
419361
740226
829602
978838
775623
287572
986566
579664
968324
748120
265562
734507
568979
711206
665613
133215
952369
22239
320121
889319
396865
744180
435471
450192
325349
183369
365483
679264
536002
24166
76906
73800
346872
187239
26262
940847
729528
741994
754038
99135
294297
834556
851706
598103
908003
814497
526237
89900
13003
3017
877363
377555
189533
459225
534049
287068
444211
932171
628208
653232
914387
759279
852558
767239
678153
287848
226398
228727
561178
322098
617746
857283
799338
525867
201208
191791
942861
451878
475379
4424
337010
968295
614353
391333
953765
844332
127609
138670
363151
497938
678358
966897
907213
251414
656600
95452
859244
714854
906668
442970
783306
232050
476562
596569
753322
811787
247590
864713
919297
735241
315329
729545
314071
259874
32363
674048
71563
726434
849895
429894
249952
605202
87597
280723
767249
462188
292343
372155
143803
648251
298620
37986
171828
475559
534530
789938
295504
474416
452468
285822
897399
739776
251398
424136
588342
467259
209206
693759
744732
397060
489774
639220
166882
294520
695118
519258
813856
87408
636670
962203
323662
992114
342456
427876
236420
788173
29950
771841
437667
374417
116366
638883
973446
525651
360437
786315
431525
408294
159188
443576
92348
326502
802787
672465
328921
112466
915211
364974
297751
834376
302048
971619
743625
648762
797402
185033
239389
549682
175068
469683
540541
906530
397492
181928
362106
169874
954781
756312
51713
219631
114334
135916
136040
231315
397166
208263
808153
856597
333249
977179
502613
227889
280238
774489
395848
798901
778884
352318
135465
175594
4007
483305
738830
8645
887851
318192
360503
895003
978751
149315
124077
791505
727119
588573
655074
283264
449613
962455
706782
97562
638533
974570
189919
767972
606564
707841
246776
806037
800257
507658
640653
891516
907546
860583
153403
704154
381753
441950
146776
320607
695432
276965
556886
158484
945046
745979
434291
434191
139141
236652
96552
567494
84862
311352
25865
954612
533173
475767
288129
243838
894245
362519
108764
715663
707521
650201
129085
274889
901861
723221
574874
522227
414879
434040
23013
702657
291845
136634
842220
99259
952322
280823
258487
137559
727636
993735
331596
546123
512801
245833
775065
685842
775442
204543
40126
799763
84768
53900
264663
281692
378608
94241
387684
978304
608330
199364
776542
533486
839154
29973
437756
480484
838804
131088
875634
716028
498861
909011
402904
886366
250420
741017
375871
964567
859509
226723
196831
321841
867483
425182
780839
712287
916004
902558
143950
169431
154181
451808
78488
366407
238779
628083
512731
424591
264331
869931
311003
738760
532917
939278
77484
694890
549285
844154
847449
40854
657293
478626
470698
98978
695554
98652
781997
286673
390175
353012
737289
199670
206296
497093
208893
378820
553431
605805
561903
879615
248813
68199
628786
69236
822053
97568
204430
693858
674978
633619
288914
6479
222620
678485
610832
39503
65520
818222
800630
797851
681973
190500
960384
927059
534815
225702
14277
792714
107387
686462
886501
659683
779163
534691
986683
895237
85550
856596
992589
715874
497911
52352
476175
528014
730119
884153
474940
667388
128459
184255
700972
179034
962416
911696
343931
419317
8811
537474
480193
596052
979185
243373
352490
835101
613301
310230
901505
464547
826493
963997
926551
571395
957619
121804
588675
598834
785450
881919
378844
75208
408225
722263
394169
41429
302533
625714
319507
689602
964181
363931
847609
613186
124143
194811
729915
620159
848983
29389
101721
176654
440770
757230
930271
499035
177461
127146
875012
47291
316292
988632
95777
785182
761821
105789
394815
176172
196078
532256
265898
179124
722847
9056
712379
254822
275917
235944
719142
421128
907901
87020
923692
917905
616199
253998
95527
841132
980586
345251
349565
881135
403925
652662
526519
650445
447343
173787
540584
183941
359276
78721
723021
19218
175629
908781
87562
838861
480584
307642
370008
794711
973725
265057
446691
118560
838645
809238
408441
522431
581693
621664
754770
19873
269635
157351
660258
445406
280421
54493
264918
626549
12474
21611
970140
641848
228223
604282
466588
522157
626663
113577
13276
436919
97751
705176
42040
162920
110114
238061
9648
554977
772634
32617
76838
648310
466806
509491
945247
588270
851276
563624
42940
623715
707993
407430
40196
125330
388293
995410
410795
555372
602085
755445
297011
39214
738106
690266
902700
213411
801422
991729
467000
611792
36451
913990
572453
183092
65314
223082
81339
739301
578815
367126
977878
276629
546097
31986
45717
694307
333123
225806
614920
240373
37933
522508
85853
397680
326978
138868
725994
350828
788385
521295
27829
396270
770681
600212
301267
447955
31841
713079
269007
581
526261
593720
488376
567247
597656
632559
842049
422191
191567
942401
326833
195609
254070
186744
307971
236703
906309
656070
714124
995989
367101
531081
390380
683898
260484
793596
454332
458328
439454
304145
98969
580722
780259
715327
939887
202735
567954
183428
644953
310016
579082
656269
358751
864130
390224
248100
571590
804650
23634
701369
516198
569534
796641
227886
365123
717651
951385
379966
184240
566880
410473
308805
318026
420839
97236
858747
428083
972559
726016
220185
370498
461492
935454
627658
551970
786048
77609
776289
96389
413856
811985
998116
511818
198499
221975
52189
740921
696020
865214
155403
705542
474647
913058
313401
927667
899671
872591
953529
127387
418800
141694
217192
658301
695818
410396
928687
991791
359995
108732
553272
132485
996427
618041
672966
29295
896093
461000
216488
967917
206794
453708
942260
885736
400279
913094
375914
232860
43938
646008
593087
578353
374627
735286
605365
108579
99116
776818
834412
686294
609489
142883
552394
808104
603145
251366
929842
876845
992798
693807
28860
34698
394575
507889
269571
128268
382054
661036
870741
846897
636912
252741
351906
552395
45992
321761
709851
438569
783038
142458
504049
493107
499696
244615
641417
164844
542965
585700
225840
805949
195290
371103
597828
122029
805367
834730
336359
121022
20946
554182
766167
540516
464488
393351
346699
727789
531293
790650
244024
72368
836689
794155
431679
72629
456080
691421
489775
553772
309501
719312
143078
465544
534927
444390
394491
127006
469912
177312
159006
743244
956472
870721
799268
450837
597630
645354
748073
868432
906481
171533
131080
754888
993210
426270
111988
380573
480869
654902
738812
969843
328658
615181
613155
274410
781845
474227
911237
723820
490378
867985
538519
323747
306246
725903
744232
281932
326462
818234
708613
284530
744316
911642
864215
893091
648111
69005
600319
336826
368931
181257
137783
297132
49934
644302
202801
630144
856837
419910
131080
321411
996100
71980
132896
31598
65179
21098
916791
664252
507173
629830
214570
239317
933419
60229
800039
145171
221823
35613
210356
146872
685761
360734
328054
617931
23826
264999
402395
708361
498918
274919
59501
2704
10094
284804
312568
497330
126288
748961
427735
678738
72831
959720
267671
697926
686256
985225
83033
801402
299275
810283
790305
214406
199592
53802
971175
402327
795391
351277
31164
418428
73593
317548
960895
176910
515193
30143
17505
107020
555599
300827
205593
72468
813053
569047
372653
904413
397525
632363
692974
393237
491846
342562
41357
55870
692710
489014
605690
542636
218064
540783
162407
39466
383100
995604
903570
17755
391127
173987
329081
252908
454939
642674
854116
838791
884046
774732
207767
139910
849178
829470
643632
189442
193175
409235
427194
250421
373919
445964
937466
537471
536604
976821
555643
635627
661045
185481
908871
365552
586521
755474
870210
37961
907665
953016
441202
148028
408992
405913
711703
266411
796323
491167
304976
761933
132696
20167
247167
147478
490269
343770
212929
8800
566602
913470
242672
168097
537501
800954
786922
227288
890494
427389
79277
434317
373610
199762
13539
773017
277055
26563
953008
881726
262960
31531
762615
265402
133066
594178
404594
974572
765069
284707
247333
131999
364774
753755
204428
927593
328027
300883
223292
194450
978071
205335
522867
929476
11536
743660
572593
262087
628900
537419
357525
706402
455428
321486
172426
747341
260787
13928
209963
95659
161566
723395
580483
222202
165035
734932
452660
376835
408096
781722
537204
227523
534246
362907
585676
970332
884521
398445
532312
789445
308678
639667
532322
718125
506136
573654
915949
307332
783219
733392
164671
809469
125697
504933
712028
80431
288899
362828
392571
859359
50634
52279
906242
197924
484983
584763
458118
403553
614382
651260
165587
841231
98893
807738
842818
874222
803190
105551
806454
956093
792828
42304
168768
552074
594692
657984
67922
135575
220512
483325
585826
186741
237718
93939
325544
216020
582613
351606
759438
186764
466810
983318
44393
170757
994867
171139
407533
684002
399204
339452
848463
632870
149508
138879
512604
71776
958450
387277
12439
29277
590395
45463
642142
324059
240969
764660
330575
447780
839939
103168
472266
429683
91260
209570
560104
239339
377229
823563
703354
514199
64372
480761
607809
1082
56348
628762
662535
605173
604934
883568
882592
336030
563077
677182
444594
222587
332101
83699
803543
127285
327448
56550
323064
121463
482497
538252
172303
323444
975775
524972
261943
285593
241886
932551
71754
784591
902711
361158
805110
124903
983498
289154
707831
679142
200258
161583
802138
209928
181958
521795
877288
809954
443013
246315
833745
861139
407237
195259
890701
510273
778965
809637
678040
786423
515695
116034
663218
218688
564057
418009
569996
446594
475638
164220
379274
387432
413578
557177
305398
697702
54771
465096
289336
552046
880406
55453
372672
80578
794636
206254
199956
181209
40919
458653
384798
214412
774290
363127
489849
471574
692423
225290
242130
178199
636090
820966
741790
812829
997638
174119
121625
390913
67271
639667
646335
115779
808996
178424
418212
722977
781409
568771
501079
806499
690368
277353
217759
581572
954327
592739
993037
382133
611256
68170
893390
34283
744929
197921
956060
94881
749295
18148
880722
427276
56362
738361
530459
245539
122568
973279
629078
961187
907870
233599
616150
677005
27970
503101
935102
738424
115543
929691
310711
855864
30541
794399
16952
943698
950727
133293
912456
325518
528971
198310
6877
699563
391404
184697
94250
498576
824425
365187
526314
493056
194408
367175
208958
784709
491061
51580
74040
78021
406984
559735
790212
435966
919354
640278
40583
1035
845974
603598
786427
929407
480493
231808
387548
780114
669739
562339
31956
201127
207902
159492
915531
748742
162800
836777
140480
371233
370888
263853
258566
373488
939620
959981
25509
44660
206633
678337
295939
807587
350867
104026
558378
649807
891423
79706
18433
749034
650848
989037
497267
865854
593148
634755
630301
914502
173168
805917
631386
798820
943034
208547
684298
361036
465662
511517
783227
299936
949197
488939
556627
222590
238748
960330
427176
661636
891834
206023
207801
354104
686612
521717
170641
369360
611175
526671
127117
43176
116843
396921
546869
349054
529233
902667
145
130211
541582
329052
677699
953384
413119
31718
41030
507019
98487
186354
204070
560252
832068
806279
926878
258919
32299
110012
22770
413148
583685
106119
406133
756398
858035
688297
676043
634298
374677
49365
173052
661613
384045
406889
781558
308866
176814
562879
555176
580664
410374
264313
977122
837404
667571
145196
790674
934245
536423
609543
866855
273266
569962
463127
532624
699491
424795
504710
223173
166841
671055
738767
5287
140850
722983
998279
343595
906879
257001
625431
475169
565526
682402
493646
581175
761695
957189
106784
530540
986084
821752
715117
300867
706702
526871
902133
185118
190216
560172
466242
596662
780894
774724
223300
583306
657961
622861
300741
431987
763169
592330
477082
557334
293682
511960
249847
785444
275257
310994
426774
645442
689587
692215
935955
540756
4077
195606
395344
423193
601138
708654
374104
158610
195503
560459
311207
372000
120540
381306
918420
308824
466266
372859
812153
435321
503452
689750
82740
176440
535961
886570
588198
164600
660994
123360
92492
137795
33735
336285
235999
617222
987635
321867
295850
624734
759593
102589
23749
605757
516308
897518
678284
138030
581724
82184
59748
766224
867761
612478
370487
671370
806345
685503
221642
383863
427333
397723
75829
822191
808983
516522
168651
347039
377897
191783
423037
592453
301384
791563
647400
235199
755198
848917
707101
259410
551575
363091
875990
379213
983888
933276
179176
466875
879893
607592
276194
702916
491418
158935
552325
8808
91649
333377
323457
229590
799833
184114
351885
319716
531139
11808
208940
638242
614684
829151
103430
878114
711857
344796
134223
208258
817643
905807
835357
63780
997759
662872
676140
6983
476994
591807
334778
573476
273193
758593
9236
687135
428826
547937
604085
685524
157040
66725
453299
783201
867459
730764
686744
101739
861842
136918
116151
819556
807437
78511
253939
958890
713621
285655
776270
522329
873364
715899
873610
71223
250297
186430
634434
724132
595975
957858
85824
495258
804836
406259
20797
463908
284401
144792
710343
248304
130587
967197
476533
140292
853957
816502
585186
89863
598408
125134
58297
740718
671257
441091
626709
445919
142004
446184
216251
78431
666925
338507
222400
822501
208162
384844
721677
65932
2951
855602
401751
801384
938827
241529
521170
940949
931487
40097
359368
914229
481411
493301
79502
923466
102761
387430
919435
587295
43809
879539
821807
704127
609783
500660
867533
729047
266126
313977
53153
187302
411883
243353
609616
675967
937627
246056
271910
598285
305217
542110
433970
217729
588177
757229
780717
419861
97716
899917
504068
897143
824645
503541
895797
501434
424135
409345
675039
190615
114743
648244
786605
999308
611856
93634
857160
613485
203566
506861
956804
742042
456416
22775
285855
753891
678753
260517
281851
201146
675990
814570
242054
608597
49992
825795
113679
388489
715673
812145
270463
334708
890172
81419
305982
607108
106802
173648
581798
101770
847826
953303
203500
965266
981327
125132
612502
561271
375075
162928
170330
719371
504017
130965
392106
451471
948748
196642
834937
651985
214453
592641
614000
478472
863549
226356
493299
895090
230075
595343
256157
509926
978931
347116
127273
194247
471104
379949
760590
447751
487539
426946
719206
543743
567701
877314
861763
169111
852570
738611
902258
628983
406053
625637
944183
26646
888072
252448
14755
886482
773126
885868
208435
506371
49832
524569
803925
125796
487157
372931
70008
630237
53027
11302
707162
691187
327733
819542
352461
70121
440997
110751
547350
489062
8008
238627
96137
790569
349606
365895
46499
263588
617745
670845
791275
266208
680525
675199
228707
475558
731946
122806
840697
755658
683156
882637
611747
133109
979619
170159
484923
541740
409457
621490
974338
615940
198131
541973
821247
912621
248495
684470
928656
411390
107877
553747
244447
104597
708677
825693
777033
878991
787016
527700
