884761
522221
410651
836260
289982
998407
629639
847287
607798
176424
532885
257126
94595
434109
49413
786297
497480
282453
737284
289058
289760
549677
953437
607504
493553
619679
515175
365381
354158
796973
809214
887710
93378
517319
332020
495794
308706
547586
380396
283984
282753
334599
177815
626774
500343
233968
988510
249832
522877
931129
327624
484239
227556
786385
568307
753061
335844
110056
483256
485583
424085
658673
714906
998482
887507
405010
652087
104423
131373
787804
1690
552996
252978
763346
122219
991412
497155
315062
381331
78827
299488
912638
412882
629513
360549
442136
278133
250062
961319
271844
159533
414089
227986
950435
890013
528610
613402
621681
617880
630015
800423
486150
340280
678083
35230
227552
11477
48658
453419
113642
901842
158391
471098
498623
728468
590809
881100
914706
753642
638310
93941
912897
147312
243132
327614
812654
41935
119045
631495
335480
527558
800118
792066
950476
843253
549743
447515
32463
603427
361803
164178
41195
436976
549746
800887
903759
140740
422726
775138
814484
387860
404489
421941
620346
802109
89992
55518
642933
121443
881123
300289
169045
625054
861512
126338
383311
483949
374231
351432
100308
225678
160241
676442
735972
801416
734629
620145
756996
625325
296256
821327
700946
116688
669270
212002
235205
743683
427753
224497
833380
810138
504536
334975
824360
651448
986103
223077
6152
98817
760164
882231
301604
747523
304431
437222
515135
639600
101874
746752
821094
996625
807233
215138
577140
152858
514874
360167
527530
298009
435003
374152
378785
234934
905502
171123
505094
893503
359431
669036
672459
979946
396387
520050
319067
240429
774653
698989
533890
133160
549214
955624
145622
894629
786758
130964
16423
299835
603790
90344
420670
455639
428057
996970
798202
221222
871145
206081
606577
52687
822275
671068
477685
21719
780280
670419
293952
947630
614434
918110
911843
792040
952417
473528
925807
419131
731889
866236
740368
835472
978310
593021
95795
444289
93370
152551
523389
166429
317046
353109
720615
254087
952201
640841
81966
377237
439739
613130
994737
890984
397241
887509
127672
746881
111281
158263
160499
781808
193407
572263
924427
38586
581918
910611
246071
136109
675501
646678
573674
665383
50916
911666
692203
825048
634377
242301
482256
568487
412636
675775
43629
146724
888848
544582
169329
286043
706976
429127
858260
474611
913490
413774
105245
61974
334944
871417
970770
601938
206592
595106
421802
758214
47440
249707
926008
936363
452202
416793
61435
710551
394748
182459
776890
597423
577556
543465
580985
828381
398025
621220
231430
294956
971424
1199
429583
765759
99378
788285
113984
714890
568823
897621
226617
814254
526211
349068
168850
970774
373156
286573
510975
242341
878186
923732
129935
564095
289564
425233
219261
119030
958506
336700
914482
26749
916558
295433
705859
599544
84731
142702
905611
41999
487427
871039
180067
102188
510637
215621
364158
995412
815588
851897
517811
933738
462820
171558
597653
565932
563289
382402
980917
74120
83337
27392
175948
806878
5693
906629
30831
315615
132629
404189
645570
455841
958234
924741
702776
22970
46454
12510
462153
573089
106172
623319
909793
450805
309731
764478
556633
349889
574665
836544
600389
75419
143589
97540
505206
880590
921001
81283
717400
238567
964846
158854
88738
723600
975373
157174
642818
974479
795312
595801
660050
475226
266959
586736
878300
69934
648914
889072
60078
80740
255820
894463
858852
810544
779954
970875
251155
65244
304465
503369
518531
271684
867270
375016
61319
699218
3867
632194
873756
697387
459488
69011
904791
297047
216977
897027
747451
89497
187121
292531
595077
363802
803749
158239
463792
148667
698644
444233
88076
648938
765300
979050
402128
894102
348521
704741
221802
997677
308600
657183
178390
732863
985838
762806
359450
123330
372493
536752
834850
605005
464319
305249
304490
244238
46139
665992
442121
977028
908663
592112
392664
163006
967841
465477
219563
185381
381796
578475
595950
305759
249233
295310
463272
802027
473268
658940
406442
188050
330857
216634
488173
951676
484051
132034
124712
622612
89563
495325
555370
76655
328363
501047
607037
8915
634572
620138
417372
524265
837185
381599
120955
794954
209034
565944
72939
549957
935255
93334
287785
138727
484004
986481
677328
267374
857408
828647
784072
823830
92094
594322
149966
803918
565171
716444
734801
407788
632539
85244
622870
390368
308530
372407
677463
449082
801449
513199
377345
811408
141298
49377
157550
918377
431869
168104
771560
378784
944765
278210
571807
67984
154306
994645
647007
990987
447234
341161
172854
689377
842395
558828
73587
135483
291081
542068
102605
930844
792302
284558
780028
86633
19787
204938
71650
397199
124270
856535
425845
29134
942244
413176
656786
938302
974916
373600
947522
789931
666949
998723
176214
949656
180858
193281
601242
326464
858579
360170
192468
9180
694159
258119
239194
565081
919018
148183
379303
407100
666154
771407
221773
57229
187053
334998
908316
300061
610559
626050
580579
160063
286554
571772
362561
26635
211957
443536
18280
299419
511592
604346
708268
912082
904988
536736
891469
565046
897102
627103
722345
628585
341634
383622
881063
80393
146920
585455
202246
41534
433691
120513
673805
207727
806476
223278
688239
635351
46774
347721
57819
74781
392124
615375
717997
963673
299388
326610
447470
662136
855330
802019
212408
24299
252871
443410
851166
446070
52484
526111
778688
238247
437241
604008
545333
982315
695930
982870
74133
401411
482631
422610
661803
140350
935274
170763
738000
626927
246496
29880
718759
937711
248516
459695
300733
722721
807023
615459
421707
894160
325811
559942
377544
383267
620282
521792
197898
213102
169667
503097
659494
295136
728677
466286
109731
354313
533773
708822
736614
712173
462112
164860
331368
424098
803519
436307
27080
423961
588845
858590
449706
978334
856155
315314
112681
515201
331513
628624
214006
323400
677884
880917
416432
243112
255470
584699
909577
660579
175413
562050
126308
952624
424956
260058
867956
74701
41040
134630
117599
195338
278334
883513
367671
360577
803718
109678
91673
432445
980409
72436
515599
662335
775967
607037
271267
242603
167316
46362
241023
686237
988078
595659
820604
335067
880696
862238
209795
309686
654628
729280
817312
510593
349151
329045
711646
454483
728361
57883
902718
536068
23430
179026
32526
209507
139350
45915
75132
141878
504807
160434
826426
953834
252384
30311
835715
794080
162557
631360
364435
13094
954277
687443
130986
364028
442660
557257
312725
248324
938056
104413
365285
632706
768093
782511
678462
120618
76026
802119
707479
950728
187942
412898
704772
622578
488587
671616
164141
508080
937685
144408
820162
681435
491086
563047
517380
116836
405804
991576
424319
445720
97843
807393
918783
692582
897081
226089
820155
884276
331260
746155
342364
570294
195526
328150
923694
221445
801072
963191
70815
867645
18949
940899
362358
516156
518390
251443
60445
814434
325285
70653
465193
74891
731165
30014
155839
692567
533473
111829
926600
951145
298296
345420
218471
737799
563643
89115
76700
632003
756612
584034
308975
759562
871679
304831
963808
495193
937557
119954
13662
140999
910584
897561
113626
75702
340739
673964
634808
669399
326676
869259
741847
559175
397863
644143
456514
224672
354376
232242
691530
150179
547103
728990
839991
895458
148002
704635
294895
174140
821072
17460
479053
61422
836577
587250
754135
631993
985970
811502
590118
970965
748442
932458
238405
65322
891559
288420
190166
923191
733336
840025
313997
543821
269562
691409
150308
377636
24788
748686
226251
307328
7206
699551
498408
738494
456107
465892
543769
436221
990262
103341
951077
735834
379499
276338
734161
7822
348144
110206
753814
50341
686510
178430
717684
192228
947597
558122
424547
812306
151227
609993
274085
426223
525449
792054
488245
557708
956860
76027
790133
488887
519555
710809
125010
15604
635515
114387
716467
717554
266885
428699
966133
350071
102743
466669
15398
663901
493945
898453
707795
708095
747257
754602
373493
22009
2005
458476
652507
316211
426425
963482
169909
653062
403619
276294
470713
724107
667808
119727
237663
31437
27847
759653
955720
663500
635803
624915
650851
490480
583348
548721
716228
884180
81113
169923
804209
230611
496748
382527
19326
483585
647841
305878
427235
452878
543813
498609
927415
614037
932387
520974
339687
915540
194005
551504
575105
208766
635885
988924
526001
932363
868512
694160
633718
980758
780224
977551
248625
818407
798190
820637
335105
650063
274942
823303
487828
525739
72653
188392
531899
55305
8612
155756
364162
530198
894635
408495
642245
700769
761501
957188
740520
667467
869701
833803
486724
354119
243549
412818
647753
802591
455410
193904
330965
267012
571593
334189
781723
180203
124138
238399
593806
15270
897989
720846
277018
948071
59014
473573
147171
360835
985503
804443
677942
922505
173125
706914
960086
998032
446045
157761
863548
726399
415759
34152
863639
18592
345719
26348
9373
582419
739439
153026
638335
95889
599166
764989
313815
448253
172032
844514
96620
910647
227036
555068
189146
82924
367216
470571
137276
531835
245528
781688
450263
945150
428637
421064
577358
473084
213827
16696
420626
342333
660235
135705
907816
770569
789009
850920
40839
540676
246103
509127
32549
594299
361662
514035
795443
438035
152914
144473
564523
746695
742007
183934
314879
262519
934254
736609
226375
949435
87736
325432
716417
109877
524264
556547
224006
113930
753836
358715
300981
320716
471607
968745
712691
47934
952523
157518
245055
192927
689833
270577
562108
112302
739380
378840
170455
329065
829736
889412
685502
627921
465280
947544
61160
326765
99286
217860
217020
996043
627541
979523
275979
334509
759111
477093
188157
352088
226934
761260
1655
383144
688032
500347
441585
877081
749177
284913
640864
826136
348395
349839
40557
986541
715237
538870
613819
240246
335326
283144
494759
148455
943572
631891
33323
68213
693661
139981
141535
66289
24
679509
988186
683600
62149
678850
714415
552026
581525
915461
884431
919177
207111
387703
70887
83785
841074
913423
519648
667328
521228
24434
174580
435803
890985
611155
21763
120060
409370
369077
803313
438840
874189
555037
684629
998946
114754
746669
890492
552520
276224
749399
284296
44496
220893
289840
966389
506444
833964
142046
764513
548590
387717
465483
989445
760395
191642
580012
759798
684304
656687
414237
212502
390755
683245
988264
626525
824737
513041
554548
338522
233876
436474
876305
563001
638860
13071
655610
849178
82275
848189
327365
142084
712537
318098
990981
239662
376567
366163
182587
441989
862385
177625
547737
425762
871500
615959
641657
861458
618968
256737
828777
983902
972744
762967
671026
589433
877940
193716
253151
96520
533848
720451
587236
577680
732864
391273
332348
585556
869661
654754
975217
542765
672020
239069
247820
55901
753296
998030
846578
216647
645687
543768
71156
444130
304951
57803
683026
544207
164636
462611
958148
10656
955935
428593
587245
63449
41518
944852
904345
584156
44045
646219
717619
454671
668173
70557
820132
242638
754349
632960
317881
210044
334323
30294
21651
529465
943788
274280
36595
660778
426565
933820
826363
730758
970768
48086
481922
529802
941496
132355
919569
700862
500125
266854
147090
78885
583036
146032
136810
358508
972509
260972
310158
112664
375684
955309
920534
433557
590710
7052
319755
99720
596477
45244
533133
918690
693928
683352
124680
150405
978819
391383
588648
609083
512555
841598
722609
191745
716058
44487
623779
746027
370240
985126
516791
258980
254283
336961
841661
990053
468560
831190
251062
464924
486201
282982
268714
240637
734502
290935
896652
145194
18806
40133
536765
471343
556555
409274
618595
416930
885779
822898
869676
37881
773733
494691
31123
465481
45976
42770
945035
625652
585180
964595
163627
300004
191346
13370
125846
746015
713874
534074
64237
929487
25090
669559
253271
520583
761466
127133
202777
532011
768240
906889
578297
211308
317612
542750
894182
223837
576650
585847
357305
877220
169493
822861
453970
401216
130694
754918
344758
289603
467094
601021
716819
733284
687795
809866
51648
516062
934799
485024
865106
344173
366358
33787
948332
91811
743335
386979
498597
951944
471954
817666
527810
506189
799717
830899
429238
139913
559745
145071
243223
882534
869858
596370
114286
752730
746210
680266
445529
324704
581358
28432
263639
102329
924190
124136
969290
131002
521802
275872
896292
716833
546249
793542
536440
638866
754167
542918
852169
386789
176087
577712
966717
656550
623417
786359
587918
422110
238301
439520
263190
984522
360345
295416
473808
90613
829750
409394
908820
911552
560616
780026
61769
18649
804591
745248
269885
133778
640476
513052
481902
959367
125365
129875
363848
155947
567436
813527
391551
845323
802752
91613
392216
677901
617065
636851
551610
57105
768035
761814
964995
249478
316270
334098
582350
834375
455009
938129
689623
742865
461175
813608
27576
601261
365201
261894
739205
843979
154273
545902
648144
220127
483158
647151
117571
708321
844224
342304
271381
621731
950552
126462
655376
732900
258989
283128
727662
590548
597635
780556
964676
643526
58448
195297
655257
917184
745906
515640
2412
478827
992260
864317
569840
746499
333783
907829
868571
901495
366221
54985
242139
631789
968922
688653
418150
182275
144977
158321
796295
155741
914971
946838
429374
684034
899452
969704
856831
623659
993
788567
698294
414680
771975
211957
797640
622427
361111
135011
120106
722666
525933
662466
211361
895302
94097
437354
852937
791050
720324
782582
151124
881730
617863
443290
187986
205830
564882
181194
981540
800144
320307
844789
759351
300449
789662
578992
317388
619566
452160
686013
366496
336685
622198
772122
55990
316093
523598
943305
450047
882078
954693
236705
635075
649932
480701
380991
430509
963361
947013
380666
727746
879515
898448
348879
90465
163891
362996
421730
327166
650872
112085
147300
364459
141182
104063
598389
987116
22054
676546
530796
432935
814795
333883
216654
251984
309750
334767
444643
230312
660071
667612
302265
918717
987743
265249
242964
548223
51795
283942
747296
318413
558653
226991
615700
824891
804192
36031
13141
74395
973098
78686
380742
66358
518244
855724
17342
674862
104196
531123
713527
830313
774233
564910
688783
700667
340808
855376
360785
244622
938380
916131
968319
654159
877580
625220
410244
523307
840735
615439
909071
527730
329526
613698
597360
803793
268955
361308
254101
261586
650615
212302
407629
384302
340084
729896
666303
414115
528046
201136
125698
556115
505968
647829
21705
631540
531731
158989
320607
718262
158840
199173
943676
715252
229002
891253
552912
497087
647721
287827
197377
663931
933299
367551
372260
192063
39119
509761
14010
543100
473728
257789
428203
981336
422190
634600
267486
171220
924531
835120
338962
869024
121227
82166
750067
384008
432911
294196
190653
322530
12423
612028
666785
744790
389911
392415
159708
636593
482631
683819
599534
491315
182139
242748
254143
127173
62264
672410
757242
546849
951895
117781
130809
868901
58801
497143
285980
913523
288974
888302
461720
214025
69422
755156
101037
752939
734385
231068
248700
972597
599872
674901
887059
458775
286444
241636
860432
564923
179795
724584
405220
853698
55038
97508
771870
704297
368859
760806
233260
443778
399556
945454
449707
349230
67738
413861
516495
781101
498428
635487
973972
884065
954932
781629
509502
436896
614304
204930
250524
429741
937232
932239
431921
289941
580441
50440
165675
138106
640445
804948
747705
31747
149971
740005
15273
200455
698818
763809
295712
170262
629
842131
876719
958698
66683
516268
675595
966301
420359
751842
84454
398352
880746
572441
766712
149780
659531
321735
471789
991304
73238
747260
454583
218580
396543
346943
965174
478164
912693
895401
978298
964768
841073
606796
438846
530255
131776
701262
672410
511960
187992
933674
191821
869731
251016
485388
143504
69249
689421
733693
342861
607319
579113
662483
336893
969310
376959
695959
562837
228699
207503
898133
96365
673114
751292
790017
365735
770192
832551
376160
171234
96831
132511
705578
140655
828646
408816
691825
400445
623215
207831
614338
792032
670537
70742
250873
518321
55763
236175
722150
537062
720496
234680
427034
117990
256425
726079
299175
971472
64414
921616
69513
231604
112324
554510
689563
708178
711536
692545
839499
86927
156959
335867
248686
665837
248123
201438
692556
172357
779499
33405
169511
279021
350721
91872
23214
957233
151062
983360
457833
488311
599602
224035
457981
352083
197710
119940
398799
518841
693454
623522
591546
691952
276756
344351
154914
406479
740633
779973
159754
488930
661956
776235
103676
553352
77080
305105
753128
53763
176527
144905
904145
232936
723723
528968
8225
116968
10605
379256
510805
780220
530359
24455
484030
708605
682743
95623
119421
477380
834796
964732
287518
980944
903722
622958
481632
85310
316994
921871
364106
916550
668817
231290
90014
712549
12887
610106
23535
214244
910975
93294
850304
892963
709947
559025
476881
358298
884478
748316
635712
524804
155366
707634
115681
588162
159077
705140
689702
825001
35313
285605
43861
343346
395615
99066
168855
825693
762655
716597
444444
543393
639910
46348
201329
582186
196688
352862
860268
618641
871432
618205
365218
245006
535707
447837
850980
337466
652901
939362
320983
743166
762709
733514
209689
470476
601448
765414
562646
903534
241188
114566
22283
135535
669288
137382
136762
794372
531285
170652
503194
534867
328227
210950
243896
312672
190073
765506
211877
62714
571152
996325
648250
128397
133639
704242
163134
535451
478835
424752
584288
690083
721792
504466
765605
974781
482559
838704
775035
236817
397075
881414
262462
462080
38891
1534
633394
657292
429597
522358
673564
512315
519607
278723
378306
961012
596574
195049
422703
189273
71959
497981
903238
556279
768265
997635
102409
989555
413847
190678
1110
35814
757824
861202
614547
148228
874619
588780
443728
809767
26155
657059
175078
228750
936445
326529
322918
623109
515029
85756
372472
417807
519727
42128
614044
821724
140505
991019
705612
560215
619181
482160
243876
996638
719825
796123
243154
726708
286378
829163
853446
659044
211296
285689
652757
587489
929361
434268
915286
469573
356398
342546
870563
731293
818387
429759
518512
203878
242795
7890
181260
450369
759185
738717
411907
846166
272694
482804
4039
709652
753907
921228
984325
625664
512717
891137
451838
12976
409652
110891
525763
793302
14938
699911
819443
468093
61504
994823
530165
609135
116044
825980
407157
205279
983384
37430
299689
532798
748680
950840
525270
887343
160536
664752
619949
420662
786871
336644
501286
861950
566144
32752
285592
501619
824985
127410
846819
993243
687703
382622
419530
414600
409554
326407
518231
704516
903168
281173
582586
958980
131139
954069
437634
684148
206218
824728
665169
284515
439502
806058
935771
135293
717651
78943
735382
520626
998393
356852
394628
235878
623144
710718
604539
563587
757654
349220
555354
232697
639989
12386
743318
253121
899699
803025
494282
859958
454457
158521
727232
624641
428406
526598
755500
53830
119964
567927
561809
520923
66171
47284
303465
687366
534012
151356
226424
646879
612951
516420
855003
148384
548690
445717
845126
361897
291681
696098
925968
226895
965824
700856
814929
624819
62356
827918
2833
594089
947082
588949
347673
331676
844175
960407
369250
746666
308688
31546
879297
937660
858750
592489
6349
671359
398577
829790
391155
808359
311598
978716
36137
611489
708479
287832
753873
542015
84692
818007
478112
414620
249256
286022
18421
220468
843250
845047
371880
790503
33916
538734
441376
252355
97983
194484
810389
830179
525238
222730
764076
804500
260556
593725
573200
525802
590842
686307
172671
447833
204621
824125
74917
723403
44704
811133
331592
75717
790693
598177
702715
856674
838176
319428
661570
525445
593295
913341
275017
321065
645966
909018
806843
990818
467849
721054
259158
829665
908421
196413
254605
357154
636461
375321
410944
984552
747866
252421
408913
355447
881746
567574
427081
942766
151513
478071
994088
678400
921060
739920
586535
116165
40903
848745
324028
252929
658854
872680
637345
565873
438038
446669
