951415
14704
728001
457153
65982
622140
914238
416038
88544
956299
629747
22126
701251
747520
461280
183556
754026
865953
856636
512522
151849
549008
745118
339876
949726
75849
142311
907078
61684
549848
15394
894250
213792
931522
596692
298523
919824
852181
417897
186686
670764
145295
351555
347608
938000
47537
584574
111097
504311
698187
484435
237774
925679
510157
466711
172298
707597
710965
974549
79832
544877
192428
9722
451361
663606
190429
570373
33021
104357
604625
257077
243694
174198
181121
834147
700986
344370
936438
151104
533392
407377
469192
861861
810964
914061
572617
989690
518471
686088
408297
557631
133187
163416
271693
552427
395462
596298
162248
20652
365851
766771
344619
941774
278838
557457
137583
472563
724202
754831
573918
921692
937450
553929
93962
408782
426745
30882
652668
525260
551826
984014
967329
961640
890527
172574
86924
184061
408567
95683
519371
12293
516169
240462
307884
283077
704616
676159
35135
36167
257941
424784
764299
478027
988900
273970
239716
172275
931220
457883
478928
750283
707435
375578
232772
228463
297705
727770
488748
668660
888737
22589
843954
421794
948528
592823
315327
78413
708305
693175
346882
636712
904673
246824
622790
683220
846809
98287
830970
807473
933288
272330
38503
170677
804490
328570
32494
67880
624535
358548
115248
747997
20221
206402
270669
300152
908977
546645
330998
525260
647044
491293
222317
479704
210133
457526
340492
476528
148942
7812
883026
214596
520486
221990
486641
406186
947236
261308
4781
559012
736477
725189
801484
977105
564111
65162
637476
679769
700736
955714
926135
117416
841459
286212
910882
147044
876791
73649
308204
599974
290282
629925
117490
508410
403763
862722
516566
492891
594004
388930
861611
38455
966882
642686
630659
730390
805324
1363
14628
63941
346203
220758
467280
120850
577351
51718
551455
364949
742662
725248
558138
368259
447843
142220
932193
982327
428087
887521
969558
129907
149610
29943
698510
840781
890867
146
861536
971116
307802
562065
685793
947573
501143
906671
534672
972308
506112
414098
557877
947076
978999
710657
116649
216489
416625
496208
827471
162636
328158
711703
717162
777517
82960
497100
317519
570270
361012
979104
457497
56546
426707
332337
820330
71990
198000
433567
799938
962130
459185
593054
52589
208595
481002
69802
588793
607345
880759
873559
251115
705386
870282
402340
618956
483331
901716
684418
69731
121722
732065
661062
941013
123675
527801
193404
362779
933418
550349
688157
218345
961348
927973
278234
434148
17996
67426
165992
257923
356560
297826
869322
35312
267987
700596
732740
755678
880993
600091
253077
896630
986694
655201
140651
80648
255027
325399
662480
304519
719743
696547
278870
701552
670009
20836
821225
207873
225496
30265
784346
882281
879153
136955
609673
340262
572325
570155
203998
359536
162479
427600
313122
497809
61280
302606
242850
612263
542159
412088
366730
42691
571602
512199
571301
145958
961821
147792
646846
148822
677362
685322
637656
710754
8312
945597
142069
104212
564352
816866
986748
539998
896710
490599
380005
337315
865683
608902
343864
305620
125233
44250
943912
369419
267638
423418
612068
397421
282681
208654
144241
925342
722617
119234
919204
642037
606612
544337
958314
655743
839333
77588
145566
876025
165997
692969
727819
339190
245567
966268
75551
273722
126035
755614
351239
948502
54224
796665
951461
867979
106438
552861
360926
937191
173573
794024
224504
228993
803476
329508
562631
431012
346973
638522
650790
390831
235309
937003
837487
481970
111677
229083
111212
945861
728176
703466
716841
848044
647944
852659
162609
520138
103249
20779
996082
814712
584958
156507
370204
44047
608095
325633
674615
545092
935180
687330
766151
764356
605196
988613
626680
221014
135776
621912
590620
83717
147088
236204
123341
896474
465013
855510
235770
857358
411251
278663
211037
146655
698658
873361
743494
635465
454034
524222
726739
476221
34044
75850
653536
753370
727263
921923
786096
578440
136282
808119
527025
761817
221197
225201
552044
20201
924701
234166
215188
946069
38065
598878
83812
116902
551840
11270
467109
681602
406311
247881
526500
233604
813359
231820
83883
127635
311440
61438
773975
325865
799705
471473
86596
234060
685806
965376
959236
116345
791903
434991
770541
871576
188546
662785
365269
28421
477127
9879
286120
431576
68866
455991
797240
720370
406619
239780
764635
167928
509181
799928
294399
471432
13396
429317
514959
300089
197090
271425
784567
117867
965419
846238
239992
954032
884042
853527
247912
401930
10133
999110
185696
275009
339969
249868
190761
58018
115029
249674
950071
351918
138842
69262
5352
705446
914592
49859
880741
782026
416527
341911
197645
982011
383236
693042
450529
547757
974406
277764
957353
829483
288149
185843
463907
683868
864506
517052
860299
357766
159406
12240
246957
465118
34542
606831
751094
701345
879979
435957
829874
786565
436851
480536
399574
690382
190802
990853
471336
523139
898558
46536
800762
935495
537371
345524
32126
713506
125985
148398
551557
250140
717808
169097
144455
130653
605925
550070
144474
356624
440770
778924
779073
844856
902856
908094
682680
333821
588005
809185
196799
266228
63074
501556
679594
810437
247410
165963
33795
56927
961562
812907
593058
163318
346762
937442
410442
230559
372148
423327
862113
888828
770604
508390
425582
185731
650018
317489
889409
416607
481479
976941
719411
180078
834493
711831
488335
246289
985508
825172
536062
830659
379963
253588
82290
154485
60133
820764
934323
279928
483666
184202
138064
994901
107106
911393
975694
198897
607048
915306
502090
74764
957707
89517
581532
855867
215451
475764
944800
376879
262834
639876
861795
239905
997332
560693
110605
351341
977156
623056
922287
931545
652146
621652
120656
907092
156228
629397
303090
525583
926479
811651
368599
707290
641835
377068
594355
381941
614854
772526
962375
211177
203484
101608
827212
188260
813627
750801
675003
724896
816094
512362
788682
691127
102277
460895
113786
96642
636018
602705
631481
337495
663932
140480
913617
506998
441431
57943
946914
244760
730387
457424
332433
651497
83348
198947
539368
228293
725093
412788
872581
244133
502982
671986
534972
853053
679085
228791
122240
493359
292919
677691
903016
327740
752200
727415
66512
662769
42930
146490
4092
541222
405916
219216
164322
415803
303110
950748
247167
286143
133077
682826
669101
950248
232889
320753
724242
258353
594658
90746
955728
287570
204032
26537
217811
858250
400930
615767
846068
531062
81196
364353
865394
866772
224063
311157
501748
230584
235437
480716
61385
412729
999311
425553
846007
389905
237073
699094
233165
725182
860601
749724
120600
841322
742146
590844
166812
957431
13778
602770
653864
61251
836422
501502
889406
593946
878346
685329
200016
801941
489082
512147
943549
180107
82586
869628
603027
41249
600798
248720
644113
134469
705267
903576
462393
714329
967181
84147
898338
346482
727984
543448
692076
970967
569998
666327
689842
429796
525779
969692
333896
946278
244428
688968
827685
88532
657029
100661
88927
577998
313949
894650
79477
232625
42748
712307
471501
813760
815249
330654
560368
728426
49627
766459
747053
394195
52874
327063
697856
968165
482922
548791
989370
558699
11370
988366
343630
834434
970501
817411
766034
708822
589262
677881
99941
812967
219880
148503
100791
168875
442377
669745
925931
796750
547037
793888
807497
683309
287230
206405
952508
709212
671724
681786
188980
656308
367555
200354
892243
645022
875074
638681
695477
590165
233741
969946
69725
753986
316621
108835
59921
218288
5862
861441
694710
581518
545915
190839
536337
520746
41070
326035
284337
236427
732467
988860
842202
457984
693650
800245
232568
675372
342461
302330
73702
779767
375568
926497
864504
96603
632745
346311
45255
221250
439965
496123
589912
106056
624205
602030
826686
493064
716593
160393
167723
619160
50581
109259
851781
382375
247291
752762
184903
564164
578014
612475
192446
689247
643456
604918
995463
792807
438146
392745
489556
333699
581942
20390
637487
320966
245880
3834
51786
648114
747740
164837
857535
490652
277307
990465
488659
549327
963410
62571
493249
78263
775454
512647
260100
577928
202533
954809
168875
320847
809346
296315
70274
263725
396126
271717
433223
961763
62242
488070
923331
371505
4798
921654
712923
472693
250754
434114
576256
166769
928761
777349
484172
553192
140192
116470
993568
802551
965336
101823
328803
541593
707952
948054
743435
243145
802161
466077
322481
855002
501243
690600
109820
75247
756762
228106
24289
771369
255920
763158
836268
947939
703419
77241
790859
308249
554779
10859
580006
964263
807699
720754
901674
6464
388436
646701
201266
505502
840858
864504
242474
863061
465368
981499
615958
357888
799014
347287
764899
117580
686030
902148
147387
813252
183635
216880
407449
979946
171595
720565
368750
53436
334921
623259
727993
110705
904177
314714
352507
301829
533124
97622
75462
924666
512321
631680
464088
247611
531956
220032
508536
845832
90202
962422
658028
855445
392949
554401
745653
487012
135675
29805
560460
6460
346041
262704
409070
438533
565917
407273
7729
679422
141988
644000
179755
961387
864838
976576
182209
27467
405908
537299
229383
660686
920229
389227
392202
315382
652665
293698
9731
666516
87993
313842
558569
972999
985652
605020
904056
162159
210281
975766
645742
552197
627087
708396
134228
681878
916458
447039
621121
652575
280664
76277
669791
435203
342092
288000
463995
939848
58164
644254
346846
407983
203204
46803
133062
911505
869849
92661
47120
58820
823233
627354
479885
720234
873274
530114
41658
290342
961850
781275
391396
921399
889399
645550
870805
407109
590674
998227
231712
849129
117035
626464
411174
779987
585920
559301
865687
272953
580490
606230
258773
376746
893141
764316
712069
598729
210033
797173
697723
743108
392388
605297
675220
229091
377323
652089
253920
15654
759650
652950
810893
98572
725704
770399
499281
330680
871487
951360
584073
869712
716347
948077
156300
712404
492419
55054
138030
487084
101060
932747
280056
176751
713815
720143
250544
430940
873389
410889
636369
263212
83299
944141
993934
784565
331254
740825
759466
300074
21254
603205
103412
329816
634636
518597
278917
432088
769150
508361
638702
338473
960384
388075
120815
902622
623928
768556
294601
864255
534231
762507
802918
276907
172197
385576
701632
480351
56340
325305
826363
287154
42141
243313
249312
943671
173557
945680
848193
168168
719871
715509
205051
792849
350551
644059
313349
51372
645082
113278
335642
902928
815752
445482
605092
939382
756632
206814
966180
329910
81209
544609
456019
226037
999390
605385
242744
153868
40544
117644
880559
83732
599793
431358
278980
280310
468802
536002
635516
277279
557947
4755
130680
364878
139448
874622
674486
323354
239449
184944
701582
602997
709407
72067
382469
294535
293708
475242
257169
61505
29118
74713
762570
159341
637824
359595
8201
469705
281530
609066
229024
434946
136843
305237
602078
813794
458648
217011
576151
784923
725703
674880
484820
460211
221608
173562
369873
437027
205453
869795
865393
498714
370988
578584
407993
661546
829169
140475
663478
902140
194673
779359
742084
316890
413300
278165
617764
390181
962976
840233
180872
178870
716443
249265
978803
867317
463659
5630
347867
780908
326684
488177
149679
198208
47810
177114
921513
863251
617212
646005
523576
771235
173601
681944
633418
724588
170942
544857
658950
484769
336859
725811
402923
697301
423874
469758
31927
91283
370163
825211
799514
374136
536304
856646
617250
90995
237489
572911
756623
489469
635533
632473
876439
183344
170353
199108
708326
859904
583475
643080
114304
142427
256750
193267
580251
421375
674091
611797
344750
906484
722150
768879
349512
420376
462501
208054
485856
637125
933501
408267
899968
380914
313570
797593
986144
285614
594615
406993
89895
437984
662220
149519
735175
316033
901450
215861
871691
189541
328496
587974
302130
363188
117550
209092
351003
302275
735670
455160
887596
31675
282291
229845
196585
268507
810749
145897
535952
970495
238936
560956
427371
338079
388306
142340
9798
681998
873127
789314
883775
979074
775176
64566
917089
843329
468504
965529
239285
305538
681775
313796
600490
803216
59254
203458
296639
851003
867309
25479
214296
663420
165667
338653
242245
256996
769894
678657
331064
104095
858448
839683
90551
67236
661149
644457
367242
562703
200487
982984
990434
608208
826536
948076
47236
985810
387809
750772
35056
36116
33603
486076
126076
369847
513828
277144
731304
986255
573253
988122
285138
581610
883261
258120
392480
783882
455308
213776
432641
197137
773107
904546
78526
668692
714101
379470
592641
711752
510675
984942
159155
862970
560043
198771
827871
62313
566006
609026
40819
845988
637786
10218
252887
541063
215653
861142
447401
213414
73172
966888
332176
843654
772665
514529
266077
277874
256172
733576
974873
110136
660488
110008
397188
289167
353074
938864
275631
543583
895705
306142
40573
189056
406384
40326
910685
330307
317294
992380
858034
86915
625746
501859
259099
187217
667602
39635
716269
210233
796838
666681
281204
868221
183262
105337
696265
502369
576725
873788
423809
489140
863100
802840
987065
993759
549097
392619
581830
409264
363314
248076
325207
811198
623434
313141
941915
250123
433131
246391
35839
961066
830879
634550
535749
806503
601002
212369
871107
588129
584058
52789
462622
740018
931269
251448
645487
365620
491476
584917
322032
520129
893761
365151
798677
875963
222389
652231
380030
255372
784650
495087
517588
806719
470884
937550
588226
711698
382269
847362
163973
677715
468500
516578
795791
190606
528694
355709
660687
955195
810140
916743
247281
261956
537207
539635
514848
768781
711931
699643
425320
305063
548580
804704
282295
870144
413117
123574
544550
898111
71640
632485
854001
74403
623229
595111
72115
462766
331968
383158
208062
811178
956453
594860
836722
828198
311527
198933
884022
618096
299026
840921
978686
509208
610335
328049
334025
491009
955416
41719
987725
617042
376480
57443
529270
606308
331147
875628
509039
359054
42062
597999
132550
335400
392996
135349
127294
141051
396724
366128
978905
969107
971451
221811
479418
253013
683920
74089
828020
721557
171743
960113
378280
541402
442992
691966
3522
332933
762074
41402
608542
705181
167005
378884
424390
695660
885165
841560
870425
926672
532097
754708
964106
77491
140407
526359
926329
165081
295846
437951
465726
365034
621108
149241
102118
875001
337251
938135
863988
969439
165993
745960
857206
743871
9780
75061
211609
251577
362736
181496
905814
621254
829625
533775
995037
82646
451107
95272
487186
5914
992187
317094
410176
527274
233277
824470
485516
65171
49622
734415
23158
382551
761094
948558
415793
343931
205084
541733
853251
139760
91521
636087
374297
84958
585993
886220
513809
352188
830542
850983
964122
304925
447413
611959
707176
613240
629483
600748
266186
132720
964144
467535
467259
770409
543325
10830
981755
423859
777023
421069
87629
781246
46526
655563
811095
568506
780763
244151
294476
851418
741531
14549
31260
192221
148464
704178
880185
724709
227260
168682
593617
786585
938498
122287
967310
575414
476213
307672
310422
619997
202581
721426
367992
746102
229093
874340
139823
590692
437162
858770
54343
34331
329816
15858
514
910144
220621
427321
710459
385823
542934
489787
316260
286987
41128
856748
991288
601271
864355
471679
128286
374104
225123
598827
587997
567140
75936
958611
734077
915833
591006
424333
674467
692891
142820
252793
672572
403313
996656
984210
593685
100785
80011
938934
158943
622671
719531
124371
600561
785839
507349
948732
294530
596942
939598
983343
94155
827020
263321
938250
450406
204696
216485
72078
712161
626505
993227
961830
692350
267325
675985
976966
920955
692207
479431
571713
88873
260897
672733
566521
309918
367539
785702
31563
542656
281787
596550
641135
249543
695970
854327
478688
129168
370336
368645
588208
516348
510806
566713
669278
923476
267907
658554
675433
507279
418777
173909
827786
67233
385697
266166
102049
758033
345688
438294
84587
601378
253060
635019
75135
781534
780551
930886
374
197389
167800
116508
544443
864827
423223
414646
194809
771484
219295
372225
260477
760288
818058
349554
534333
260516
822771
233136
552338
587901
745651
682212
45575
20556
99782
134380
239414
11272
736807
720919
118127
506280
363716
794414
137618
527269
449
96131
127859
338145
611536
716536
291774
652853
118106
714
713142
954772
498995
784885
935783
682362
241261
636221
947729
298962
290502
397651
842625
497253
128009
353641
692091
603514
779724
690822
979317
188153
870871
573409
26565
976967
631522
96852
794849
881350
352847
620156
777937
905929
449907
592799
970118
876025
881326
563489
500538
291617
837084
631714
382934
492122
998037
616163
273243
245741
83813
489434
932417
709744
363261
676996
115809
613098
830827
718538
896301
740620
558624
61173
811195
462306
628238
431107
862055
549385
816636
614150
488261
409848
280634
377541
92932
154374
174153
453479
204617
431020
427401
432910
920345
90763
608288
961875
52762
150591
918160
520208
168947
947406
696674
151139
622337
623896
352500
753234
462673
418354
400411
298364
132882
724374
236975
578443
462497
655890
112067
544887
144983
580913
331450
651819
101645
886518
55330
720309
199983
653060
291192
197296
600526
561632
106533
315990
265271
392476
813211
312462
383717
842853
947369
141733
40906
910099
295851
93245
414783
437334
590331
938907
761419
70051
224809
957634
419905
341321
195158
656974
66837
907045
895620
465361
424300
956940
498528
141765
772998
815871
523649
857798
749083
450985
334444
273221
333092
883672
841664
1322
926571
645509
574984
171282
46005
854934
693506
341459
794314
181691
811597
957070
121028
695939
806017
500852
971262
834424
64220
362016
136028
826772
492812
705711
961688
793522
35601
723614
273057
411837
745956
826070
456119
157807
481919
75948
845084
441048
883899
853434
326027
82911
857482
675642
792347
186477
224481
838513
959689
405361
336143
177966
767155
268426
496817
180840
690691
788068
738827
147817
882351
586262
392668
181524
990018
192965
464290
151809
431040
913704
334736
874094
206380
151854
609558
888260
685984
8425
833040
210891
5017
247498
613149
86024
454589
728549
875726
580605
59010
656368
167202
84155
3650
779422
359597
805674
539603
123218
164568
207087
212739
326570
49958
888205
303154
231351
456539
222592
200432
731029
681781
482786
716238
823603
886474
764652
824244
61005
508144
436099
176482
323109
708478
181173
83847
378556
492519
850119
778995
738636
410441
247997
867716
219925
292629
355188
536779
791021
253453
537809
741390
351340
544392
90903
643493
153934
683275
393092
441828
593834
260089
538908
313767
688950
333563
115516
877632
328430
672725
417773
145555
326814
359934
936581
180523
157748
680933
438451
545591
772487
341001
896710
972257
789224
105221
775027
714429
507793
340226
776743
411557
150739
736808
891004
936583
813167
718739
815916
584934
625913
242614
223064
376126
308759
388
936694
898654
669155
396451
472026
569078
380442
581437
480823
523739
81446
943278
904775
249209
92198
566335
158461
923235
307583
991045
282299
128428
463428
423121
318265
496247
910703
148699
11876
518720
651343
625934
620046
483663
34539
39260
946722
407468
305143
81388
974278
784011
856962
723384
703461
151139
447384
768870
265643
198399
546112
938621
492104
227392
627627
993100
431221
419097
767475
724132
656565
707141
396665
26456
226327
731187
640256
807902
886625
142726
400008
181756
959512
866276
877866
385454
929158
121607
719302
54352
391451
444999
148713
256284
462767
326360
405763
546071
70654
902808
341063
843599
543847
244427
459168
825646
524361
337040
926282
715137
921233
749638
331116
970869
201324
640760
535096
948086
843160
687320
926409
739807
474626
713460
399384
138859
911494
145341
528457
91077
660289
672526
348137
319106
940630
58275
952931
671507
225016
258118
188481
134172
78969
70183
424778
642388
412948
42817
845452
458925
244096
902768
526534
555112
568657
343052
764030
998174
559406
623276
545720
850958
913155
780479
239475
930930
432112
108026
3894
798207
740166
709883
187267
233279
706539
741478
721254
6481
714336
582769
609521
774758
848772
99786
411286
398243
494981
692427
564238
22237
996082
892712
949620
565877
569743
105560
136485
817624
346561
13706
257375
476821
185188
831053
112059
759569
971148
964659
548972
998215
565017
18322
237815
624368
735188
209867
988987
873349
592980
44093
229853
202929
557090
32324
958408
443629
541117
962198
383618
900388
235467
587777
207838
91820
230319
509201
650041
507086
2707
635284
188135
336204
909258
548001
277422
523580
144992
927004
429181
640404
388447
509257
814768
893121
390788
903214
622646
509361
436799
25224
307508
104649
49870
986072
655441
911082
27227
840736
106792
787776
469397
45104
12331
795865
660540
942285
428299
751233
547464
970134
553494
689554
524265
12875
919323
904411
110582
575557
825114
125574
759000
437861
692465
975144
748045
23643
119956
767320
599055
860345
845750
752253
314832
455328
712577
245945
504699
540612
456626
440167
184943
372743
840853
599261
275943
476499
284144
873099
890293
788357
458320
444279
707133
665103
967643
363547
168154
227726
305538
159070
450034
710080
668326
722055
230555
902036
599584
3093
315973
636607
361026
927150
137792
217248
593793
280176
254144
305709
414815
813631
552589
423710
579034
551146
424591
405750
377148
836612
595741
311866
856151
871028
577369
505706
692136
532247
572596
412812
965508
432558
170827
757222
299150
7810
169011
167077
908581
403508
285774
565838
768415
879966
658690
729702
717460
530736
774134
88316
942703
69012
136987
543930
254849
431420
913211
105080
366812
127384
405578
33469
895202
397572
389210
181845
245251
139510
787940
680910
631045
489402
36044
216934
580483
623805
613870
573908
687792
771670
110952
892829
925839
522700
125008
203338
928093
893034
459877
496662
656342
967746
653083
349404
653102
547696
536659
296782
825391
685392
518939
892398
142433
983392
120870
873154
141404
667666
293501
720292
91862
632016
924972
892731
450851
499384
970858
790092
797490
863077
659755
836515
472783
689700
635653
399995
93106
409118
308271
890720
251825
408849
871156
663181
790192
145189
171186
929678
495255
14149
159311
915869
314216
858712
832387
141292
932071
501283
673932
507580
853217
608543
724182
525059
161685
830706
500265
675838
761267
67679
174651
787994
26730
35756
832265
934705
857078
338073
982528
298083
452484
121256
28103
640238
353094
802205
703780
779420
938418
806054
650543
460951
148690
943125
932907
616894
800998
311724
219921
697179
429276
236903
142411
774767
428210
698426
714011
430323
262001
435083
802657
672619
172714
598943
798866
485537
301951
112025
784299
767664
610015
776179
800405
682909
708713
508179
37825
165171
32570
496256
612193
394629
347447
212659
104027
773825
58035
558217
425513
127003
997537
163494
495618
908384
726275
923824
557134
696046
504957
25094
794994
620622
349349
738542
371753
461984
74959
570264
970736
628673
98911
160079
437562
355372
223764
550287
790175
75364
173400
553567
465230
87106
786187
613729
55627
755629
915702
939897
123946
508055
524997
157864
508916
698232
791906
810208
615533
287644
612741
992916
211012
959645
757991
928570
451114
529200
863910
517215
562289
206830
603454
514057
87956
308156
347385
384023
621403
966808
194136
338811
570226
655950
893892
155527
935509
223156
960245
223057
225694
777946
836073
284565
22836
98666
234956
229844
334872
22253
889496
789702
863606
563976
61088
231536
560016
837245
824280
658808
495445
580286
208438
159216
590207
467014
715588
457194
743849
48827
901713
811940
950646
618179
468995
591992
393860
238440
896143
189290
939381
986052
65459
912923
161697
204769
289186
626441
853094
374045
399006
387174
844259
155394
180407
699007
658755
33750
924718
803069
286003
990037
492755
955718
263831
109143
648107
897793
576748
158313
994516
246253
259210
160716
812730
895862
55644
447837
145616
805289
300520
55253
950569
775673
602250
334938
856006
653684
214963
641191
135563
870429
853771
318622
513133
452222
169267
280861
408739
275490
613519
599927
442469
588460
883951
628769
33462
41918
156315
73181
150892
799471
992928
282758
324442
292249
562071
997675
562104
384466
781744
474748
391529
308191
786976
766450
888754
433851
721839
42792
743743
672843
689756
850985
485383
858769
930929
155481
548919
322122
949145
671281
968808
223260
287152
137235
99987
483973
133572
646692
443364
971353
605860
280730
104662
679024
548312
968199
58771
515597
658476
367146
94033
857917
367142
222259
156238
913516
306278
701683
543394
482526
955831
808474
745048
550469
412687
796882
42716
276532
298893
162795
839060
345539
137448
286618
508997
347998
740297
586472
78539
10127
340594
867332
119619
216813
235589
367608
656637
808112
706129
605039
525337
369018
531593
437466
648237
195186
82985
203585
638603
408698
2196
843906
490509
768902
359557
729318
196293
539082
740720
720754
390002
935145
628281
332293
365315
312832
794750
344778
326529
613256
799540
124933
838605
185462
818164
671265
852335
17960
720705
327325
588783
603928
88496
416457
405265
936326
275830
282310
186394
860752
793741
228263
401492
306187
503833
795111
104408
529364
684026
105017
476044
155830
29783
130176
900668
145730
217488
302560
309433
934148
827157
751528
686665
324877
549385
450222
804005
313426
289664
667832
115317
326572
776214
448569
159897
4240
757461
858341
523164
563716
360246
43188
760333
355564
603832
889328
536866
748964
309563
132445
139
397318
937734
510251
113368
584234
650456
34440
407305
785621
161267
988364
276045
540202
778316
890046
267585
942601
455995
661450
902321
973810
707921
948472
799059
53606
350511
398552
627163
858940
255957
488427
435823
282676
895804
90564
855367
397428
261160
977354
22686
933178
671840
569437
110555
742657
281280
400211
221182
609225
34025
931144
719707
97570
984558
39313
863337
844259
215603
163170
242994
869710
273246
967306
177139
49420
469847
920378
951923
688810
389728
253597
696072
127785
272688
922018
267567
612544
601338
324142
658756
12583
659664
875294
862992
968979
106612
563387
4506
492807
882309
471947
927254
954656
232441
899239
107097
585329
694307
890350
634246
139391
442616
722355
789767
990036
163510
65470
681159
882308
435932
284217
575109
180593
22617
471369
498189
577248
81494
84878
947412
959716
148518
89004
390727
333208
761654
645846
962345
423787
461823
230876
794036
977052
560269
893748
531268
15526
351415
259390
455545
683328
658703
241826
676359
860422
319237
593205
310328
827120
941899
618224
76305
568387
871825
54436
875122
899729
285312
424357
632888
267125
139872
310570
426019
347625
408491
983319
170928
266211
453638
307461
921791
754462
973791
728078
661766
948081
910802
803692
850568
837856
250033
298643
213501
230410
173883
387246
474124
848827
752785
471191
194678
243006
693730
440932
196572
238457
375204
678120
21596
973770
17442
950431
647349
213078
560289
47057
102697
504856
353057
960740
821980
232099
855442
863834
971546
227343
962730
143565
924228
504297
513387
747270
860221
945697
562433
428009
102026
740466
873509
465409
719010
224301
157314
526746
499405
695298
909659
193149
279438
612441
998849
595987
363257
322214
357524
241745
644280
403164
496627
161010
800973
26535
290570
872469
968517
169694
745669
320438
547040
59458
262551
634275
914752
404145
557509
77373
5329
778419
119270
931495
257814
385709
495337
667337
710819
657798
793997
453711
359880
369435
96872
694670
513770
804342
255586
291488
912545
650070
819522
836893
553972
972809
800145
186935
338234
573657
124540
238930
653448
825245
239088
746665
616692
744849
968354
179260
950674
911342
802540
365525
298571
3496
664063
869562
30124
364535
484337
884611
83636
782681
374187
160913
774570
74162
30223
900179
963556
710831
606912
154446
890158
533560
623105
526386
957567
47441
319615
792038
306448
675065
440576
886644
174002
600648
740555
676166
913851
222321
487023
111724
902754
637858
983941
786201
187053
891306
150454
230171
689879
843647
625159
50985
501702
497531
572008
795348
758104
56320
625049
628450
280528
417008
557041
481714
305453
545726
237615
737231
71988
256100
205452
909880
385685
935696
119011
316190
923457
54250
107086
786188
858329
123362
972087
885214
655765
985981
151063
252414
158417
79175
122523
83656
310036
590069
226610
29475
596404
663270
904119
593428
774365
927733
534482
678135
213608
749349
257924
283018
568803
108563
520224
238959
237554
706546
151274
104481
145446
28674
308864
943669
539161
182020
980096
45506
139504
531200
560731
188273
960451
844488
135915
636191
752798
796001
296233
734029
265581
397639
110207
62392
365373
771496
416189
870652
954246
966497
88393
868696
337555
240720
78783
755288
608047
698859
848528
536834
92617
779085
26992
791459
321404
668474
277207
100351
168473
123113
85209
590911
710395
947285
362344
257812
979413
842067
287074
34978
207336
774422
142549
231167
305985
271735
878722
98997
975482
707227
478847
191117
964981
614187
919059
343215
578465
559983
394803
147476
468961
858365
160067
204734
730724
356974
440660
477166
553035
170138
171519
268378
23680
484855
670931
978850
132068
488447
733830
320836
743517
984257
354585
340619
258846
505587
512667
243341
942577
255342
614752
368016
971717
322593
620204
319112
515983
664173
486987
581557
552910
552802
776110
9053
368327
626455
73641
852407
641801
205367
521628
670302
362095
923569
184846
982010
954836
193809
736680
912030
845184
642358
736147
431471
694440
80190
378859
133686
929899
656645
277722
218005
704818
594224
117244
697651
859846
466175
537346
207820
968183
624506
206277
227312
534809
791988
473490
658322
184110
563392
132783
939339
911208
406697
784532
634214
539541
313160
595490
889464
112680
826357
287815
946283
665906
248114
19670
369255
87609
63378
458319
264630
591420
8498
223790
345373
385019
607304
788984
66071
952879
197069
457967
289516
102927
796901
949843
996575
718685
645544
74023
50127
865922
181915
242830
117061
795699
454496
992664
443477
481667
523432
378079
905153
911953
609143
455462
41571
122662
12637
192105
713606
424171
315593
743045
743243
586660
427256
225049
184235
854124
264614
778627
337794
391946
133579
203635
395702
777312
124110
156700
365087
703463
333738
619826
547746
64999
82134
944601
580078
416128
661166
927066
25574
475112
391064
20143
921990
618291
473190
263571
869347
306513
249564
312003
338609
733866
491838
753762
915529
880447
346614
746279
374869
179209
960408
37917
360182
44285
154287
393265
215533
330862
375864
175080
521834
41584
720661
509734
131569
206079
178220
448235
83003
536994
2
247281
733
557539
554960
75713
176731
873175
26920
197953
909150
702754
565299
166571
64983
930934
595836
363932
371231
677019
313875
132572
951399
731500
489693
170029
782346
319882
976926
469374
510584
965698
618946
315662
714630
257394
557534
153979
63864
636596
383678
29916
235133
320232
763014
414328
596087
893705
847475
383929
741832
63812
707237
136866
992374
474400
805953
215408
347463
473826
364534
83232
344877
33403
55768
851679
550696
924221
521073
390584
714732
411502
176051
817290
176207
896569
673272
167668
86715
840018
634108
167516
124769
830839
497492
938607
501600
501929
275654
823680
521445
989025
254510
48557
463885
841
144388
954886
480241
180336
117469
63383
684076
867734
121084
429208
801845
968245
763990
816542
181237
954884
163580
766616
954278
712976
509783
952817
713622
443448
481538
43654
448196
541690
568342
785042
935933
726755
415621
353740
30830
877388
174897
407937
630746
633392
14544
369287
17423
854918
262413
922522
632665
920363
620803
766344
680998
343426
610104
952588
282564
906414
382616
631918
817110
759258
787818
260174
184432
728736
552829
675923
148099
216513
313876
268137
990788
891444
769629
738662
766894
974299
723216
941144
255043
545796
952952
779164
598535
277028
602643
441472
580026
8160
410338
808094
455218
178688
385815
423097
946240
397691
425227
209918
741949
438611
851415
745563
129561
189232
991858
814279
188647
190666
864503
14459
151515
990107
510787
21040
641480
439230
914007
854003
548894
142209
786670
371032
600633
586933
50880
235156
930851
355988
716235
472233
453704
833193
185568
130863
664193
158579
597666
684487
713632
391590
231191
207145
122435
934629
785503
193014
10003
725290
413122
712269
258196
387600
897727
652762
688911
818503
62171
920179
622870
842268
718882
999444
691562
917717
309034
384519
41950
911522
38016
790463
86388
457608
506082
123653
790619
434521
840396
105697
85644
390218
438325
432610
978504
776531
754157
570287
387633
533528
775726
637639
352452
641523
157401
362652
125566
439449
758657
810821
533177
713099
392530
866750
154756
786327
816047
626562
97732
621980
211967
984610
672922
729571
923719
914218
420368
462594
544613
987120
865999
309100
993386
426195
329366
204782
245075
692423
25462
792932
404943
64534
325707
626243
123456
482107
136965
497434
742854
131780
434925
397420
960526
382532
622301
90408
298270
728298
809227
713791
824448
400953
819123
52538
806800
241926
151893
938604
250930
816501
181140
342564
142100
598655
213155
369635
69343
933225
290960
299455
883414
705542
406484
838712
935334
46499
26597
747094
290892
12093
238341
578646
9606
991298
815664
670148
419920
620595
767815
973654
200977
442366
181482
903769
512581
850562
542817
235124
31989
178912
860427
519144
716772
854816
520375
556474
880108
381196
882459
690109
73069
159352
640574
471863
357811
730645
246146
788784
458512
147514
714967
15851
486869
600279
115876
569783
704750
657253
952836
731741
803032
193342
870276
533608
216280
459335
436666
973813
844484
399140
18967
594335
932832
91903
36576
939665
611592
999190
567916
68049
610811
452715
500479
767559
65658
278856
47785
672379
598991
766393
361875
80726
903647
884608
874520
126808
327847
327068
20956
735665
876546
496762
691522
493219
197867
568606
390172
819700
693826
197745
264312
932734
481172
575197
897135
285164
991571
624503
576648
163094
227426
187025
322356
632768
258268
221901
595920
770834
734854
92838
633038
503118
928137
884277
43595
501651
638176
979152
530838
401644
517695
652940
390645
674110
50738
200777
835152
935138
188737
187831
610565
793747
806388
762011
555395
372288
761599
240837
247854
864057
588274
83222
350512
113601
148293
123779
418817
505293
344053
787796
366962
253760
268642
813279
53677
739011
448903
66817
278597
82825
900434
336990
604005
143889
867088
875590
550113
249047
257466
88270
377565
216353
193362
327232
227459
996804
335425
645016
221364
669708
842684
599174
177066
221611
631908
7852
637841
58013
607233
374753
551355
216636
955889
14046
60979
471598
921497
862060
214748
384488
576152
43907
625581
676756
521252
894603
567329
15955
813365
922888
511586
226062
372481
120875
531233
454016
187577
311529
64706
670978
883254
374925
408399
411504
458953
487368
243827
198413
974332
563694
89993
123451
917132
124050
131514
820985
129044
778074
444558
801943
771767
824166
453185
619713
84928
37385
115784
227979
307641
524476
504533
649162
225382
876497
340153
832301
951094
621517
724647
645138
142818
621879
586663
246814
722167
603797
756504
595930
208089
76078
350289
382923
912212
364543
884539
320246
867903
789414
705369
684098
68464
635235
620317
899833
466140
314325
32830
358221
404878
816694
358963
567312
13691
997748
95456
432098
57119
257725
449100
704650
208704
407338
349596
519189
704622
322840
389534
928497
501737
501916
305897
766840
179600
660821
444047
586070
974279
172367
150205
822563
824038
857868
219721
514614
676042
54985
874729
768706
349547
409855
600836
638418
25971
461589
445827
282972
523653
289986
31497
68739
76057
396798
172886
678853
837627
165375
550591
76056
989550
306679
849187
357369
906757
42186
890317
57584
917689
960609
819852
411513
872000
728069
158391
5806
230054
297925
670069
38848
985289
679708
357037
364343
996209
104907
989887
890837
360656
653041
726062
19065
461136
119986
711514
200095
810515
658156
62156
656127
558818
326888
698443
78517
965257
935200
430647
178693
224115
884879
891201
705728
445636
565339
831099
257483
954328
121834
695975
634197
665433
802687
812371
950083
297721
470016
810273
507611
831411
560236
377968
527331
504306
513694
343152
359315
117781
468907
21825
297637
843699
939523
238763
7844
53168
500377
148800
988851
997926
953091
561865
519020
211056
713593
312154
783770
862201
130152
828261
222421
220280
140233
686115
489843
205810
781365
389806
926949
918013
272352
501328
387118
532144
482187
552284
300521
457665
630462
831326
956870
618553
33926
672377
203232
822226
422191
303238
266898
354315
961182
916198
54669
297102
240756
223324
998709
456112
693443
931572
913570
165397
829316
976595
267031
572192
864137
293626
829286
995717
815035
390162
573675
473620
913640
572655
747763
452600
209280
804272
293667
822926
775677
848835
249013
669559
239585
467457
530626
378060
923975
477586
770845
550606
375129
828267
18838
524722
456114
367629
545391
898436
475887
601503
744687
759244
741411
613097
52441
493355
251430
820812
751131
809240
514721
108756
275953
957697
164531
739147
837647
318851
816141
10117
446047
205766
690860
743355
86976
791517
46938
360399
746529
732654
599426
802247
977972
323070
345179
180724
21532
44081
636084
356219
988947
304303
89284
64996
652786
67561
887026
59749
198994
336826
420575
584381
491781
553698
974749
894909
29737
744751
661297
711694
894723
829816
376801
504716
666523
693535
301741
573382
811841
389891
4811
589826
331635
717799
451034
563792
377002
534525
932366
994252
708081
805455
535347
35710
588220
497333
992523
704620
321348
288033
570502
280152
735606
292600
537971
288042
858397
415512
419143
550456
627193
776911
596598
17240
236357
542619
347260
424435
383430
347605
502480
363507
993186
275966
132239
783055
80472
120677
277440
778996
898523
825303
540279
681047
436809
338788
789675
978937
762061
97988
758672
376491
550422
159334
379794
457793
181206
258687
82226
678073
395424
795757
861729
869452
909510
166894
461443
256961
478562
386147
625722
478886
902719
824152
732355
481482
478889
176258
12190
224751
529064
364394
356635
446479
725005
8289
275809
41339
39481
491047
864448
482798
577782
889696
201233
131725
825510
943598
457416
302424
986488
829931
669105
347409
550439
578563
839133
526125
557301
42069
981532
866278
101765
805296
584946
218699
37364
636860
56926
195055
884847
906644
8741
618223
144757
868418
128793
679451
553235
260966
508919
326824
368823
518951
936037
421089
249628
764630
278117
97187
660478
766487
202758
678832
639798
717291
78910
878349
903993
568266
319631
884819
785286
461957
639115
308971
134849
942127
973267
975981
96790
299964
549337
296976
151226
742186
143210
853294
394508
513013
499044
562119
557647
167101
734443
916602
784321
10319
869807
663417
314039
595429
432610
845582
953960
706158
839761
817752
999748
7642
670509
72001
89850
715484
869245
126747
695681
862296
483535
134662
332533
830007
114310
297953
547447
213102
980483
558992
440132
494779
463215
720069
166191
26179
442002
571436
616263
225856
941201
208941
455856
573110
866900
221915
354531
298835
208861
111585
199677
875233
5567
374670
104412
962759
719812
51666
398720
131184
523881
27683
210310
119355
974388
113412
484942
347121
3356
956480
890670
272894
571179
314724
741388
926723
415309
243021
154606
362801
820342
265564
129502
781688
896310
332156
168036
814217
944101
908268
446099
68395
317455
813194
848634
263008
788816
901528
750376
146048
374357
769904
187089
971253
695073
474981
950536
806088
37977
630919
104722
421293
927386
990289
313904
957243
20623
659788
837610
751981
451881
326061
917350
115115
106198
63299
600975
251277
333515
427132
273925
951330
254550
184951
802897
613521
407318
129370
883870
318793
75420
228374
35452
445030
128410
655481
152946
128773
710759
544336
391003
700954
84525
893202
306747
767343
135590
262516
479211
178258
224986
574427
407726
16755
663768
985431
594991
173952
4353
705590
751302
490236
541299
285493
37586
9454
250150
924807
995399
224418
305377
574077
392261
141818
421162
348970
194190
292574
238416
463876
700641
466301
566856
378787
241955
653438
573153
360750
659597
440308
841279
639742
35450
730157
561088
220333
57012
984496
44375
621072
761151
725934
783095
263980
630796
44037
399365
622232
508289
664988
302376
818371
100329
461540
667728
743608
454729
446839
423420
857955
670497
64098
220107
415984
238870
298379
128224
842716
726409
781900
884858
368005
442111
997882
538757
706103
334575
503596
426266
401049
711375
815502
754084
610492
157678
95792
674436
948058
524038
484076
647983
993794
895839
858099
505704
919728
93717
110091
892461
943655
740479
248729
995661
109008
340841
697931
267948
754522
397121
358064
838774
344763
434090
874850
785042
624895
922678
237986
724845
966361
669391
144757
741869
986397
333490
484172
308010
86913
425354
538206
307693
341762
257140
25345
492985
206750
471861
438445
766313
760555
827865
798774
695387
42328
848260
831569
51088
641790
87817
917210
664943
363384
315519
707436
958306
352551
535395
832138
443838
318163
570910
926097
601850
852458
522251
92014
388848
751965
814110
665585
192953
824007
264562
912691
765887
946765
429511
426067
887200
334303
315064
191296
46918
18550
338044
604216
274288
383601
844684
321315
373508
49041
541292
122873
424240
210095
149440
480054
310711
614701
525743
424009
321630
915954
512098
326565
854761
78306
731890
528991
181356
492776
266918
477972
753720
35185
213555
70743
85111
6321
595368
530368
927247
236765
32836
70569
186333
638738
101650
470239
184654
633366
904037
735432
94604
615905
129088
160299
53095
193333
176338
210097
196723
466281
534310
459683
635862
20762
268833
440632
802307
962377
736027
408264
800422
330312
629695
739817
123733
225694
462461
402462
416852
798349
306204
589640
824845
334626
418219
816144
742766
307596
673617
404216
732419
936629
564464
454399
448137
554612
476666
969235
792952
275188
95719
357371
478876
906762
400889
22451
686021
413113
94413
183208
166777
350642
252001
698985
663720
921548
584361
256208
185023
380613
347360
303985
861234
688386
636518
978361
50206
245613
581261
554662
782524
727686
252385
967903
897863
567538
926091
398732
975939
651631
959079
921107
303772
162093
478849
349924
979642
972050
966350
505062
446742
522582
892429
976976
38493
258328
312916
868432
757195
352367
713112
660344
482255
830665
245648
27341
963506
455267
925543
362700
593828
425937
202694
229190
500597
879689
327980
805937
360061
786797
166369
614351
233958
877361
218142
826119
494459
699348
190356
634174
834683
396077
885691
676757
133911
973775
534367
518701
896607
951769
534218
150763
341539
593497
292181
755253
204403
958767
687832
848872
567062
70126
30082
588282
800371
205999
384487
828629
636949
573404
260010
172617
684918
417078
136850
813600
394910
813106
352270
742097
769733
599656
391946
641552
589262
632255
789806
250635
876786
253671
791487
2832
452326
372393
395487
383328
796997
265240
168032
738473
971437
521690
868195
332412
982721
475861
825913
90096
819165
867009
11066
957323
162362
557037
937674
935014
323554
467414
659309
541368
608364
323603
101965
745247
324738
374081
258125
976470
106399
140486
371306
939580
69087
431924
412810
385016
941979
24947
429501
653702
629088
815875
213621
344123
300548
343394
97197
98143
692811
751244
589910
764087
658324
145845
924021
101517
629145
194201
285833
683481
741588
992012
681689
355592
756671
495680
765743
259892
733689
417622
180210
282993
580358
753173
81609
219195
215233
523334
495360
262826
760829
723066
573171
390089
635513
548206
18017
471988
331638
330150
139710
926947
126672
302195
367975
951738
765828
47247
127831
794122
196824
857337
440195
29860
320343
477488
451156
191304
111435
396392
805438
986270
55645
215451
80917
964371
519849
443481
602512
226831
662541
723307
199098
378941
783356
289127
941197
105208
141066
60068
150989
571337
986577
534966
533579
397732
715533
551126
38866
751709
737219
371446
735107
561953
801957
98540
127915
617528
986969
325405
13381
321734
488602
318303
679524
460653
825296
861433
587964
610045
558211
636895
233199
221441
864733
175688
886551
445644
165569
968167
298359
709667
471254
245545
703580
829044
99511
281122
669774
695814
629949
69217
109344
189172
656601
656872
616594
931790
501288
842802
268131
133177
832280
158878
161252
18808
47758
94290
320037
42261
439684
560388
359422
433762
848207
589750
41083
297756
740694
845062
714783
976965
536553
858532
997786
579055
653658
242111
521682
31700
295053
306627
485199
419874
687978
686432
624747
433962
146496
304835
302187
985228
631823
30713
505007
356839
632386
972655
224227
372689
254275
693697
970741
74348
667975
920697
968165
800657
715750
191954
257699
310112
426862
14312
866733
873417
329631
398898
727218
138337
460138
306444
351764
583984
527750
31645
722806
659828
544668
737599
29825
629987
408253
147937
175476
685566
209529
993989
168975
138640
693564
666839
258542
739524
219799
825173
961279
448274
593384
229407
290383
712861
898116
797668
137614
755724
346580
382330
423077
283402
170569
79863
646407
532305
998504
10648
186454
240108
759980
163218
496129
69547
597039
883983
199036
289776
76946
578709
377924
84926
243679
947282
151446
996514
288210
358666
298047
941015
206595
992153
502401
767905
669467
503681
532602
197189
10432
348075
884677
76778
253068
122224
394688
437647
211511
399478
670188
311366
652716
122098
395830
989203
758109
670205
116261
265330
640331
926034
536024
694673
255214
265825
8767
828449
69353
930064
17536
568664
400195
222476
533140
336000
853135
620829
156006
714334
785409
953295
68945
247602
242389
766856
956395
888895
72031
945250
18865
721402
289894
518305
445421
93569
589307
119423
448916
817192
1584
355101
33074
375601
338351
671431
660235
631302
992431
297001
781277
887411
218579
463117
451516
785931
862167
691375
217684
725205
654971
841086
368456
63077
274454
137335
211051
820833
615161
380568
691312
507578
944587
4008
863812
824675
224500
435534
560374
946283
75054
868476
809068
543100
863677
186658
932800
300072
591517
912570
579918
588658
262895
780328
260817
885679
311122
525872
201315
402192
719508
290390
765458
595575
672391
850402
91389
289103
852163
673086
116792
728759
637952
278657
341534
48300
118909
494101
275183
335443
973226
38027
877254
357060
392780
726368
357656
622648
192824
658831
358523
221683
578061
199194
462142
590669
419524
773348
281362
706808
529194
755194
483603
142911
867081
313096
164435
654995
817001
19137
272137
565537
978609
642766
655563
915654
763933
535350
866201
129733
451022
775911
742996
530050
99228
510899
169065
467303
497132
511422
284512
539487
487198
755462
410254
901776
70915
481629
624796
996525
970407
379664
141677
502356
416103
934766
338721
429254
429096
876976
822514
426238
647031
40805
862982
564780
566315
992587
73672
325942
946219
985807
740495
475244
419341
876185
859910
300932
784779
574323
827190
771494
521062
225556
838297
948829
772265
559860
844369
722858
615277
702039
52702
169895
393955
833484
762438
807782
460265
766737
167722
622511
243120
594780
863222
743129
815562
372647
588487
519814
206129
554945
249541
625751
369860
936132
5364
697410
308638
732042
390459
416796
227053
129770
606792
901951
948340
709396
182331
530167
409756
645955
37464
151682
202112
458275
540492
156467
409312
897356
432658
597345
333769
521384
439385
51259
707864
648668
116173
704026
238411
69331
833701
417086
227798
16205
410078
775003
976940
904987
796527
240563
679467
600381
105384
895008
20155
111258
584252
948201
763477
151095
572440
207160
52950
702915
895113
409023
33367
447509
329620
877098
220113
839136
2188
411093
479205
142157
945701
469508
465757
858331
933335
719815
558463
387433
331476
733485
771544
660279
708147
523016
697205
504564
229768
337344
633642
478863
463328
445784
441744
643049
336378
161379
276433
802138
384219
836634
849680
118528
166083
135565
287865
740466
670977
82596
429689
171773
519152
204536
888451
830663
395596
284622
343935
416708
208160
774148
933350
114943
721520
959838
41138
197117
982080
45841
366531
725149
953593
443523
982263
453507
276315
970762
700789
328338
919558
723855
726962
469315
185794
226033
571249
191752
329185
593591
627001
544560
497655
283
43824
807490
736429
796027
410993
763924
463197
190633
97743
714590
994787
635409
576266
56554
420351
562519
696939
855864
817077
82292
515834
813519
831498
848298
268562
274445
344826
946052
190619
8189
35806
15914
993328
657384
224686
786079
887922
489163
790200
695111
275302
713279
972226
541186
541697
870219
326397
284952
396639
557923
19552
782563
532699
810506
86140
742543
336634
482364
373132
361750
390234
823327
460409
421136
990320
453298
942921
42223
267564
854464
418478
709677
571339
136626
384045
900992
124757
997090
183042
710060
569920
630295
800628
820362
370910
752158
894190
359500
639106
443615
588100
293003
333538
220567
854946
10186
745434
981678
906613
79263
803180
675084
500781
411241
491387
628852
875961
756925
334861
659287
622413
775991
76265
501439
49874
238681
674156
971750
948230
890593
22484
175958
355853
887559
383889
465074
399641
183456
601145
603504
57528
459820
549686
433687
834415
452842
54666
528242
234379
181588
620000
396386
778797
547076
686350
736382
610629
154544
270430
36378
871743
464764
784
603862
502253
714770
101905
823756
293977
384404
494342
3950
797318
100638
791876
540413
232626
162241
797066
689683
687728
31573
760326
352885
692385
377042
50885
997614
403055
332174
25082
302075
597110
247090
545357
283548
925375
317773
732013
900817
951579
793768
938505
690477
735121
752373
411060
649490
657006
973416
47
470247
472272
712839
400686
77914
452738
333320
89989
328591
906277
55951
582743
699170
410114
76468
483480
77332
591338
926922
442592
900244
495910
779901
536183
615811
64096
354507
626649
746918
130437
381378
548849
781040
964462
839724
305109
930254
330482
633755
749672
291192
649099
854521
916148
627273
309934
229891
602373
519306
250951
960350
994931
863835
662364
212677
371578
786543
73354
441155
18426
511184
534513
334460
492583
569880
907514
438528
867409
157238
122635
275885
90482
470494
611181
394274
326828
917715
985089
980243
25554
620426
842204
995339
941630
898674
665980
778152
141638
664077
131576
871157
364522
315555
512558
694840
750215
454667
45063
454302
974564
540924
616326
699593
941109
878331
570808
133722
369909
589858
539816
516798
416110
283944
872523
248790
182450
980681
515535
497685
204016
462360
163047
975335
389706
559612
307214
312469
328834
937286
115891
697772
529968
914800
695731
806480
917209
204420
818645
661610
371181
864414
16003
708699
346820
971792
791846
647333
238918
688387
269372
423076
835766
598372
360317
531898
103855
423767
638652
338942
406898
394374
99082
881592
116930
477301
39626
642545
159372
412181
32390
546514
25304
596830
129406
280247
676829
946941
828827
401863
779767
217141
438573
657263
579418
537823
582311
345378
752232
124011
752969
346945
422244
223274
862746
499019
520782
716601
310460
652219
583746
340310
163733
706448
992194
220312
783357
483307
862788
972525
786110
992320
76289
257056
365303
748850
675507
704866
663621
723939
437663
645700
412996
841109
452475
924454
837199
444994
408756
158483
258384
530513
100995
800181
446197
253882
188
47154
460042
65288
39686
663031
856025
969899
204354
671466
680488
145797
225835
964790
272947
570267
542104
375990
329242
543740
348115
820121
932076
436112
998838
323035
299313
405227
50025
153032
192976
936140
847520
399727
474754
936087
623763
856360
504424
827389
711657
512580
397707
627490
177461
768773
769481
753789
480869
696314
465962
105698
794415
773843
590803
625922
137717
688930
225240
595502
901367
844241
463668
241105
961090
579433
609090
291961
517308
119840
941283
28143
554948
77635
531228
196282
947593
13283
448852
617434
100128
220247
472871
299747
956432
397991
643352
742322
642027
412578
200289
574101
997184
178045
583174
523839
520071
425057
683847
920404
677747
380031
814550
59181
670309
643344
16103
441834
258553
46774
159967
178374
607805
766794
853757
251008
806486
359767
70153
951773
45790
956382
480473
607445
513217
699394
837949
340079
9532
193612
301560
421353
4322
720921
940334
485944
213908
273622
342653
930384
724153
483524
443630
697095
269023
639839
910432
816139
790786
984741
344155
474521
227609
885238
162860
163297
943209
354420
490430
867167
992180
959600
747114
228287
47350
342528
581153
695475
915198
368938
179882
37126
947218
876888
76964
281138
888660
732041
626499
483736
947069
597635
88037
513587
838889
861156
887737
55694
457646
248636
909099
7544
503802
627763
484764
962597
650764
688890
224810
564120
979937
799290
890968
214486
84189
553994
287609
448728
632578
625295
225802
763553
503815
980727
126395
324781
617044
382595
727771
41326
407982
389258
950256
147879
428801
433572
297537
250590
529525
93267
942375
310933
223880
337225
849662
575137
261442
541046
468328
481517
869523
632364
467618
333073
611628
96942
94868
271802
573351
95584
98691
864088
62722
188353
20610
358389
207823
858835
445061
279736
105481
474695
743780
375212
600844
951699
356009
37891
897604
815178
114125
42782
134866
347728
477407
841254
154752
785425
312634
172787
406788
353077
145632
259683
442579
632041
851329
123439
593160
579449
41954
786224
491753
416926
137225
79218
471122
374929
167856
614138
791427
284498
63582
641266
790454
50265
198832
428337
346490
552415
716981
208305
927427
292384
481423
653552
586242
514831
588686
77915
943025
440854
905231
234896
798073
516538
243421
504618
332477
549290
887684
469784
316432
473763
95740
30607
899362
348686
241774
505430
482288
913318
376607
315123
363864
306915
569956
406591
429673
267847
631724
178465
513557
315129
123469
606303
820494
365451
166524
328723
727714
700904
898592
630907
62312
356125
376703
988022
692472
554206
228044
204975
285888
167335
422336
265080
957146
935544
361235
451176
678874
40929
386147
909347
312295
83526
335640
107028
183101
277491
330672
986715
191652
87252
268870
422725
992515
537733
163144
127365
199930
77609
478454
650800
882859
430449
556988
962211
614672
333069
3848
691548
324050
112556
629236
295334
258901
984378
539239
911620
917924
839469
435425
11413
191434
414701
378364
434420
934175
894141
979203
849360
441806
683917
63305
454894
95930
880531
286485
422390
566781
159513
675111
563028
753411
4586
169773
971220
346234
32639
970844
797254
747086
657708
716679
632931
314999
471002
809667
769342
964563
672808
682371
738825
738565
226771
833733
31106
594134
813913
723962
612689
502495
96187
488754
150720
927892
637024
156400
519196
635385
249541
512377
969130
297654
998627
960712
643466
94347
677639
51377
560201
812484
116153
9971
398386
632666
178041
887924
253771
221965
597242
323249
568933
872785
293725
235863
137744
689817
661350
993445
518322
433811
198662
819782
296469
337744
675982
250931
213810
565738
754656
648036
91466
816197
737215
220768
556978
903063
138752
581992
226782
402810
676085
425578
94567
222283
577589
949747
200830
266867
971699
82967
670380
908014
137287
667939
861411
515693
735440
381982
708111
932052
894925
815566
163770
306252
280502
387002
310603
874611
740474
947050
557652
254664
7685
522582
627947
952875
805144
346638
359195
906152
922533
561341
794216
929074
263690
128718
314239
464921
500486
308830
794184
361309
595577
918559
127670
793389
370272
784509
843351
71574
560202
459765
380960
944987
346968
848920
529632
935871
350834
785241
668714
144399
277548
851567
139806
184311
171061
740266
414375
469753
117334
627344
163086
585282
165066
204657
971249
40475
389024
788321
654908
419409
671110
597383
389019
205946
447536
172409
448927
210882
572544
952228
974185
107352
87763
862534
263131
809084
994104
509329
866318
145164
497831
683547
284574
516555
459862
737594
718385
565785
934601
93509
171183
582468
360999
661059
948476
350768
266747
635989
889653
759509
292418
849264
842274
391741
594571
337038
589412
682818
167390
539871
408760
197645
639921
254844
442802
217843
745300
952881
454880
765160
808959
897859
566071
528973
26401
133185
208574
368916
579738
391177
209974
997840
777332
251003
523637
513509
976257
333683
103541
747155
615947
683629
259573
725944
408361
107541
712855
444635
164862
331030
204811
579410
211743
331501
862312
667494
218711
576836
514531
359736
180337
625159
317016
554548
761851
709248
312302
762092
609001
272431
246366
244378
479
318283
200459
400023
137630
815720
330592
443525
227082
858455
399353
175777
501989
500022
703780
39399
586283
879198
91851
382854
723003
484061
505414
730168
454928
550456
545627
672197
799150
653430
114415
299714
442908
367860
620700
868508
250621
302570
458030
782579
845700
559586
681787
565394
989581
569448
832936
802597
713708
464991
147782
147993
829825
441823
678752
826502
571046
853696
243693
357331
580985
828552
431907
631780
380897
338502
517877
615668
769633
184544
809340
748377
585631
278607
143736
988743
116039
426910
276494
751300
983953
874118
776457
922453
833948
385432
598022
357769
799584
722670
32358
783295
431089
500429
401740
604929
189146
810675
830436
509751
334278
218895
186624
290288
346535
962891
153906
737291
226000
507429
458349
522786
81390
466690
411411
950942
66393
246509
268027
929550
610229
7591
702460
117074
950138
211485
2253
172307
42227
803951
357286
469391
900671
763944
362368
331131
651932
749486
885782
202929
781025
216777
643090
340916
250872
600283
895546
844070
196178
56838
246324
168885
955015
124199
273618
421906
198323
361244
186033
901678
165890
696283
934917
516847
811654
166769
551662
968720
301880
935335
225408
9873
651010
918276
903605
561000
500905
485757
874168
724838
879257
969619
597773
812117
46987
112581
218092
493668
642172
412603
957733
366301
213947
136075
620315
958221
491294
810040
618074
975846
992441
883648
179042
233659
637992
511404
908583
448517
788860
864165
939816
238345
227488
46669
967132
796538
444282
520840
789029
945805
785257
616536
151661
583077
875371
224145
90343
404342
388390
675138
829751
352485
383344
422118
543921
162555
788516
701753
62712
223740
29849
399090
581222
623061
498532
140637
157763
135714
149508
299829
12057
365062
700203
572460
309484
455989
770450
215503
75913
197884
415398
583598
249101
973001
634539
962298
153019
769661
795561
237718
216247
567455
159475
328783
277098
633102
935129
393533
860313
992525
838182
672126
523406
585815
832945
927173
961162
291983
829358
73643
720771
943669
365309
873818
429584
828147
233267
688004
252394
146917
737462
457488
957728
301982
265622
890856
724610
446529
870183
640374
912387
995634
369611
823294
522066
686452
231711
147820
651616
364250
150090
600351
963087
228390
557662
117243
583631
615079
1225
559570
694682
997073
665802
285713
898196
36136
194767
89025
460694
163204
247376
749516
778707
588732
287720
637432
491712
302464
203340
996880
391108
917005
196381
750569
196060
885380
808580
164405
113967
870641
405207
760342
607018
122263
794788
923736
370113
765741
412658
38664
337966
888612
850856
902978
142141
137865
120255
924836
820563
849404
980183
32554
271562
992347
595262
688246
811735
959517
888950
795451
362061
227125
18630
857807
436198
578218
941330
94019
785618
973787
311975
604053
118316
878647
51670
891462
830845
648944
68879
601600
946263
779150
850959
953966
933246
683611
908176
317327
355774
494943
478989
197768
211124
504236
739960
783107
856582
377334
505803
25151
604564
211208
109249
894690
763534
53760
906172
584796
401640
811575
896802
50813
491358
799920
3369
266144
721726
404852
96816
71318
924050
639714
846977
146501
525700
266664
528775
246698
450949
502950
819060
687222
269366
631113
462331
609903
924098
973282
502005
593437
73107
584135
209992
579430
885960
334177
13517
938532
672079
7296
418578
194982
772031
828621
99556
645740
334331
98932
315216
825174
641222
278256
967607
872904
929508
749360
537506
598183
512875
577131
939960
318888
410868
94417
221823
940904
963012
807796
190731
238641
642069
679845
486242
814039
933298
355503
192164
819413
814043
427737
367935
68727
969266
437495
908197
731528
944620
939570
408538
989786
783545
165593
371721
22978
243346
895962
120684
637152
154394
525863
672758
438592
507988
573126
370697
998776
224566
492170
912260
208271
657095
240822
59428
971906
672383
325753
716905
60911
634319
771138
484372
724490
714493
187309
767512
541615
543534
925226
482924
72402
228686
813636
777643
764057
789029
69713
852398
511465
600855
73611
590329
528029
230800
443963
520356
622670
715502
