741156
683066
317635
855785
883764
81333
437286
640689
301368
192564
951785
743275
292542
177935
538940
856626
184785
164170
647556
649827
481072
683725
859982
668820
416687
730234
271680
876766
962772
790810
305429
442571
626640
589810
333490
342024
245884
80583
997687
844298
149916
354569
901668
186913
990542
518131
29599
801018
52029
208883
116115
492723
938633
125517
547517
508389
251578
1939
170628
857071
520830
283201
546241
457574
242574
184024
607766
276495
721015
597508
285133
14563
924504
418143
754068
100868
173600
255733
989986
990042
293916
276806
41190
500289
247201
372713
646389
265854
658502
651347
433108
827234
292420
191623
594566
590891
861863
322312
662890
371253
513406
611200
503922
870165
695918
663263
930597
212369
893368
661672
866542
697987
846861
774961
171900
408351
757935
486794
92568
817368
721206
143008
85211
804236
714382
347488
766427
563115
191747
922622
686275
196436
669651
241235
154911
247920
801651
284184
805263
190966
495249
137919
672703
164498
381749
358592
859338
224881
15291
846801
512
238956
861119
713419
382646
322372
359451
716915
931922
873954
257551
859249
747680
365482
263377
926864
89502
637758
882782
610441
429850
162148
323738
159587
516922
284720
538562
653009
183847
491219
672081
722738
774411
259263
977454
443251
480038
344476
71488
211341
543551
480794
374510
92577
709476
606177
48597
638199
702832
594448
256766
427114
453700
522275
324269
190959
496182
939656
169123
90493
953300
371111
37325
100639
156609
629729
756854
311320
834555
878317
965769
328168
208443
555029
626516
879124
941142
383431
24101
263117
562931
192963
487801
610371
538472
444854
134712
60622
930623
660325
280419
191120
870394
590298
673992
394569
572552
591441
474829
948458
227516
700864
32158
353198
755133
541688
861874
927657
266246
729843
812596
966346
682552
487080
428201
284570
749091
476654
945318
500901
98298
916318
318443
817863
254764
437376
347425
221840
419065
400546
790378
712424
345817
541593
734140
317359
874887
476080
639138
707665
740240
185932
452412
769445
438798
201452
620036
910923
267049
946173
296417
318148
432942
447957
715084
340269
693211
302761
565738
357635
786761
739901
582755
126778
687373
106400
622634
359276
778127
303166
697231
62582
357205
599594
484177
944192
159792
748508
550911
83126
277492
560482
746330
338154
324219
915629
574595
786804
676542
878133
374009
595062
720667
17212
852132
199156
814236
18326
373687
934200
299731
765593
166191
537677
762360
222549
596051
199921
328861
696532
489511
388755
713768
749732
563025
980977
20596
154632
314699
636509
466541
649341
617582
87803
487098
979708
527903
349310
285772
44520
711946
403813
324343
493820
50868
361953
126730
913869
458277
386054
707056
729953
953459
593745
238423
237044
314513
238904
81094
707514
325796
981464
280142
764496
755951
31417
945810
770167
199681
655990
273631
790215
499005
213038
155014
41404
47518
595554
803959
513816
985982
58605
592751
306289
231475
450722
764767
64809
542801
970294
619748
880062
845437
609634
461119
647981
883756
220539
153044
39242
279314
613767
114487
491340
946107
961333
271626
410627
266519
891552
847211
729547
890235
637833
227073
290955
769371
919196
258471
419514
445607
844353
7030
23075
930801
62389
654121
36584
104412
622048
99761
986192
757146
470723
133742
906072
761818
568156
296616
645848
668542
577982
341418
102445
7465
607450
986546
475150
876029
105567
713764
107104
233724
761989
490533
179549
109447
613156
366486
566411
710876
71143
627638
754923
557974
937825
864748
421915
939311
736290
348179
38734
580106
506497
612296
748844
582038
549559
62216
243244
994458
606625
777771
808478
166843
320297
457548
190268
607707
398957
382042
200922
384302
317711
386849
169742
718276
188142
981283
850856
197952
729826
258137
462033
926707
659630
698769
892697
324389
39610
50451
126779
795061
822335
161213
663204
502190
221846
695265
185052
987904
793048
730662
152726
600304
596395
374180
480549
236151
40090
686055
827971
247284
315095
747572
898433
943372
649383
785145
747777
83980
379237
779027
985871
634664
434473
597695
527546
763169
473160
5375
750794
518102
427096
821802
801143
685003
480402
881478
325540
149107
843554
769801
210806
319707
975095
912105
873799
881370
69002
461875
55080
732715
922704
272471
477766
15854
561588
22998
834424
537744
133327
963433
682960
191711
35152
167529
395515
771459
53322
881063
13589
625238
398200
843781
174563
570456
327024
158480
364093
376489
765018
258983
504689
946237
45640
393016
148930
958005
340067
972163
369918
70861
118035
815533
781485
200949
188631
608263
406004
956389
777487
765022
896273
37866
131607
720651
416547
89390
118106
612704
468255
559724
511700
897185
389915
58717
179013
884381
80833
124699
115809
421341
510597
634754
22401
377917
503814
517534
581245
881317
579147
210667
580141
830326
412501
844212
754918
768680
586997
882382
753612
20353
133242
582741
713902
115655
48640
52707
155386
803070
569993
852695
579961
269518
994213
581476
234154
455088
306120
547549
296450
842582
416911
148224
178812
542979
554849
376883
424030
495
903942
294486
308090
768310
66508
783286
551462
972388
65712
860507
780122
652894
550725
548573
453350
152717
478349
118001
576746
234935
326983
790120
147876
709183
579921
763993
100501
8836
805863
93356
221515
553059
31690
719500
49024
49760
987841
779922
280886
630877
489546
457208
825479
721021
658468
130804
601688
288560
848106
457870
480862
290629
856116
383814
872005
278907
124761
831825
849686
450717
64221
979399
424034
991432
507699
16489
612079
517699
753962
244198
992162
887125
505688
853620
803905
789626
579865
994612
931688
149137
636141
599906
955355
483527
652587
176198
948851
108595
110612
489806
980175
695360
516456
399150
730935
689726
167661
944971
589603
886045
588796
542686
606262
265953
662963
547521
455754
265817
680025
41117
381096
613846
173448
544226
77333
918707
604541
4154
988387
415645
997015
853562
220982
677652
334448
671964
289744
64349
868840
213791
364085
161312
874534
755937
938665
88522
494792
870540
683089
776546
726522
356655
699067
517838
561971
620285
37740
608206
388671
951069
27405
92162
858415
344493
847524
1747
821947
137447
806386
48509
965251
341530
682984
925011
800337
838116
587123
790734
143642
740369
879363
99484
228120
466302
825999
951636
772792
254965
275216
552987
455881
732896
884967
904546
819763
591901
431736
299595
314406
73204
732053
793095
468345
629877
630194
939232
206184
471254
795850
708538
39918
396677
927418
132228
525209
579612
870082
734540
876218
884791
956895
627516
250294
491769
873953
910777
10347
925516
722702
604696
338132
338358
177824
364598
602999
968645
139536
117572
462388
640679
69230
697935
625987
551683
530341
190983
868240
55386
953594
537340
269735
491224
930465
295737
278544
989422
51035
369054
439222
5935
161450
612649
568663
815041
501772
193981
105015
576121
248456
447989
211842
552453
67239
555230
906275
367654
734549
134514
888344
646221
169750
512491
570919
166924
481236
919755
239751
79529
855189
777475
5087
572301
20694
475536
452146
331373
288080
955957
887348
340744
624014
476775
668672
905324
228069
691158
713702
698485
645380
618318
787300
162807
891147
15868
787497
652853
172645
338258
158054
931621
167351
633482
929702
626872
40011
428728
85629
129396
287795
390047
589700
424086
972147
831703
151239
766617
984979
831682
135671
788233
85420
178608
348398
521381
799273
517082
128546
409919
5756
935746
392364
843942
134642
213074
232869
287203
197269
898603
656429
174161
263309
823954
578120
982951
292657
641191
146680
64662
265144
156801
854874
460901
683921
461819
256459
373299
73592
786473
935644
674846
318833
419065
957865
98236
352738
352090
814143
449887
905559
110132
2687
741840
843238
138578
73870
434455
574508
390435
364002
836089
42800
352008
948099
485998
444609
733318
282862
301411
880756
192888
434551
711726
907272
553168
218802
490553
878922
995907
79490
462914
969307
37368
349018
229871
18885
625004
943066
963992
771430
335150
911307
151577
132367
372265
778528
928162
237239
479956
528977
640687
609286
94919
876800
870405
978687
263402
368485
846629
926657
651776
308107
905209
788737
86283
79360
456783
871775
498876
507707
347089
103006
330324
483535
116583
957557
316004
974790
410368
694181
66248
332964
543099
953890
895194
528858
64794
347790
198087
654307
484790
586238
466783
457149
491157
327548
363496
206596
668831
837984
558909
519617
913147
252253
82042
451328
709895
688065
611555
817837
74470
30535
240853
758707
348039
717101
829965
417075
17236
448869
288544
761325
741146
986060
582188
282514
392012
244530
733608
609541
116756
703196
487919
316560
63088
112034
773241
809393
982842
91989
714594
286539
398676
198711
59981
755539
954165
888909
173231
52949
997041
87980
184743
786885
461982
57746
423252
449310
743685
162261
149020
422071
977315
906874
775945
60229
763269
472659
987065
632430
361460
254933
765159
1345
811867
928675
284264
13218
970126
585950
949612
326631
882952
697810
145250
329608
505090
176437
687711
980933
26778
192370
556002
754708
228993
150635
967051
146534
51705
908331
38356
327853
737774
884375
402037
547724
860641
66829
43776
108802
540284
739357
848247
480205
31353
447566
548955
963220
72538
803893
340722
46479
908748
139629
676698
821004
22798
375541
191296
788012
855105
662606
576809
832543
664843
333894
335531
25801
752488
717728
574402
155524
56157
888238
664009
452798
823942
737397
572897
8040
645981
335052
718638
97399
906059
698005
381119
234316
185360
643953
877249
692646
151859
359574
709291
154661
511422
610928
251261
643241
806555
461886
676733
814865
179254
253851
143441
508136
279539
620852
660288
667701
157591
121370
775655
26312
481670
91109
300199
959056
646595
941243
903390
522179
736109
178310
59239
64620
228491
549763
174744
742242
659568
560810
231821
107516
406332
562837
108412
390058
458132
880926
933198
440277
729655
20196
123948
793203
491203
294323
690051
296775
555659
838585
748266
143565
276291
539094
272083
824219
308906
443467
51169
753642
835795
579178
867275
9337
62864
40116
786639
682849
963826
105701
180531
779017
19397
192571
654798
344558
312824
369351
841585
428911
487404
372467
171187
499873
491365
140437
536344
114294
795327
118847
933373
952152
440906
571245
876432
389320
919649
919331
450544
959775
680236
107621
651560
541049
457532
214693
318493
289302
279149
54686
783014
228314
645467
347250
993595
596694
295069
404121
841963
865842
210169
124053
144094
715100
381661
940492
701165
224942
516876
245340
154772
274613
50498
7815
642875
282180
926447
912855
342118
437273
146539
587940
41411
137560
221903
655722
134965
418517
770784
280013
145291
267078
404657
822045
284073
574451
716825
328881
869801
911310
850263
85994
21827
621834
306663
593715
401721
110585
405449
597038
941760
87497
127763
720082
79644
152052
942568
759357
670243
845204
857975
308697
910101
213340
497325
770609
339584
120274
466623
294828
946928
837246
326677
458909
707909
501651
17157
888558
899059
117745
431187
596174
631528
240889
192638
33028
10820
805892
242215
547204
14281
889256
963389
201329
547455
127081
959105
386735
34752
321
38002
545931
749382
421656
936224
489246
648674
276846
426739
700517
966383
395432
788619
405825
6477
502713
419369
893030
3711
522957
921779
880131
279426
181355
721977
258557
305025
853717
881324
758651
291218
134832
807802
775409
967500
476002
732619
617145
429801
402428
581131
706413
426228
270762
589365
533925
641911
446147
677514
919571
288043
890484
120772
536947
866383
204841
749392
668624
451167
795830
549561
329744
999741
320291
229053
889795
535067
714638
426504
80264
11152
644993
59780
848622
700542
444701
156118
826037
195859
178032
803848
524415
122151
761410
478883
119829
236302
620378
562123
727630
474933
456756
122204
476005
85079
124426
614815
963170
956687
72890
683353
612793
277860
328995
609708
545433
545709
309975
299613
970702
97160
361681
386626
69670
384500
911329
446212
307382
892476
445475
27221
194755
924473
767714
473215
735484
658274
22710
187934
199488
777651
664740
922781
280852
879699
7662
372041
737820
417701
123058
836516
113043
48411
380104
699008
86142
49538
828360
389036
104445
664003
660891
691588
19028
377504
450083
904790
206242
964668
589195
869288
956956
751176
576494
871616
597862
947402
527173
872107
895489
718138
2089
604127
226918
543381
356034
789069
888374
349420
97452
492266
325673
559089
103632
192857
291891
177793
782806
784462
235242
359300
404481
790572
730860
34418
274195
725603
955186
72484
299224
486085
305946
108816
551950
574110
926787
9391
512942
614298
736957
286497
728961
405555
601417
55873
642594
461263
248535
960806
418850
631582
319469
110976
643317
943345
258877
26002
744953
702155
713053
507810
698131
588680
545935
131746
316532
86958
119957
651440
354781
229132
875370
279720
134094
454541
978676
690526
545989
505951
432179
703425
348563
700474
593065
963712
841036
148347
621854
683127
597646
240554
896028
843817
206787
829432
133101
860170
231031
662175
437596
759346
592801
676135
785160
453363
412821
562085
28101
737668
23278
281992
52139
754576
667732
438998
541264
94307
664594
490873
590353
753123
187073
481875
439808
552305
330441
512412
758520
596478
381328
567261
458182
128807
853077
174323
883601
86492
292725
772574
530580
158950
284110
455875
632346
391431
563211
843179
118727
729854
679054
58413
697248
839949
621943
343151
717480
424012
27826
112086
784133
897877
449981
334489
265777
625855
344708
251295
784850
78631
41683
453121
880890
357863
519742
717930
123283
268523
988854
324334
143552
652597
922461
206900
245922
324974
400245
386218
558205
166812
964524
590864
350594
528917
51585
665686
132020
950914
865735
478957
869068
556229
162733
193082
483540
848114
198442
951713
952
396831
584712
280476
530225
582124
731542
510433
341047
505937
899470
390669
487685
922683
462792
957063
791748
198140
314347
489877
9398
168837
641929
108191
616528
597869
765859
247610
419297
569195
579583
135214
594622
855819
871576
104530
389832
398948
325657
870523
553008
223919
301062
77372
383696
789315
796092
671382
503967
391314
164345
76991
271740
92361
480828
84579
785274
624332
355429
907343
776673
162087
443187
659176
417727
259471
968769
104615
822489
847836
684864
816344
711300
277486
219553
704349
117403
83788
459609
854168
536371
345019
223806
145545
111128
28202
232365
417709
882829
564256
495454
169624
528861
392928
772103
396696
733788
976213
16133
122785
871303
326906
22280
509542
63934
457810
777393
281709
629085
544821
346712
717414
935340
508420
3048
429456
24894
750523
44448
989530
770826
38149
161901
829693
775124
450310
960363
979696
997724
419295
48494
205952
800866
97672
308402
491151
626033
270984
420154
278232
940416
364806
146455
98008
806512
950400
784809
245293
613832
159646
515401
155093
221557
200471
910024
70316
836991
166025
729825
999417
964728
773251
24386
86384
378706
332076
792140
340438
375660
945696
470944
578158
408965
67040
184935
750270
517637
938639
22108
727683
540627
413096
115414
406958
750881
33115
326379
320527
618745
978624
377795
747935
653108
880972
100741
333438
857518
738881
624841
552067
534303
575118
801897
906346
866016
512774
535537
573866
264096
99913
865762
798276
723566
162163
557296
359083
961607
775652
160526
103742
123068
824938
60132
695668
534097
235367
234820
250766
452095
913617
835541
370032
779396
428470
406608
679954
626211
48700
844049
748523
711466
895981
919894
814979
290465
757817
673947
913342
974402
501864
827437
25252
319279
498334
794878
451625
899955
444242
739907
887950
65039
168630
160097
11102
172827
632862
638602
414699
365951
314948
760328
412505
157546
925540
436539
30124
49331
508700
737485
206209
201030
492275
609464
251087
309532
300266
934290
156103
852978
485059
363678
803294
12883
31357
367305
714243
236492
214845
165592
905266
416473
240334
54520
791216
628544
877275
296300
286233
870130
257109
44150
107024
223957
171217
958740
104856
275458
570477
308409
248106
702629
792841
963858
811843
732941
295364
59640
407770
641579
300180
743706
527159
431044
334056
674148
234005
808989
529
872058
760209
996526
358773
155666
204379
651047
788908
326694
337191
80760
695235
12298
295127
43116
558061
637058
484769
228522
694949
126753
333004
347643
359135
139014
372858
568922
691289
274845
515474
482885
354449
771133
638294
940702
944067
522186
85014
137747
871314
937616
317490
403267
99862
473297
287559
902508
484138
645233
864303
122942
791308
790845
669702
56663
549186
546525
650801
541357
862553
986628
940413
749798
517172
625521
883688
388911
666174
168069
325781
156010
936261
957884
690952
974137
942114
337612
778094
262858
11564
791855
901424
889474
737095
805556
433796
869669
377595
174469
296989
281748
203781
28423
477784
512573
917654
32902
685898
515432
666792
670364
695776
991113
548750
823816
701234
796384
661242
464615
755763
143436
894335
570960
863143
32657
443574
175859
856947
151436
996762
939131
704691
383884
526702
80316
867419
330300
575294
828948
615586
452209
652
504959
746886
183555
331287
457542
950342
12416
251421
180589
368065
493089
347117
996023
268404
66846
590048
610032
981849
96022
746642
354934
375684
413899
92799
205216
708797
889756
632289
778056
179617
499004
312821
111253
539227
975417
748818
968590
476277
252220
684585
808935
246682
351733
369213
525966
651618
935936
179988
516005
850275
162567
963834
67745
461648
372606
127380
50133
439907
891133
482994
152060
704260
619798
557060
286398
973759
858189
910558
207025
561192
376783
873904
438089
71961
848741
9684
645161
83313
64234
219327
650163
911902
17036
856608
577601
741564
893453
177444
153493
23691
149041
267843
26304
900264
996788
72473
957063
873039
104971
899630
119584
453480
495215
527121
271256
141288
276440
258084
665333
419929
838382
708469
251855
375070
306528
694105
865739
351168
7006
911448
844481
335521
396269
505479
526137
35373
20773
271835
719091
886372
208506
299482
251777
727562
804451
161228
182468
403761
849756
807918
960573
920549
470236
364491
963179
294797
945640
71909
829914
864459
905056
898810
824370
517182
637782
795524
101681
689230
758109
176185
488305
543082
804781
935397
366084
125022
403606
769128
723052
198045
907403
220954
726756
993048
398950
545857
278926
424070
711657
192920
377400
271194
486881
7400
328062
444116
363476
128899
817233
879593
271130
595204
962475
554954
892940
229474
866423
778542
871539
816684
676477
668588
59288
760373
66285
205093
122390
924217
804188
502252
371017
530831
700519
461740
927751
756190
701864
454609
163313
148949
448455
365814
750821
41401
710138
840700
543269
911452
286322
318677
493092
289729
738629
336300
425478
695835
137590
523900
283428
10206
267864
738457
578440
98145
768107
79928
266365
554268
732107
904639
668633
528908
566902
632074
338952
99445
943207
580831
378059
288411
894212
362963
878731
472124
697341
21932
95776
840608
563331
929206
575649
193345
346569
297350
38377
100009
931435
667704
358394
315952
652531
528223
639631
321895
532437
137965
930663
361801
820801
257318
507445
287744
214319
622928
537462
671578
701352
242174
718638
872733
359049
164353
784642
81417
151267
691463
788209
382613
980618
842153
48829
886862
228336
667334
87009
887433
43628
827411
588132
447887
579731
123565
367461
375114
216532
105058
895863
192219
478159
261855
142668
664105
891163
420104
682879
654995
949868
22819
788831
734048
704479
114438
811629
895743
692755
3280
115511
763291
917350
497650
762057
951579
74549
336355
608931
297096
676340
468774
398315
275616
820302
358034
143624
404019
475719
991930
21185
527666
406182
719201
599785
562719
794842
422157
715380
554775
744210
523576
448669
183281
15966
63504
944003
730386
419762
931816
501667
779039
315295
731438
632696
629827
826451
825062
935972
667731
965331
93335
629722
219660
510248
458941
723687
209070
570154
991991
232907
303061
600723
158582
636048
891820
342391
510394
899498
91401
9779
461948
321378
788371
541553
427480
9095
77068
813186
536482
168710
608438
888771
92652
943074
20792
207914
83857
98032
205821
310063
828493
368815
46592
835189
730756
632944
379833
656929
542879
964459
281792
957906
1775
945516
628510
368859
678161
915065
855039
110186
237232
185944
775488
87596
839479
732639
715688
841688
582575
232417
993706
378699
708230
974052
108865
519836
374812
324539
998077
500034
266364
521913
956177
745020
797037
1097
882789
59211
210007
755297
328364
955075
315816
23230
635799
150072
488865
237274
730807
206440
963365
919642
602255
785133
401716
256966
230099
918010
48326
416605
173648
75328
317062
978603
365615
800132
650356
734258
849492
880353
162787
501588
44257
653283
750201
772498
512823
410170
709160
283684
617093
206328
924388
313762
145895
249670
558863
828358
985621
213149
359347
255501
566451
74993
763129
523960
538310
313137
918132
833675
405303
849708
400293
826105
387471
266088
91219
850047
685636
632038
78421
147146
488920
327936
351889
610588
796172
968142
780010
281403
108599
595444
407211
976753
115268
864839
373478
481897
531614
743686
206821
960973
238807
259566
822616
879068
638981
76637
868483
792413
934012
296227
504886
270631
704411
451507
255469
599640
456396
66400
107532
772991
194703
234141
797925
786465
320461
355434
855286
829005
39582
526452
149530
893142
768264
890452
420655
157646
418337
530938
54163
34045
547012
523421
182947
533261
39218
341155
535398
690343
406643
740325
612830
542043
419572
666030
636166
431798
113966
318029
886627
171197
747032
901466
867261
364337
826553
408869
677324
211551
449434
981246
668043
846590
149575
809239
197386
787378
498648
364086
241030
818743
909026
191827
962951
465169
928950
815927
975792
144376
140559
353640
952251
324563
864002
598193
565335
645241
558012
748053
167577
541796
222577
831571
48154
840572
886117
357928
376891
668927
997303
59581
428282
1705
565166
731640
235673
908024
225368
786744
987346
749082
461936
399976
743426
343307
6363
801898
183802
978636
535983
584320
705955
347601
971084
111714
363233
492325
227307
658338
731038
287603
456552
128322
599145
257795
13811
783271
109707
341754
289383
243169
138593
739467
412112
181329
625197
292929
521999
274189
712110
702714
327292
22422
591129
156476
6258
930486
276697
397564
362392
87381
476796
128604
919089
142781
681450
368493
938703
235102
426516
604755
17374
541253
669978
245183
556475
63893
569746
498415
759650
569087
759555
249396
96010
56165
396480
745563
420277
289609
431713
382241
612184
546322
42407
84690
265259
356200
203656
18109
392689
968008
280684
592551
284904
643456
852497
827728
6007
5501
398653
234140
152223
623606
531823
392405
549498
83912
711024
894879
655443
862658
241568
353771
540883
847683
430106
274812
837443
338339
854850
64207
329787
533428
201373
471321
457738
891082
991977
727885
314010
744877
409796
568856
997093
948784
889728
368594
724609
324626
140418
838521
987212
372104
171853
610078
682958
631177
596032
775665
887762
852332
764689
966827
321279
56235
648520
814885
678035
115042
393571
410983
162105
661036
986822
181820
152408
572486
750085
349975
869576
667144
594823
554693
576462
649446
162023
170264
828377
876674
908310
125814
641952
76927
723950
95166
477162
778516
944318
124797
729166
217444
927049
758827
27450
255371
974816
799014
684120
107364
190602
385556
935608
260065
860068
188835
514351
902912
58978
581980
200919
416382
601890
504714
697572
269199
193643
771443
299237
891636
440477
494626
716294
856506
199897
2786
489842
874539
58359
526691
48894
140332
583012
303707
93076
189152
909521
618645
796396
542518
278635
814811
200403
964397
334353
932808
914941
870469
696588
396612
891614
701737
617793
366103
68598
357862
673437
119833
924607
411077
36402
11209
429780
176202
192434
967101
100090
653890
142863
226595
219073
978895
309727
644235
868537
137080
636318
638686
117177
320281
131648
652751
14354
88489
175469
443825
226
93565
37467
545762
221042
590227
348186
48726
299653
292803
891545
383137
60848
171604
633260
573793
136100
637680
914837
133803
639524
64653
339824
138597
762394
410384
85545
261906
355738
326831
257137
44053
395950
397403
524552
378452
102401
194284
469418
685320
952597
509646
543631
218300
725598
730916
185077
607194
618949
627089
10309
610967
44435
256314
534286
893683
951276
953701
295262
482221
404079
905105
124953
221279
849117
168766
664261
431710
135242
965259
656914
699516
377053
871186
535127
871856
360286
90167
181664
759533
841541
454299
226266
554513
580589
961062
33689
859946
173561
139157
318205
432188
817866
489192
473794
986698
815870
852836
252609
794263
474776
511724
845834
791938
623429
853976
31863
120265
616728
266197
809326
924155
633497
268949
120019
254959
889610
729770
359891
362810
401884
296314
278044
363889
420045
790306
280375
179479
151222
908317
319881
379029
192448
163666
668330
299551
504219
598331
410862
461930
749937
77626
328337
121398
826208
70474
597894
905328
79059
265255
346523
794838
399174
915577
890567
546628
371739
106042
926363
319549
831766
49004
7749
735753
104934
931381
270728
16419
764545
961646
97845
297202
568290
628540
504053
57665
359834
701002
457261
254765
815720
367808
898834
123761
122518
554574
287966
693617
97635
143826
419512
202526
614739
181153
876856
274854
921057
968720
526953
780273
608044
986094
308073
422196
120500
612957
266929
946401
789723
750305
82471
892152
355083
869574
793506
62902
686854
406228
231457
70602
381653
144111
80141
511035
72627
177894
425674
777022
787374
92648
537600
134658
271142
379013
536722
774766
11980
635921
260492
394334
984
688090
787515
832992
741951
767595
41048
711739
61061
330305
808336
710782
794077
266583
108638
356338
107699
304581
845153
329400
90889
663947
116090
249422
59166
833090
839925
352624
134681
979507
979643
424040
786382
188710
190920
816800
432948
237896
839234
286262
340143
387740
478807
706832
818495
29452
461529
16114
428730
415123
777360
191556
877894
443967
530619
537551
928434
190561
563538
242462
641874
930339
855157
403305
619926
742756
536660
415668
326662
354798
834870
776671
773869
660179
798815
600974
16755
484687
460544
551495
487366
538915
705570
674074
261554
498932
977737
348570
266399
494888
292122
512609
960137
392908
936769
119387
490102
895568
742358
321710
859600
913972
441308
206455
183146
244256
186949
360350
397027
543368
335601
437433
77573
597657
976373
358271
402709
62426
68406
660534
515807
789855
489709
31693
578329
458745
385291
695416
239086
788073
892274
828776
796227
662144
367824
357044
882236
500747
782464
588516
558591
800153
262458
150196
366035
362039
747794
276902
491574
44645
496475
92189
280122
706239
254105
20362
980927
805001
463560
378389
177403
639819
30881
617999
295976
89718
135207
79896
313144
580981
453341
797740
99588
324380
341136
612237
319596
763251
505619
992200
530358
910595
402579
3275
155114
907570
932730
853739
489213
617984
653629
746069
63751
116387
664383
632445
658613
717700
205129
41476
640728
256115
245621
158946
573743
827018
867191
849138
296089
405245
437320
147356
845151
274714
99252
397534
181491
943538
354373
173168
658528
872103
329652
22919
878450
193927
913887
19862
120607
273292
773641
54329
829472
196237
600892
420948
332893
439386
698863
411171
632353
316811
530702
546574
696141
272816
830392
231748
353939
663679
151244
225593
740443
648860
435470
76080
403526
373380
887605
551674
954136
451817
863512
797178
348797
446438
580144
904594
213312
402723
324956
723348
529247
433319
605814
201821
293931
470856
913343
649997
668055
989531
567768
87007
469990
390434
710519
816454
166277
621705
717418
539280
209878
903300
722848
64951
465963
25945
370452
601031
465789
254344
299804
643500
155874
927331
679861
326054
214902
322013
677664
683422
143838
215521
344118
785712
360935
616887
430742
90173
130675
475484
116576
764108
27822
888862
945158
954181
571669
352557
756175
245466
374740
506266
295454
905265
863637
277566
184369
698544
172804
253788
383552
817955
741803
187656
836701
99898
577029
226424
742056
321717
215098
193975
501824
442023
944163
462895
265403
818429
554612
76722
147577
847689
239011
789108
691164
115633
236566
67270
640885
694167
617352
800887
106186
875267
45879
167102
88772
362647
897486
188534
955477
393165
565534
951554
505202
291362
66512
351868
81352
371093
853683
718851
948164
889285
171170
636407
295034
567349
874351
299508
626765
819153
409403
554360
25292
375518
164327
842115
871823
297052
255752
955423
101014
522880
922150
621396
801557
247530
961836
230913
51531
522174
123587
411747
394095
417068
935096
80496
876669
687649
391704
724701
324079
990054
557386
3712
556348
693614
299990
627073
857021
92887
145177
460253
586036
206564
432749
364164
133286
921377
719529
520599
337167
10864
224165
609769
404554
391306
805760
697774
251574
247345
662866
411137
186248
93477
414032
101769
67351
515167
388721
433401
537752
989547
386142
248514
941367
649468
737714
916340
293055
958069
461427
951411
645340
876757
269620
997817
780849
339696
862983
811867
67415
105351
401021
567253
692023
990455
864120
380050
184578
379235
286718
705035
557531
869179
283859
592029
414407
545152
225730
645233
918315
835544
133912
246336
778210
428441
724011
11889
370446
521825
755486
516672
319383
370603
44566
15341
117256
564429
377124
235037
941523
696648
147149
485470
110777
880568
43862
660549
57072
868738
167628
270431
399840
653630
900770
122719
473289
581796
901226
71570
877403
595373
10608
771662
934550
764523
605232
440448
877325
406452
695608
627503
788985
440973
890426
62994
238185
346644
472689
658882
652711
598297
214318
848009
721807
955667
471716
146080
438073
640085
597664
307222
33543
791449
345831
979069
431270
669480
845254
109724
831890
880345
203853
118340
59151
505428
788357
18480
296245
263652
510852
784881
788580
995985
749843
696596
299510
71493
10397
631850
558168
773138
447990
650320
234939
662594
487511
264936
406762
910350
577455
304813
491296
309235
835696
287458
155496
889830
725311
527968
718032
353901
812113
455474
457141
152161
357566
112171
159445
277971
454417
471973
45113
126163
778519
981496
267714
586632
10346
282896
802433
196051
774351
529522
791792
975528
518739
441967
216602
778597
445665
506189
334306
482811
591565
482537
653897
92801
256218
944688
797657
887877
174323
15976
187633
682738
463428
200661
88173
297692
109685
412904
169151
549853
417111
441637
544914
570225
332290
529251
169206
254256
131828
634274
777267
494583
308939
867614
994850
667316
116520
634963
295494
208422
246482
903735
97244
663169
405593
972321
70049
182629
976402
423728
109413
420352
817152
809628
221654
846713
820150
106415
213922
918349
956924
612433
754383
517536
29531
917818
700463
213671
369392
484268
760896
985874
325798
376842
539839
232395
711478
340039
34818
120115
270569
437554
43652
450637
261275
894662
654773
536809
943152
901342
476791
392566
156188
58921
214395
414517
567941
903019
982203
249596
685989
209305
755513
30640
179977
918563
239121
684491
179781
7966
596570
873560
342574
684607
452903
395760
586453
481431
358185
969617
4449
674551
253011
545540
511377
185151
330680
716545
391516
594167
963065
732410
225790
46333
825612
135946
404215
681415
295470
63972
839818
629696
590498
880503
285441
82484
859696
458236
150241
410973
735915
299524
389585
727925
167845
187593
909293
570008
774807
263002
3195
966333
321155
969628
578868
384473
500667
847387
490016
350752
31847
131161
102309
61322
819361
44352
983235
812784
692234
990301
956943
936350
303805
580801
628792
939310
278685
906323
898365
889846
321341
614370
343942
361265
690201
598065
743252
972084
283683
142550
211916
536676
892463
