261963
930101
357090
829482
40645
873718
155617
495318
631972
392663
663226
874701
806464
743825
126178
317033
106357
518444
251227
846110
914715
777864
441720
90240
480607
753951
5434
107303
464064
334894
828878
264625
341233
998966
10437
670971
969092
966660
432931
576170
613428
37222
56214
107977
174418
793583
393904
470715
96277
378315
833564
16492
880882
672453
188867
915195
138364
153210
776355
229446
387549
35195
222079
773772
170093
968385
730663
773131
490220
325437
429963
521522
340658
764667
530917
953440
936409
870478
168185
785314
310823
8662
195129
324230
427549
482494
859404
519524
725430
815988
82481
96227
226942
985983
423823
644142
227324
58787
849838
68828
213772
96107
55956
269527
881545
407994
687251
346683
375719
360731
125770
732235
444136
156958
960062
899359
43588
100885
409267
600507
289556
687696
758473
781137
445744
731999
949256
412908
864478
77123
409982
237326
222931
753308
563465
471769
374050
288427
432282
884492
840528
931876
912990
880408
509605
144280
190037
514885
885857
702859
585504
288141
924054
477434
39338
577706
315158
956350
834551
777491
266344
307123
917011
456374
247256
643708
643221
691183
998827
577670
232704
731294
511109
257232
756033
721070
712108
459120
210349
853214
343336
236710
752253
631546
751581
435681
310810
153143
8377
928384
980285
675346
743654
824506
324261
966966
115834
654993
716974
818892
790384
135365
623228
201383
587661
695535
182273
818508
42386
42503
370703
126551
371741
716649
293033
179972
326250
533958
144835
368606
298474
407593
656627
704004
304710
802078
449970
782589
458529
178032
339666
121217
231009
916386
631167
937396
736583
651253
627042
536620
47258
543994
337261
210889
296235
602869
159001
632922
649007
696264
835380
229204
421308
821847
71947
746906
34224
923752
684479
398071
604138
136616
663932
513150
709821
420464
633351
896383
531751
432498
498801
197166
876005
228669
109760
984949
438297
512445
912084
954220
292503
919562
608520
329137
677664
10645
417087
191696
186952
88500
995638
239923
879611
462912
516698
829223
246875
653828
681386
727399
950820
963701
78305
890455
355455
827575
469852
75853
707388
903497
126405
945230
694998
624923
904850
664293
993003
29157
86232
847934
35386
422058
347167
102520
594449
528280
505021
363837
723274
254225
382886
53819
698687
557404
182724
271135
448123
939188
868403
478493
980869
345778
540320
896649
393874
466734
334214
360969
546122
388728
493977
996427
446025
208321
632198
241874
261050
354578
911031
419057
966291
734881
371432
409057
892822
982904
105762
7643
608726
802147
328711
419981
683842
655837
350531
223695
82378
761053
538548
627317
202380
143044
601869
459622
345880
412025
139758
898339
773903
780932
447158
273837
999307
77670
565302
372192
993374
412735
245487
725717
555526
576207
38212
339283
203333
317031
334492
735085
103765
580215
920734
448105
282196
952412
954150
244226
715489
324174
954533
285830
130245
913327
73729
134329
727522
335171
551552
194448
281011
13883
604232
853639
623616
349608
108416
65994
897654
846652
889056
296395
996580
212098
652241
921737
319761
775262
560853
872125
315482
182984
10802
38386
172785
853852
670488
853562
721352
91433
630246
665985
556141
77409
109261
927923
294141
517055
202511
37581
821625
991683
657082
59457
109308
373065
767237
919293
362056
517661
332027
433193
915301
606210
388841
635083
521788
550450
130224
440648
200835
699201
409856
761781
891080
110090
631748
568398
302114
687368
966719
116926
86960
288524
766914
558298
572408
201262
484419
472871
737767
465967
41811
804692
653830
798191
831487
14866
192063
212746
444189
978313
731102
811296
860793
741734
989406
383272
313352
169090
651948
521019
632920
225806
817154
92224
678223
265445
171376
665847
584381
808227
732689
279583
966267
10595
242895
633088
745515
563423
932378
298039
682665
629906
370179
382959
723448
295853
199798
416446
329018
935776
122194
524784
653631
532831
292213
965423
346826
620619
721249
702376
366507
476398
601479
789372
944814
4262
709837
384320
204097
950321
151604
455397
951158
331335
868294
211330
885991
335416
222444
255820
500921
221905
263326
488306
724049
222297
518314
107131
746862
451407
38182
545244
915064
601328
889892
557954
808397
233457
284428
991442
673053
750498
30180
229060
632158
930751
743445
786664
189236
330293
582804
148865
571115
936502
549262
529096
250849
51336
247548
82064
815057
792879
636428
908357
593554
501532
529698
195184
239705
528922
75524
774780
217026
117363
99856
2791
97682
794314
585065
777457
739804
286316
778065
730577
483839
777017
846014
50373
287637
16380
983567
567171
77099
686407
54996
198931
113160
81904
384541
698142
623892
645934
638415
686309
335269
41363
6116
972369
670414
274510
403930
494451
136821
776064
938169
142720
948550
578679
981450
833493
851883
467012
316093
314507
67012
326834
34239
233372
328211
313352
556128
231118
456688
484854
949332
475187
2526
400693
333625
32659
270123
473023
75705
759135
173207
779757
94715
838819
859227
923814
536266
251257
769191
465737
353392
508430
16282
984722
202371
659850
99278
95483
971696
307576
653615
848722
522800
19051
51420
413257
490364
206092
76128
540664
404146
861298
496763
360986
435019
548304
951934
505704
499977
586546
860649
675865
830138
367000
370894
25442
46039
530041
759689
36058
403302
915815
660827
637803
304087
80385
805141
653025
717512
412931
280656
799426
62164
704074
127715
564437
334306
223181
765542
235741
174395
724103
777
448688
62863
603205
460511
253672
12935
318754
48307
535826
993022
142722
283302
911977
470835
796784
895594
551379
706306
819197
278619
853112
206967
277304
584463
92906
239912
88720
959194
17181
727856
99735
57112
831626
311198
308474
827785
146828
974762
311383
685204
722538
347312
318324
950127
9315
336725
637954
831188
246226
250738
354645
545868
988465
651934
490336
144895
620717
918877
413573
784407
57741
882365
814806
257951
812482
113525
319010
534137
635167
660915
920685
883922
449626
798350
473516
41944
713326
846633
448184
39928
600539
414866
159611
485065
311645
512014
63018
43052
159679
880098
245808
230644
791053
919080
768798
794319
654772
26207
808983
316564
691839
693160
258757
188107
293096
263900
552493
169294
748849
599215
78376
144937
435012
469108
450474
312853
915195
968960
572291
726463
335193
603423
24763
460666
998334
508709
235059
360397
167877
761928
355099
439807
3286
206223
809780
229510
739623
884329
745136
393860
244089
790059
376030
620933
583602
509202
845743
970364
596843
644366
777781
276049
24324
391411
359644
465703
256160
172844
623119
818658
317442
568458
245690
450571
382728
614923
107230
515033
903619
776793
8470
717303
984237
861878
662314
680773
827365
377117
755923
636313
859892
552956
485358
710204
982938
819999
37576
366923
504773
599490
261843
143670
458361
245324
230338
562889
775229
914758
434258
185572
172546
694717
355887
347864
590584
344192
474554
322702
359258
416943
135486
833372
889243
138385
200468
461190
731074
538115
333289
421544
748317
490499
851843
192582
608194
101233
813429
727385
579251
280288
97782
930437
72836
787139
496673
650017
546587
400939
80044
735847
122762
867338
593845
508428
645534
819385
605710
414451
138970
749914
365179
146084
78052
630275
204331
637850
518464
492769
411040
792422
173454
397075
820656
843016
87511
88272
953719
816700
965464
397621
30001
766261
341733
632676
816469
211743
286236
216403
336767
843226
949098
345940
849298
943652
254169
435937
251363
89372
334497
667443
525588
201425
119161
711682
698543
980648
772885
323625
498558
142063
945422
547635
375775
928223
958088
642397
693451
575144
94652
206822
393386
357746
837987
405781
87665
532009
83018
319182
18460
444121
19910
89835
341171
723075
851691
259768
292594
202513
43375
510780
106426
218314
889970
297525
133530
251868
794427
966003
247638
883071
730519
673844
497098
364353
267445
719052
893890
357108
180694
715124
645417
579920
661712
251335
667715
61532
240074
171361
724449
372905
162738
527628
951759
550175
540260
730529
253132
504452
600118
231894
212538
523979
624839
692721
186349
88712
895948
563732
704731
129346
658524
899439
339555
598528
778210
318246
156802
738584
253409
576208
179543
364747
740718
731050
816494
322307
144111
705609
360398
408245
331782
13689
802308
475330
105088
610641
891268
792362
510251
270136
332953
388449
232081
879232
617734
139176
257859
67469
73862
110418
869512
70034
673565
382998
727085
802330
861700
402070
585422
171903
960524
38910
804485
189595
655824
755752
233226
425983
271618
836747
734592
316172
915770
80716
312735
223995
583473
986028
832670
393995
87563
893260
498844
703975
471719
498247
736508
244974
678307
432132
718749
442301
855808
82042
799301
677832
753839
493015
877819
94181
808435
638269
122162
793387
766179
157045
863646
279952
471266
581371
17952
100800
564485
274162
496857
871548
951632
829987
224299
327374
230729
83114
891620
382418
949988
285719
9605
918836
577081
164816
736711
702082
885653
694831
20023
661481
517640
943990
616513
237838
780478
254928
284813
24269
337691
205849
603514
310297
322758
210371
950807
344706
647456
931993
212776
974071
495063
392331
284806
426306
340176
130256
327419
518679
850931
821794
838844
439731
793117
624896
378072
463026
229893
420726
773711
413816
843038
114482
962486
951448
996202
54987
730964
932057
366275
150983
214796
807910
714920
119598
803831
393495
508755
336735
134100
416962
455895
421412
184478
824876
915088
854032
176508
292037
274846
502653
51453
807817
233332
354154
203431
380652
341650
235310
921468
509257
189620
99070
365059
900737
548154
352925
106640
330093
894371
157299
36245
893162
884541
656625
55739
884585
367176
870619
613979
219072
534121
535444
719055
365226
103389
934767
844880
465380
922300
950057
85423
817814
589625
145559
825178
206190
729725
68639
491265
459628
641580
275691
177434
552816
399261
804781
689581
41111
758015
726164
808788
51686
466121
443230
309570
990386
248043
883847
898676
959233
572781
517072
198232
133829
604820
506028
671419
783187
461796
749032
643300
886543
108590
723505
852963
873881
470737
770799
186958
70787
705355
569288
358886
407035
337025
998550
94900
622078
182450
350268
264431
533964
286199
603352
218431
734014
924011
526651
707412
960009
448415
371530
683599
664179
999026
784776
605452
64979
625497
857781
910384
605877
246694
78994
542579
853537
409034
192871
138928
492855
742957
499440
414460
784582
805211
261701
516553
832767
745135
67017
23832
488618
101857
373145
248085
927951
938800
637605
545031
860752
95971
249799
579524
371616
538939
96841
742513
176031
866571
614929
392957
681137
554096
494885
9407
158890
287327
950798
140819
518019
368104
953276
510545
322140
227465
973790
291315
988848
124101
897858
474230
387023
367652
675592
669503
613453
621913
271542
734662
341842
132910
93930
199459
217378
754405
998156
506188
483126
272805
498129
471668
348004
757398
355945
47565
440081
425204
253797
881018
221411
475245
639010
427903
400294
531824
646866
636193
777383
305907
536048
3183
398866
405372
420030
518642
916837
177152
447903
205557
940053
391370
290606
827137
367692
340961
545612
907013
987730
25301
66034
433215
27280
336371
421886
844471
284005
573090
525130
24085
80934
179500
395911
691283
214444
750561
924520
790926
853894
688814
727665
753738
948695
201894
723850
174979
859866
632831
291206
305002
338406
752659
320809
505259
697810
43059
749985
181611
636098
285209
818752
190460
591308
342751
319614
70115
514640
336088
515328
574393
486894
875306
661644
705135
806373
886430
257204
947826
932369
451851
819777
372146
383691
96221
85373
828054
465646
117259
196306
549461
784588
978057
775836
856090
730837
447267
697008
673170
590336
166859
740338
990695
836150
95082
30226
485379
952868
914865
77575
106392
966198
970791
916407
701700
127062
789268
765672
940163
67373
674495
674781
358411
697451
343122
759662
768919
349500
390901
653643
405615
926587
542256
474039
513840
900295
323201
920926
587333
34577
564717
985755
282735
831295
500279
454623
452030
950918
103290
236615
75659
857781
410622
753893
341908
581904
621068
740519
434827
608794
445625
258266
274258
37615
153596
173068
816870
483026
64703
642367
141918
752070
537673
291441
154632
833048
550313
455155
721057
908703
577396
385553
63839
714212
874512
903679
531150
872920
53482
478544
50954
501672
477283
107773
404200
969301
293420
602474
938802
629815
538097
413122
626334
832106
395888
126734
132195
106172
749001
956475
637746
774330
998638
380845
603105
750725
531891
998628
102083
583879
937640
400437
310767
206260
52445
324052
425111
361515
641144
966396
82193
284694
413111
858122
286552
204662
43807
540097
105146
827862
171668
818748
10301
408607
764609
640897
281318
369009
200626
928864
339016
925655
797541
414941
466213
877083
426133
242791
553239
393421
517675
892953
796312
808354
243481
757316
927300
495950
990527
427784
527346
606355
45798
259940
783711
732497
399251
812549
26659
260353
913013
712004
750667
533402
455905
694696
709929
447204
66467
111281
648885
783466
302308
873925
618765
998451
434327
671857
761349
970274
552569
385826
492191
11373
166592
8925
418886
422490
666835
701004
40360
968797
15986
797369
481928
893659
956217
858462
21866
301461
279022
258242
270346
74087
892556
281937
288156
558052
734869
651610
865971
326431
301088
771476
511551
815957
580059
589903
92197
490360
406893
802465
302629
394994
350123
978477
364755
706522
241349
810789
947888
769325
230607
543057
133565
880244
39185
407445
543758
701640
889710
299488
591124
386121
298594
373669
398517
622006
327216
748796
610501
262907
742340
314636
325647
933354
18235
572141
403286
47677
502669
302214
54629
23203
59889
814569
257852
981836
456602
718719
397276
153388
880389
583850
987214
709859
381742
972747
425422
931755
341395
927140
876807
31906
987058
80519
564155
830324
411571
703801
128367
62950
806646
260964
641388
642446
923306
758579
557182
247970
627336
185397
967832
960151
974894
504629
298963
657504
699359
51338
143345
43900
631026
69405
750959
413056
791664
789591
369868
763557
271187
552422
499279
942460
429994
9718
178657
85320
713182
679527
57410
483684
28508
9564
620104
965455
215559
889547
441116
607775
509483
617893
694978
81121
260015
13777
250648
979998
541125
609552
855907
256025
66004
330654
896239
166342
417264
72539
122714
326171
114222
562801
641279
191626
784926
28257
800122
253037
886507
286136
890397
439148
261618
294905
373604
222503
992722
214121
235680
721136
427676
988481
802322
463318
914345
828831
686524
586129
890960
610076
476350
734473
82827
456900
19863
476261
673880
10245
733813
942257
372897
293423
911633
949909
257860
380692
455738
821643
212628
176853
681770
936411
734673
610135
211362
198448
726725
999631
729028
937072
626851
657798
35920
768160
821936
492609
269362
109229
798203
716473
713125
449714
834283
581541
677272
32613
799197
990589
943567
878124
351025
237246
376474
653027
377822
467147
273003
630559
438203
179628
614712
962615
747740
843013
188697
27047
967061
512839
851671
343395
861692
721523
960401
903077
950510
461560
553508
602650
222072
8940
138987
809406
633523
669458
655638
27370
311241
167599
91999
594986
893963
965766
574724
737114
630567
985483
67038
104933
262209
45501
790153
759293
485335
701400
322133
246303
67953
822619
839922
268490
879110
586048
751487
710379
306771
471836
725616
791549
387009
984172
145008
441415
558039
882084
127721
446979
670080
345276
239845
219387
767863
775257
643851
968554
174421
706821
986372
901544
927920
818738
238367
532410
797517
828046
841404
416902
50819
720219
660830
294195
783468
566067
387679
755599
74839
474464
144842
519417
585848
490812
621151
655801
468616
323710
137398
308535
547035
985472
387325
801825
930899
890003
453618
491666
854197
889633
58425
467131
897190
191461
367517
364818
359295
259837
488556
626450
784983
3733
133677
736237
643515
559486
220765
232783
524840
944136
148738
881659
258845
756354
7822
897641
867000
570176
919472
747770
882342
532012
807858
452725
339617
645554
533041
652893
156908
756495
705010
721454
336784
215690
425806
248924
728932
418153
553361
127750
887198
294985
616087
524489
93441
865300
456773
564273
854705
478969
179497
822322
102613
804368
744092
145909
961427
151204
719478
329073
347496
438476
587608
614399
790618
744285
377618
635642
197195
802333
356488
804962
427542
265441
894949
609855
488787
608501
938009
887039
5644
735493
623597
997939
715951
882290
836606
337960
258292
956764
571700
743571
644828
198984
672407
98091
520496
945064
776727
649349
637138
354694
967018
972505
495265
951428
562854
123611
300578
349351
479578
129520
457862
102037
876707
247394
88375
682852
173764
149359
244074
232451
769570
487147
173973
904752
882285
596669
671019
974245
671441
245690
834432
316865
945274
816553
875222
82797
480282
149407
863020
791310
893356
187227
675224
309607
568180
914295
559402
339849
616768
136137
886535
215617
696461
218090
992334
546231
893780
650077
530189
401726
586886
482595
625867
46873
382468
493140
324272
302243
139612
247070
113680
271359
683570
270135
423758
223424
763213
769808
937392
820207
563620
700953
690677
302429
116355
559634
364741
988617
73730
943175
81899
248524
241449
972470
37715
76817
818932
532582
477269
387912
351569
710316
343455
769904
264133
241023
691219
359398
623202
42070
190564
24920
879005
556092
363520
747048
495913
775113
802928
930299
146579
493889
526930
460248
228798
787106
530909
400535
412702
309699
672964
707478
546742
478846
162834
500990
276268
977399
892791
466097
542152
595547
267131
208964
144394
39923
95402
761828
12228
548738
556657
965630
317988
960545
581134
936854
320580
172062
926933
173260
168177
442309
744571
408351
210657
786451
219989
686629
652118
597110
14081
412004
423933
392546
219026
912659
123760
932499
613659
673992
641440
630205
839708
114025
218862
158083
648055
954260
571563
373394
60957
336222
506653
693501
46418
672902
803477
327620
579484
435733
150329
781033
696783
82238
883335
987973
889535
394593
570750
865988
640586
391481
210571
223746
326826
800986
603361
234062
148173
180456
728963
918662
388898
8495
993036
606756
445722
786993
587978
319827
812441
918166
635400
686811
880681
597998
611199
183721
36501
351554
280289
228573
823740
237053
274952
770329
744248
716154
223165
956400
902756
704591
493207
195775
686551
20242
296824
698239
590040
404312
949769
864646
359175
591827
918620
678670
353341
625558
561757
455437
809552
716049
898060
686154
495911
807465
62222
500114
358514
605883
95310
819513
742703
299901
793796
865767
844880
937811
826993
762718
380902
980752
155688
471550
226245
654959
45785
889012
184388
408911
351244
312223
785544
298544
301396
95071
93188
64285
37133
143988
600735
79816
270319
562602
878989
545912
159758
799570
303310
714615
259586
847826
709615
182230
101496
677691
225467
275869
789596
4924
976566
988954
308810
420431
144763
760798
330407
974205
558470
19590
40898
842183
588428
288340
936857
8123
477841
697588
62529
216496
781794
431023
678578
610048
179495
917231
882303
614206
898325
28015
44253
938962
450448
910696
608654
302644
95984
89025
989854
927963
982419
732824
655516
552004
594853
292045
345039
230763
184982
846860
150506
132863
95053
959896
483622
441302
837673
906766
363129
5015
853660
41398
954928
88594
528890
818116
488511
736801
209033
368116
285596
147589
703627
629730
190900
396506
271296
77766
569332
829723
80031
40434
850585
567568
512757
628564
990343
807835
958166
186582
809177
673925
629068
75369
5915
468484
391944
713875
346864
13774
628373
623207
347364
762781
506043
931602
773705
987890
644719
909101
593100
80107
874371
281868
97638
543642
209400
655335
209813
589321
672593
483060
687382
550700
290350
444441
284706
852471
543753
636664
209376
509163
575763
815329
165037
152484
342974
574779
424521
236158
349522
104552
35076
512188
163516
909330
537071
43752
919194
487420
126918
620085
164160
381383
299172
274725
644852
428307
588114
429466
547216
68879
765616
619592
751775
8459
678974
761091
422872
304746
299213
342844
532223
199071
476105
53089
526474
871624
193788
227499
50358
506786
312788
408938
696201
242242
585007
513576
406863
162258
31126
613740
23991
514545
519220
95931
279461
661471
629512
534704
109696
275823
976398
521708
219590
835592
906559
856423
200993
285010
140284
216985
502617
19049
349865
105120
323859
912431
352258
550695
613835
83471
332478
233076
152622
993350
908874
655730
179213
706493
356353
938586
687031
656876
597722
833721
958091
770298
689337
953600
282485
811757
12615
385741
825456
23047
55217
36693
708663
845341
674081
953794
953865
702437
41119
377586
673992
35850
853961
563797
158247
659965
210691
543922
967601
338133
450963
937999
102838
307379
14288
538803
148271
1431
504771
636870
958620
155962
480011
182963
768798
621129
581588
601427
317611
383590
437611
911522
519415
787277
443437
298852
298711
494144
264124
928585
466787
46249
220825
949881
762061
934647
919491
912703
552594
83836
745386
505424
3219
734403
477522
876409
842913
516809
14712
928239
897493
701788
267477
853013
730056
658463
676977
763683
614806
931107
235979
426279
888340
553062
943222
488931
604054
705579
538048
69469
142984
145900
899478
590465
95835
821936
281058
601193
259042
356207
554112
690164
169740
684596
384285
175605
46313
326723
192114
960949
980237
571999
599222
343546
891611
468728
172057
364596
251779
563088
238344
656277
514414
201682
523559
376623
770144
55926
536992
619800
874796
698326
460152
627795
852525
533812
959719
644361
965895
163444
456611
328225
821984
416190
716079
61981
703334
476272
719892
105376
953068
384076
599410
177826
195699
253097
583838
46266
186880
149697
636320
582415
790800
97489
773903
150961
312437
124663
744080
99801
549604
158420
181683
974325
836033
255822
838243
764014
32077
945848
101864
612446
469628
604681
205037
615513
210241
655035
407676
269989
912888
778339
607024
441780
599708
175737
672065
159741
441896
44439
568032
815196
672614
114330
598455
623136
656182
857606
752703
400940
701439
636171
23838
182412
102956
281733
187567
467814
364167
209019
411105
441714
655410
448115
97043
627520
868898
732168
593895
398333
11894
421886
148625
692371
696970
278996
446809
311801
890606
521288
197760
49423
358402
566800
425378
820522
116168
43661
164145
239699
215362
450069
656689
212562
893473
499014
48890
247855
565540
809563
456816
617683
310509
8496
817425
375423
18272
789815
384389
211123
28970
603189
564198
369887
716732
959019
685217
825885
916065
702758
450929
211074
39392
58521
737149
547701
446006
828852
590389
521344
36956
204206
602218
282884
711743
998795
909759
929703
907511
403446
932760
599308
493001
471631
12543
204269
735299
756410
689321
267887
884741
212820
875609
111728
524677
695991
396734
409381
492844
777699
143783
440428
869423
791837
605065
910963
502124
504147
144828
336798
898695
994487
596117
370371
745135
65117
359033
661727
489814
21024
505730
171875
72731
477241
452077
305880
578731
222607
58405
609654
916367
698497
204353
556699
577467
677776
676408
497184
917586
828605
422639
527651
732636
123003
287040
367294
878944
470666
365177
176893
188854
600415
366601
73303
721338
928768
631236
276173
512105
307871
917458
846126
614224
314513
449632
803069
829331
766744
912053
364768
766494
255530
65106
192984
497074
48014
833242
388017
695229
337785
680558
401713
509016
416938
178256
509574
998906
365766
186870
569681
709482
621426
262251
931009
700409
386117
272032
777399
278593
453861
479373
194362
138553
158657
479750
912612
593097
58017
809456
447460
400585
258843
206481
286954
930191
427623
271469
366017
105304
621484
919525
643177
206718
602491
107817
395774
743082
615444
257475
483726
704788
573594
312353
226138
73704
309529
565034
337690
336829
362434
470858
941379
300287
436081
399637
998364
280148
684742
951932
223382
460926
431159
782765
361957
671654
617614
689794
127271
89395
498018
977501
952833
312958
868937
656766
751119
607319
293062
346281
981475
466979
525905
469923
329965
20304
458936
234591
439589
708543
716501
222671
904384
478602
521105
401937
198499
417689
972777
249635
417742
270359
773925
287562
932565
711218
926697
603874
778391
688152
318387
823757
874694
321866
228911
856489
316678
756891
506923
536539
584430
789390
858745
916400
761276
889207
971613
210117
371763
466382
281445
263946
750016
9152
631793
122140
981306
949763
472576
347512
661487
121411
792489
463973
945729
704154
421901
874853
998368
179151
12019
205970
580980
768954
804006
894311
833452
968491
628161
675856
656015
891669
757417
640976
252763
356626
413729
130340
910645
341473
36550
758299
401517
798413
821761
172239
103195
269784
331205
80808
403531
907679
53783
701929
302547
816368
502893
385938
522245
509967
650615
897278
435182
944588
848776
957577
214755
262431
105534
280360
111923
495951
516313
760544
352159
173144
439491
909100
24669
945854
493055
657745
286423
638607
60349
734958
911336
757063
995502
302499
679794
575611
665962
807826
20732
488841
924052
577256
49393
96556
222920
428228
651846
902169
460067
403644
732257
609300
515316
751340
154344
879774
976076
398721
317547
80404
741679
337624
285618
172494
76704
956411
28419
601000
74008
204870
427915
728853
875552
296888
12477
149817
197841
846958
716623
694238
152386
953221
804182
52631
144816
178983
838141
917308
550461
925163
31214
727344
777380
983160
32463
720126
230085
519076
890853
169657
425514
299639
117329
555162
659503
668115
502828
579897
781790
949309
785446
243926
703958
679313
886468
890293
435158
775312
869831
816679
931429
170733
147720
551557
426497
701525
897777
473083
977427
848975
172614
546259
519148
801016
660773
528825
899677
408192
454136
909983
36620
72802
362031
492447
22418
127572
483221
515866
637600
997233
924047
838470
629533
22929
208729
498740
222070
88012
598822
400544
644933
136081
288840
328940
433559
549322
234349
899130
567760
572179
113012
69345
846020
576519
49431
431848
946090
786093
99294
891098
676432
841681
687155
154230
984544
860185
757202
93042
207465
768556
10482
201007
440387
69431
629104
574711
851920
298830
303693
848749
376845
372878
513002
148870
935236
930168
249309
580448
418049
373077
163014
931768
771709
446546
911730
832175
114666
570447
459631
101424
30683
220690
485435
405127
195853
568012
880354
168220
755961
40993
935211
100473
183222
837949
97342
40432
217521
159573
671991
560061
334343
373227
42471
687100
454779
812805
73266
942201
135625
580742
473553
886339
809137
251330
501924
54434
82435
480247
86561
331085
381089
668063
373909
203798
438128
364477
20545
384713
27428
870688
364234
138898
707575
369863
113576
887335
426705
729591
967533
915147
262385
33119
717432
442123
40501
241155
401259
127840
980733
532237
409278
80227
902688
594651
939757
645487
933092
328824
982259
674371
129060
609289
12300
784488
793241
950926
337199
454285
184779
264691
353152
323324
97295
987048
499352
260107
827545
593303
101192
879923
7728
781473
673600
581056
705301
853646
335960
415686
345448
989599
325152
978838
330272
843282
875013
372551
124747
536384
879646
754728
116108
630096
163741
487946
264424
155544
862996
765886
670593
17259
858000
132943
225477
756977
861252
761071
69854
573710
588748
465252
808332
201845
213998
297038
138491
233164
862206
498683
457480
370253
521330
628708
558936
360004
103316
703954
172191
605352
398978
885249
835096
322546
508912
938032
348764
899266
727106
640478
357387
6688
298062
716452
435844
870288
275331
807743
618710
396321
205850
48293
65373
621386
364816
850363
563796
112880
958775
710381
64733
785637
289905
426278
551799
67607
728736
373372
81976
165683
174618
546635
380028
750904
450770
454430
160484
709363
693528
628179
487113
284110
574516
464799
133755
233082
727885
317704
502121
384883
821789
675587
694050
395023
559051
858485
229691
546703
604378
739817
650062
97400
932784
624279
690584
2038
558482
195123
173623
466106
569938
673199
660859
714828
777099
899422
760417
953916
137711
960118
668251
860195
845925
822606
278275
841439
13214
376334
408969
550861
89984
44589
325695
352115
453177
4983
605956
880222
300313
547125
293832
677819
912635
203967
530558
115565
671735
775990
718233
546658
386184
342528
398108
520108
509111
25245
622956
784294
502654
448128
646748
278874
417526
496094
555131
966003
63601
994220
950299
441307
17972
219075
180347
890515
110860
789951
590071
536688
366950
812409
543237
771650
281312
135024
565561
27615
510424
821002
542724
200252
497940
685486
42399
427421
987984
351462
917537
891415
377128
172086
419795
236012
78983
236485
881457
776230
641351
72662
304615
986217
483015
823823
632503
456212
772917
599064
20268
732361
802775
155236
976910
154928
283222
291810
907741
886990
444780
308438
750370
616129
382319
674168
4536
383972
718303
654820
12602
831441
339835
783562
471810
743118
427414
897023
623348
606906
9838
885270
266430
238700
181253
266251
156959
40109
671410
673367
548886
464930
325152
520256
721926
573389
579279
791159
336511
277058
870544
690620
943450
620422
357012
726667
787015
693297
378181
330816
925456
585482
595152
357286
510081
471567
882861
196188
619445
669105
148008
798764
110582
83606
966924
67499
826209
192524
564155
874488
863814
982507
944617
191779
430370
904657
818148
747733
7235
646662
242423
676840
667090
521427
774815
889898
690667
995501
952247
669957
112296
392725
349645
209416
344492
401603
826277
253909
538346
205159
276776
577483
192805
439686
732747
959039
487434
176925
788464
735076
14134
249362
608246
678711
66013
992173
496931
328700
727261
734131
570408
195864
41630
863481
417110
558492
330271
871053
593654
217494
263704
825718
435252
225180
131535
710603
841149
227920
961851
469198
421232
506236
185872
308765
119916
113786
117368
890908
278068
636417
241188
822754
750168
153704
38422
233571
1050
414838
969405
43732
267104
548843
885912
932257
746730
465735
186806
288953
770843
911412
94175
619890
508962
319734
794172
629146
612747
623147
293394
701370
623971
975217
870904
296747
501502
475449
219289
245116
861444
696997
983424
735004
247963
190651
582396
753727
669372
871415
685025
318643
232536
631173
916339
146196
338407
529992
733607
932178
450072
653427
987868
147157
834652
106215
671146
178090
646870
944393
298995
33777
281333
376224
133719
1252
7339
294506
299729
400572
210104
691021
948722
652988
185579
585
125122
869825
106385
551016
384438
779605
838012
416119
717012
244238
779282
928253
248723
365204
80933
707026
511416
50562
276914
232962
695234
683537
893282
101636
49740
709074
518059
298751
143922
903111
208195
204629
703370
970830
659184
889822
430088
267116
261015
119035
406835
454359
596619
673570
883507
176843
847627
114788
385954
700428
585039
654656
565544
738019
140881
858183
700017
568974
875201
432949
679906
895468
234034
596767
676105
39740
957556
602384
530410
482592
726077
865278
132281
130478
395534
498473
478142
956200
627338
344136
357795
339161
846197
265737
900306
654587
956193
502955
890813
274522
862334
115899
720272
361731
782315
950089
229881
555819
67309
488182
304635
132941
690547
743480
764506
801888
840204
809334
973019
89821
10163
259038
590284
669044
292983
755509
47934
463815
500042
982063
41182
500464
922229
966149
522008
447645
465987
435276
377943
862271
899571
518814
175077
644228
77457
39850
480839
531084
591078
695399
382488
106651
565916
131063
324333
86098
168916
48022
422448
623147
491762
487373
3937
693099
543699
157218
813593
977042
561596
308450
272089
117375
431116
874064
520534
589554
307451
473687
145644
740904
199327
247030
573104
802564
963978
573222
817431
561012
689905
61182
211989
510951
728756
587226
28430
679772
781584
527379
829947
19919
444494
86547
882965
41793
999533
755127
239606
279769
979901
575621
690841
409920
828600
989592
120827
404405
929410
273429
914650
326711
903307
253549
8283
466184
463340
476171
991152
290108
808576
919826
759557
281060
203440
191339
12680
451243
965691
68175
153626
283582
828454
1849
238589
505957
832576
671329
262549
316733
202614
789423
325496
457119
477258
223845
883542
595860
939658
197185
771731
393872
106056
983021
637740
541734
431414
656524
426714
871521
144546
987755
743113
283524
632809
775776
490490
161436
174976
470315
645222
417517
846647
876974
804298
629790
579643
873505
429245
420461
785951
533058
17172
384943
40012
302578
546876
603942
480756
707472
350466
797401
809648
6455
609652
577487
225839
361614
465133
7682
299395
87176
419935
264270
693792
80757
37793
527948
701454
695947
793182
762911
979018
968150
1049
998322
173188
148744
377936
913910
222280
549111
860057
319221
554789
221506
228637
529491
502346
801529
582726
969115
193796
467415
42532
529674
399046
245192
525167
758095
786066
816729
370259
287196
51193
431382
332431
712906
901239
231062
223361
583177
779903
4028
627019
492471
886477
136291
109778
238363
997836
352048
657110
372865
232846
812097
463873
67185
928251
15929
197041
675256
286193
422927
606105
93098
407345
365795
918440
442092
225783
102627
535669
828187
990513
59635
232607
389323
1630
183358
374267
53476
525874
450557
947626
460284
621067
709801
180608
385109
856385
127261
363411
41376
49258
105810
109435
127336
405409
312927
829303
543197
663698
285842
969543
975613
787629
137831
720646
230985
533720
119855
174532
100178
32923
870157
671121
519640
257599
322867
37639
906274
237574
101708
371194
38588
429644
417896
605801
241394
867193
798400
412896
363820
98864
930863
92093
768779
840473
640904
147592
325693
811344
503369
686737
889376
436158
335451
245968
742659
687475
166813
24060
830170
417037
408178
776463
555173
311331
651377
991296
699623
686686
569041
932189
273207
220531
19610
65518
657458
1968
945376
250122
897445
448305
833280
341249
727624
308985
132124
453463
920822
455936
738590
687893
327416
391285
604784
684335
229786
331649
289885
668156
565626
731203
923812
106540
390973
840909
463336
527806
470585
518446
44219
963599
118702
227313
23683
336543
44277
27021
241533
104029
17369
254904
94596
754705
440217
579671
820521
697731
473280
258383
826337
960091
331074
623258
449657
285162
329053
569400
745084
334822
691012
852171
971206
225180
779700
416920
383364
421992
666416
168750
889459
357044
523492
516529
485036
507578
558000
625095
850567
405293
36294
723291
726470
457710
299966
866333
893481
115609
835613
54134
913172
409405
779564
598047
489736
893907
495936
938855
754244
89490
682119
121946
29315
911302
206059
14189
616167
764892
370980
989258
991342
687762
675984
260544
480268
658987
560444
70973
47601
845881
839533
716173
759526
519069
118050
120936
853741
755565
337640
868865
575447
828207
326593
729629
279343
713741
810127
349506
369960
207153
362424
110452
54987
571089
607780
890496
351610
661745
698522
8739
861422
828137
763759
525733
470462
739485
165414
814568
305079
574760
263156
516463
891750
10617
643480
981278
469300
591094
490000
434722
440847
8184
275258
273227
431585
684017
167412
785084
410389
363946
497394
538282
461241
793457
909024
190231
657521
633073
267189
710703
236596
575867
576735
48847
806037
166262
604515
936417
914381
353650
932768
739306
907001
224637
584398
35291
560954
870410
254855
206694
576016
670110
120880
548738
287503
659955
759459
761379
401948
492430
928980
179298
447930
267552
863858
995535
360022
24387
962139
897699
347563
202769
799002
929570
472455
321075
137571
125732
530024
297778
413108
319268
859973
744646
686622
262421
566118
340084
673403
130120
750830
37295
171801
239025
66053
129767
401728
440986
395725
622245
284619
674347
136708
763105
250591
240260
32395
229835
502460
651689
706874
407786
277604
594921
282470
126630
241197
441980
142654
864716
106450
758649
218216
977967
654039
466958
371666
645000
809943
31950
425448
194218
25560
219965
740573
409998
365778
247360
759961
978554
710184
707734
956815
898311
929168
393059
864502
828016
78337
973218
904925
819357
955851
436147
299008
428951
669077
917023
283929
289338
182267
904285
150043
99049
289777
719826
458201
166049
284921
904466
161554
231316
113411
619027
241111
344300
822758
605500
419366
953711
989665
219124
242722
607285
424692
792339
605242
106854
492724
205979
114322
418825
413973
573864
833136
496951
547964
325384
319154
544646
571443
268864
205687
201689
539400
136729
666058
994276
578228
74606
688051
76187
381835
185444
94994
815390
389124
378514
680032
977056
522699
415945
539634
390981
703620
24048
472118
173025
147780
176056
653911
615934
254134
829634
60541
451356
279787
340043
356049
797997
622356
347323
230436
391429
417959
985195
35797
621949
258138
605776
510929
219266
251743
273150
959925
446590
467466
745675
97285
721679
338072
397439
845827
453962
960511
746306
667963
327272
883274
381057
600025
403746
403594
824344
509289
795284
861529
56211
367244
783105
506426
811063
752103
539818
396123
835205
73844
560299
992036
120067
393724
567003
960824
80206
959854
919111
503413
775337
644826
744127
563975
143621
611363
986547
201889
786009
389245
991013
227570
547401
723219
243791
631257
257349
372234
953854
990524
301932
265358
54734
94023
396371
613761
858306
863478
375020
562751
468479
785018
643982
176078
902941
114122
626916
439529
304152
9707
502805
249601
273000
804257
634766
359569
968486
723432
675179
827121
805892
371470
151513
539106
34022
13329
2387
80369
704026
431989
616884
326137
372151
485815
749927
653300
510238
683999
491101
233269
720209
273962
14747
623975
365999
868073
326020
619423
364017
141176
679028
859228
473023
469651
484850
583226
316393
364851
617163
403912
491407
137410
612950
925709
888254
469915
599868
913795
974963
255187
335779
348987
392492
123676
679577
881229
82743
193642
417085
194624
398874
584934
872488
913617
546735
617751
595508
438528
789801
803055
208587
404953
267845
287843
876598
150408
788893
140852
157002
724299
955120
846702
471199
946578
826500
650995
546842
254186
274491
741127
60924
716122
261185
373029
615578
494051
679528
660809
212282
605416
524656
783952
228737
521041
934889
878212
654286
860301
378141
620706
661078
811034
107469
586243
988965
239057
336866
585871
342318
322428
213544
788246
836793
349435
304994
718435
918372
744353
112368
395567
458178
447957
632810
72564
748014
978133
183290
694748
213299
281745
732103
165820
222336
641309
52703
39998
199161
605018
368865
795493
240113
903784
337029
950683
161029
643130
639292
141289
189949
419196
664545
868874
485060
111668
673088
617965
807570
682176
733579
701744
221088
56106
121949
398962
501118
695017
551931
938787
311799
543719
820543
624707
218788
353670
637399
764065
996850
991871
563087
277958
184846
348904
280068
222976
174957
130605
32417
283742
499076
440993
729542
478415
583570
83140
375584
269034
20710
161710
407659
320979
961136
453091
830681
105757
168342
763161
307478
303219
497399
467297
686401
855440
51162
464552
144302
271567
418760
618508
522668
413980
798502
899951
26140
572318
252692
102841
112677
125209
157394
669660
323030
578400
391109
353516
185896
443845
603210
598580
778613
479691
130485
199134
629514
816006
16283
753375
870890
316419
43677
46171
953304
878742
725445
949747
10016
726215
512626
845462
899408
202692
905966
41586
712317
101130
802363
689906
889122
929996
320812
554777
392103
767138
883570
846397
733015
282163
670469
842010
802242
60240
252072
287498
551956
318693
463530
812265
137907
952450
577699
806946
932371
523528
828062
475875
453499
916965
884905
72681
289879
116140
29087
217095
962350
190017
334610
275713
948666
465281
656418
379172
894050
490417
418214
718861
398132
385268
347169
84083
476863
815301
818883
154741
990483
149490
802057
188793
545312
354541
393284
750209
634969
524154
769903
86636
649904
470077
809935
995578
757916
901843
599081
332542
146446
678023
425171
396219
623884
583346
111859
193565
655190
190106
577353
828745
661721
457835
598093
697418
54006
36540
948261
108474
923162
970410
29080
562651
779081
99102
879580
545218
964118
457952
738941
955138
651329
869744
184048
898179
506546
449455
649647
359601
310091
989921
382690
565688
664227
212499
540251
191713
264457
316325
345278
168493
766392
498221
79171
458768
959072
203863
259692
790543
511147
533005
661714
339829
680532
812781
90429
25122
801148
697772
444679
550547
886020
570990
848825
840781
283187
283809
24590
855684
907659
342262
752563
153577
614972
160427
913019
450841
229831
809464
706794
749147
802900
125996
394160
894214
48170
803032
207299
791299
126356
831534
907824
700543
800637
58922
587099
791618
19921
733770
743849
452661
600301
60394
15533
580749
54207
255819
249986
651341
20739
652148
390883
890782
74299
574473
593102
52239
569973
752116
688413
561852
572384
634683
879105
979635
492387
565518
662050
971708
825432
718025
658509
493658
95723
977142
694392
135635
207239
18501
516090
396874
442959
977895
171817
126695
64945
266847
309592
449723
904451
499279
230318
585539
144339
927797
761294
274061
511190
703420
366254
371081
874129
888181
746419
920694
239475
100906
314781
651181
653152
832151
141647
189450
53098
845196
7709
51688
764280
725786
923330
143952
734408
608049
913293
43543
428638
827393
783296
619693
717260
39950
857498
691585
928457
732178
649137
212581
683592
686780
384261
147885
620087
402350
74963
545192
302397
213027
468493
228348
723590
66716
40261
543992
340608
644381
732624
339762
217787
219482
319601
798658
569192
881328
480987
753426
224661
127936
755161
557385
172031
389072
377367
263904
632292
276191
313111
682800
340169
747462
457388
997539
590579
37770
463746
199219
894535
714863
808162
472267
609593
120798
783999
348756
469199
514914
480709
621435
307983
516820
260906
792041
177251
152011
591806
604307
934056
89687
563911
149041
623964
132726
432417
72226
281515
577145
188485
978173
846991
647970
383554
477086
23090
109163
469802
434269
794037
654112
818789
738870
980014
825338
258107
378614
647916
599275
873969
962327
104753
229683
450356
299786
717873
807477
239071
690561
508877
312525
641978
819406
754027
783944
362491
814448
363290
115030
741074
901357
560513
509811
175289
264597
847257
675294
857976
613576
825253
217607
466300
657790
630142
721587
788124
702706
786461
503353
332504
278300
785726
638621
411246
819544
569279
938765
58964
702966
136989
862791
697446
470472
449274
239353
326623
202700
407262
798992
843972
36510
274843
53975
174751
624771
122570
104904
502400
457574
217589
611504
827024
931862
215641
349416
973723
577600
748479
363657
802439
27822
400295
812978
307996
361396
85004
404419
53352
286722
620155
119088
226866
540446
213648
927848
591220
199317
982671
858091
688343
819284
371010
615713
244197
640049
551014
564296
719584
757356
343538
609875
270577
794119
389296
812146
400540
915023
263641
247357
26290
425209
373472
305979
21612
653696
234910
804415
843893
983745
42988
983130
181396
492680
154120
61307
450602
419527
247111
39829
669119
69371
514282
395980
989023
825069
285781
900772
968451
619754
16994
905845
984244
926113
124934
212623
77798
810529
805182
231469
787101
877298
613839
773874
929172
283368
451675
976608
209565
767504
823005
483767
117241
71160
680929
685614
707697
370067
324338
750073
415705
629339
285545
41935
35120
493395
747501
248232
160584
59560
188930
103847
359139
906284
493375
561772
265102
418329
580133
848194
852137
400694
754631
800464
515990
329096
301508
538731
815891
59975
57996
100457
250411
528130
479501
61972
705371
910233
379942
721997
574646
753261
264896
115873
207948
314795
841273
161611
7629
473191
154000
437299
692572
519937
172124
399134
527383
771736
466528
501800
66774
519058
524580
33516
371733
919224
443895
641163
260844
173076
93389
675007
696072
664323
726188
613630
296912
219130
237518
445869
518100
977224
681060
196675
212990
814409
919371
68498
724027
817776
507625
384793
517996
973273
418613
515058
758236
810842
73708
965588
616225
951527
194360
752564
201014
340900
378233
373293
976151
166741
793568
564128
432518
866103
735827
870494
437252
529204
949941
103306
377404
152406
210902
195375
955917
787324
815945
227607
694619
609434
227930
896887
603431
598500
277403
577506
328760
443346
288129
877483
182499
946570
138509
150438
5386
41114
669452
125309
17094
224374
253562
954017
191038
266789
398003
151054
470451
497936
434658
590328
256800
124084
894412
254422
758608
385484
831064
639556
922044
215828
187079
370762
939729
618093
398100
712738
504640
798236
272610
286495
186506
191018
76468
970135
643376
535965
388563
274089
398805
16356
342043
647067
725371
502105
7023
403058
616440
585990
124752
143929
177296
603484
168855
892919
15703
951370
31267
67808
608346
72290
528879
119946
955392
992393
549650
815422
397213
161169
596912
979850
686505
765487
272129
794748
111027
406069
788530
578772
781260
529760
34225
81363
600890
401979
162820
425847
104165
579202
303466
552773
220293
957899
315830
592286
33240
325890
83699
184291
999525
610316
258608
93057
241709
575214
758112
366277
927736
906142
38910
587156
881613
634089
297875
520990
684007
918401
459140
911512
2483
903364
403046
120461
628077
610083
190719
470635
284951
721381
584877
993625
979223
805190
503745
79987
871931
195374
786233
943087
590010
846212
598969
982934
774235
380961
14763
114697
478817
95453
450586
931561
840827
755223
54516
159845
931566
736663
849512
647178
319253
820928
11371
777261
121335
172379
984530
936590
683828
675529
876325
393086
470293
782397
861970
238544
473132
702145
694188
499205
370364
278553
899526
185964
40350
266150
616681
637483
457190
553659
809050
855639
89990
355548
361034
701927
601618
395600
342780
165758
671178
20968
650004
3461
85823
569354
672190
826454
892311
235142
279367
524333
573144
690797
34167
611322
169121
310533
724327
766601
725159
290802
288652
260253
387950
158786
190279
249112
643721
292861
917511
957042
898992
226268
488079
664923
783773
134183
859814
854678
158443
372960
351852
758177
841529
433944
546411
907204
954077
769916
759759
984789
201268
431391
213609
309277
401463
68250
11269
549512
998713
356656
232223
149392
146350
673581
900525
100528
158965
618366
141691
53068
115366
774330
756810
545386
360835
52831
861808
694011
572428
255994
839782
550143
551515
95469
255206
477433
225743
587555
704606
139043
546918
3496
290979
885269
635527
11735
737746
930795
763100
925156
889304
664144
723771
817876
398184
761290
109518
513355
774620
177387
318928
664329
282055
556822
923571
51948
900014
788125
283366
17805
838969
326959
439174
71765
968098
867377
108755
240084
660654
364056
45950
231816
494430
789807
803371
907218
18963
256258
765109
837628
204922
320709
991446
450187
733659
525748
826828
835374
876040
559519
678687
498980
924594
753326
174654
749410
531290
743393
910042
546223
691644
825074
872885
407627
106866
40598
8624
399856
9005
769350
779651
500041
400777
125126
308322
541092
974089
147977
722049
939486
42793
580322
143599
134282
533374
47881
754157
974524
469600
901035
90617
650470
145466
995693
110771
935244
467514
302973
276139
282696
740658
628179
230771
856417
237636
67635
781245
512711
492660
468790
814750
719467
642070
352892
583520
478267
371567
665130
700154
949965
27961
997353
759043
879770
343385
34576
503676
968278
292972
579909
296877
689118
353791
515536
534382
39606
370091
660141
886653
663033
343031
400311
420160
586334
750096
337282
555460
456719
601422
585242
76626
948426
865775
889992
944702
835437
57258
600016
847099
120901
368731
491242
150230
785485
975128
366969
308883
518072
85244
272439
334086
167292
718569
77306
339893
332886
568116
999774
296160
238097
48141
435882
420710
517696
509605
225341
404080
59795
529926
723657
252423
644198
98671
768095
100610
337938
241793
846480
148315
121445
344276
146444
678314
954684
317157
15669
771448
242293
660236
637909
762938
361012
963586
3034
889680
131971
373125
483507
988689
616324
844962
36888
685671
825376
818862
479229
252161
596054
344723
219765
474473
186663
335938
160598
265616
306039
93442
805447
528175
638939
252879
26559
664483
115313
135623
798698
975676
701558
188820
541902
551518
61612
135752
190309
374521
370951
164819
126896
119160
886831
774431
960259
155530
653694
605730
437673
731709
527732
642486
35222
587301
78763
707299
863256
231662
478753
202335
832508
922345
679546
677482
193428
706331
929252
142987
413700
698126
693669
908964
445180
452059
920979
339554
585752
659349
520370
779862
789948
955718
447466
933601
618404
547379
481399
375636
407279
761772
242860
631462
843641
788084
679466
195289
212788
248645
887671
871717
989159
765364
920750
594633
996259
211435
415990
873001
176701
537559
780920
665690
966335
688875
615811
158670
337504
49357
914129
427769
158585
8691
653335
25700
497483
940539
777420
715269
144932
815777
687609
596058
513660
761934
40334
627837
843799
405471
578540
410155
713452
310508
167162
102933
276114
466185
813570
728755
214691
153210
604309
252854
553331
691327
509940
272984
128515
163222
951922
687810
759920
432223
723261
515253
521020
155488
315767
919444
840691
130259
432583
187890
882289
449677
466057
84507
743810
20401
18259
315621
672969
622681
435459
687353
460284
727086
787621
609528
38381
11083
472021
341284
71218
596562
86000
198846
102933
460843
790348
713759
928698
335393
425058
87361
452539
513775
454218
334127
660580
800168
909547
764984
465443
553528
228884
875118
669098
659661
632747
220880
455090
787875
758862
285468
703103
444201
926232
470761
278324
505236
778959
545442
296547
590696
905272
672347
922527
251824
417409
380422
273865
906276
288033
236634
682976
607830
260165
781178
580998
645690
711777
683848
688839
559008
346741
285612
611373
874326
420026
918453
67068
587467
860082
317407
293259
465556
990996
644490
794460
588660
264026
896952
582208
520895
387378
590661
412386
720301
73578
509781
236629
786690
383608
701940
316217
442815
595459
353175
594232
488462
579890
112161
701313
703953
45121
54047
354593
606497
428603
864215
431937
97347
342700
926007
574074
946499
673750
582986
767973
828196
859402
831865
906584
260350
972476
311673
744311
525886
209476
522605
934414
104417
676621
286171
398443
979641
10291
219238
335525
481253
660158
898708
550603
881524
96184
814569
287973
349788
528890
102715
215665
442167
46309
133755
176872
787444
801217
828967
477757
127537
139693
536329
302829
714401
169044
768689
352813
337894
200495
375848
550107
301836
349991
941526
480374
524871
160241
258220
885433
803975
827104
246141
444617
571565
273997
872848
497659
582522
559224
325253
941621
255789
847382
271123
42512
503293
722930
472373
11622
865187
106682
891428
482678
934569
189473
613231
951498
165335
261914
290168
310818
198725
451528
956579
369646
777486
732500
18759
240182
356119
396843
292539
12244
191842
809189
358527
650216
450357
851784
202871
226786
852168
580932
419266
410183
604903
740431
907577
394649
755232
692353
869758
880857
322034
790012
785823
451574
967689
27090
749917
391946
554169
758845
603970
960091
179848
20350
112488
96613
774817
427135
504344
842579
98319
879902
427569
978690
779867
477947
82729
618729
436763
554907
788482
9541
103124
744883
675750
398865
149596
314906
81748
424437
443895
825004
338092
577821
391684
857174
661891
815034
875078
566504
219719
348208
442808
686510
78034
297126
254767
671836
999829
804237
697093
525410
50494
904588
174746
372512
249746
273317
31130
538513
384747
711690
242481
164730
948546
300139
425001
458214
763579
428425
698568
913656
123143
104614
524473
884801
932845
166866
290919
777614
152729
717161
229768
707343
223366
990784
990832
714442
37533
360087
699357
658866
462712
295175
248304
468355
961674
680261
380983
166356
554394
993616
472464
26376
287561
95383
63068
10071
394040
194620
909580
127658
295931
800248
578286
56251
344868
567380
572399
382410
706349
426615
197947
886163
578984
482330
752025
173229
996714
711213
808687
273764
202401
804531
548995
360864
63968
958980
200173
436732
224350
109261
810115
727364
608361
265569
613595
435889
303889
834681
276426
415608
727039
938043
46436
710796
206416
497587
372971
261355
61438
110536
968019
481676
340207
291423
423062
167308
169988
732947
55152
374109
731114
145835
418065
98607
750187
807619
484400
251521
711400
423579
797151
749376
512715
10777
826469
270631
302178
351742
212011
744996
178734
586655
725311
710649
376309
142757
506665
177800
321830
677540
295333
681452
218107
569862
202752
892290
655478
994555
998735
221747
673623
941817
572333
720585
161866
982802
183690
417450
230145
23103
586995
146149
170080
242554
640808
151543
69351
179747
811672
747715
798238
670512
529733
917428
643023
849764
889713
919560
635869
248280
327755
578522
209323
419061
776278
180914
820753
481306
130688
13393
354115
643049
516619
18475
379996
335686
268631
337908
363424
277858
173620
56067
140482
343011
373153
885820
376697
316124
488261
561559
446532
777043
94545
51057
258419
200502
305069
73766
588638
358830
401590
551817
896048
5348
799307
470315
653098
596137
725313
769674
554698
191604
789129
95112
807505
360210
93297
157650
714907
578016
134339
680130
919562
636248
810614
327798
82523
57645
33328
155025
789545
37564
442438
158791
781056
684635
815721
110058
276739
386668
481840
95601
474389
660603
937109
501078
901922
713150
361721
452874
357729
540193
293037
214143
999157
667916
672595
149630
908813
141529
456174
772831
936429
957876
960334
785445
627741
391966
497748
502969
872338
904904
394511
336320
879521
100586
594511
539551
795029
960119
779956
950869
635896
389254
131857
642805
808717
173698
349182
545259
333534
202421
618240
545309
165665
636123
541892
71787
356087
408097
33559
414919
717565
692061
132010
535998
352935
11853
5050
225987
792153
175619
930485
418098
186044
327622
159781
941385
682434
25187
82280
343846
924111
662007
575201
844786
484711
207260
298860
49064
32517
2039
425061
232957
532641
95579
862302
468527
704080
772792
772468
34357
550450
843767
614439
827958
688954
931950
181663
180386
913019
599182
580086
920860
497657
203020
262334
422948
739610
768148
447053
915894
952572
461810
513418
464161
422133
962090
17758
416023
944967
91877
297397
607903
958536
717468
859115
863847
407281
913516
568398
918691
526907
138426
24562
879254
374428
222087
853163
582350
400488
882374
651331
949110
507058
371067
898046
717107
960586
10010
672451
200440
602527
538415
299922
410859
1054
405541
452996
929568
832534
297940
179662
802517
796210
659854
731931
298176
929700
23439
180382
635665
51223
647421
47081
258665
418173
35283
112427
124162
494350
42925
959131
342396
134640
690957
581404
325018
884721
158300
351361
440464
648791
18480
492820
405631
870798
229407
60161
279089
244300
479707
531351
837554
532526
191582
225862
907052
546959
280473
328223
841962
412004
458023
888258
669513
842030
706282
358765
426822
77040
875897
908640
285708
748394
104350
706189
66056
834840
607420
514701
605469
47864
148672
19038
729439
85124
690693
747884
723463
71316
504884
986953
61328
129142
157414
625982
745511
268024
795057
994660
224821
980369
241911
7192
692698
144233
786103
851753
424795
465657
877376
826073
656260
784209
78758
557336
670869
495381
207065
547924
158987
828460
132021
39764
357000
277409
790928
430218
765997
936548
283560
386740
971730
98206
614942
890031
112913
661883
861263
468223
279326
255860
757363
938629
626794
828636
913582
511421
113545
88310
295428
441229
221357
851277
66514
271356
229216
220254
650800
104504
920394
522323
350542
683323
642340
500711
474575
251120
889910
801604
226680
190225
285573
732805
38702
719822
502287
492537
650867
928396
514487
836659
2536
15968
892479
567997
226165
819521
689268
725
58768
316384
893431
32281
812430
40307
290179
772436
12441
634537
723737
995483
284737
28388
89140
333449
232600
510861
752594
163359
869359
52254
630379
492829
186220
948393
73807
913809
868874
233121
495365
803749
568264
631592
284530
766051
330795
168450
217369
855500
217052
757437
411853
412316
463759
407691
255577
128158
760592
188808
301020
74746
45961
415916
500226
885342
166288
395560
479148
282550
749516
721533
534528
928916
78531
342578
385403
792250
102764
630409
313395
946467
959361
741326
53921
900293
457396
531864
230090
600965
427300
265033
401416
197511
86640
908378
648233
13133
142711
342751
996835
538828
926008
367809
732793
325852
219598
443514
798892
669411
735
704558
685953
487136
539840
190683
499019
352441
215973
334371
621523
109375
58916
909210
573293
428050
812783
514749
985191
935236
338973
799785
540624
713159
535223
460945
828259
797290
465840
550587
289005
853156
680388
716663
545702
224318
591988
839256
701405
117966
450893
657999
748110
31624
116870
34642
374105
657032
324721
58050
905925
166504
381853
19759
119706
977813
968736
183261
569523
986376
164270
835255
61191
188919
942583
82918
355130
695874
250504
61902
246766
794720
134596
13075
317542
949478
160305
133394
781389
128346
598017
672688
311388
635805
676127
177449
566893
88472
966829
730606
356343
156280
859991
593810
118381
391468
158440
591860
532806
99667
82061
633827
459943
25437
984455
474457
125021
151131
325646
167196
539697
893549
191736
988164
469404
380505
472823
542488
79845
317359
565819
531287
901761
550751
908811
138370
819365
735965
702329
808687
696112
421679
901953
456465
770521
941688
644555
384231
280430
348767
101543
345719
151747
699265
541453
85727
248889
589132
435013
219978
147590
137110
303581
173748
298881
820403
877458
607715
926040
291933
421383
300121
977756
807362
975046
535084
476091
14918
873311
388676
685602
827376
296768
578919
196013
25319
522785
149102
308799
832435
834558
472657
451563
251230
503366
37360
441382
914461
978980
750271
63644
840794
825623
149694
973488
558871
375763
397003
991885
586770
873211
558248
376446
700408
697744
4419
53182
602205
751668
367551
490688
765902
564433
482596
138804
912565
717502
588402
727578
19363
174198
643960
296443
714663
200856
246166
745600
275034
545001
398563
857036
604766
220233
560448
331121
170107
658232
579439
494319
278900
314219
989290
92146
579940
280794
585989
170915
60740
518468
177772
788116
993463
210161
105964
747504
666779
443504
419275
881075
226968
388516
72218
778250
131411
724832
614519
571150
760764
912693
520484
610215
583948
197660
703781
426097
360881
996031
189986
210498
570316
983787
407419
466121
872306
435640
250550
74141
727295
951640
851834
374741
70118
441033
671597
75547
427309
786998
21245
616633
121447
931796
948222
767788
934419
659443
533840
637379
815118
557701
206708
698840
25980
129727
601083
177848
107465
299218
151062
464732
859161
670343
181359
291166
509394
94829
835411
737659
372028
564320
862416
976624
686519
417492
195777
738682
416462
838452
921255
813907
910164
19983
891800
266598
53090
657191
986084
857928
41917
368933
901610
733778
751572
958350
895938
320711
391612
812860
944976
310725
416878
596757
258520
603971
873044
886715
39543
763648
925213
909339
241201
719762
358973
548646
928979
191115
861083
859527
910289
598640
9341
673637
255701
847283
429082
707464
686229
939586
24053
41896
639278
871327
806606
173381
706701
948415
935096
308037
154889
747594
76089
742431
745002
834405
376227
333774
931872
143046
213617
833916
188290
54801
172053
33468
151952
641401
130608
264910
719052
635859
943106
728702
473485
244816
373702
884805
291348
299474
885477
743146
64058
221716
351513
68074
123549
574665
379243
167461
85315
724272
460092
183136
97649
942809
356061
916204
37889
124018
839056
63819
308415
682206
746026
581532
245421
199784
697604
910690
48777
205879
595913
244557
594212
744506
488531
421856
693545
707107
226406
348932
426703
628246
672484
649323
347615
797828
671736
612163
183513
265372
566736
761953
977244
653491
390414
550860
789016
853185
278523
110312
574823
604773
187509
512158
777602
855406
87995
961691
314723
654036
783860
963271
37240
737840
493195
488975
371176
969298
955330
951880
136190
610400
957615
33359
187119
265329
382805
528102
819019
710571
734684
835804
293838
531275
137800
671207
178097
961728
893114
433653
158164
401863
705190
844955
676997
938346
377133
176921
472453
571528
327376
427948
16787
453176
543509
799336
422038
775947
131555
316023
177177
310256
977226
694259
881099
475257
908016
96984
167157
241562
515382
833011
364243
737682
803373
713397
509241
647645
461423
93194
487488
802935
219738
801176
236488
183647
404404
448744
93349
484890
578646
664600
818269
441272
477842
907182
312850
959130
19317
30560
328775
194380
449267
844491
39714
171080
216827
28821
829782
274246
139917
743951
417962
559976
471455
108961
692437
394195
88930
32735
563526
849064
370676
421764
928986
900623
829381
480579
856575
656973
956436
896806
892186
395757
141961
498388
135482
435042
649637
475589
856675
668838
2969
978648
872504
433449
72618
197968
931984
483193
363838
436050
393431
753863
989687
364482
768999
157135
227426
586281
501341
495611
542922
502231
855643
141984
105759
184444
544209
376328
367672
206839
597057
116023
449709
897132
759959
291803
283797
405183
416539
209201
747335
262735
9385
189341
761769
484876
17025
895225
271927
465812
326371
881142
479382
149367
895034
668163
248074
871047
305452
281529
932697
169895
656251
670216
552613
731936
178759
55450
873000
387153
507064
668844
174447
488552
287526
600705
881870
877456
215215
540258
799027
12794
884884
200484
295529
7745
12346
180362
940244
768039
378736
12198
359701
659770
64879
971303
409422
301689
765918
202438
346951
206654
723093
328663
389567
789736
824250
556939
573020
895292
153589
628870
972450
352203
101061
635566
184967
805275
355654
657603
688029
852319
977740
200683
70662
453287
965629
665549
733823
843503
880132
21188
373858
628333
586917
743996
530019
418896
429679
7242
50894
430804
548462
327258
370461
309250
820740
86159
837898
98117
755620
597845
746648
191207
514113
716496
723312
552950
346227
54429
734314
283614
563232
128692
383284
938026
258892
891834
195092
62982
298811
7842
158425
554739
779864
400928
192117
252253
661880
109701
139016
853436
614276
755423
168727
449505
864521
872598
414948
413294
443037
446591
292126
96517
804836
781346
558320
185515
282145
878596
402249
441305
924517
60998
374880
739350
137578
774333
841515
998290
927757
210835
29920
505365
985445
203848
162382
143259
15799
177209
364242
202506
541644
158242
732702
826664
468841
512133
41420
259049
789203
97413
980078
545145
317226
748825
112543
525957
327626
188122
560020
966321
231328
645592
197553
144630
535786
62680
686014
87152
345926
590972
83033
736170
19366
34253
608857
994814
250734
782276
969801
154495
168500
617052
195396
325396
90012
895596
211785
510404
643873
105985
586212
494133
806199
647579
795453
244178
844544
856127
911797
571247
801626
547759
74178
868662
30889
821561
136046
154550
905368
380487
412042
939478
428971
328576
769457
669338
823947
489400
115499
817998
815174
269520
893693
90289
253142
543432
34566
10195
176034
200808
818517
406903
84381
967467
196073
358544
505119
526699
817291
574006
526309
2525
796994
419336
708370
589571
812985
94564
296861
470523
179991
321931
21499
150400
23856
562603
706526
894763
351949
214414
597154
617835
167559
726979
197589
334368
407415
390203
44035
974101
464105
910361
851681
94832
507298
275920
809276
448425
142366
881971
473471
396749
14457
488032
897125
307438
794798
79125
861677
206858
969459
905159
847930
9163
102140
579296
658351
690607
515038
373328
108739
209975
84125
147804
653705
705139
295679
57230
7726
924876
634390
377092
85879
897406
232266
450588
614301
631951
136631
432857
906966
458255
588333
829327
325223
513401
134756
224981
725127
337829
877593
798504
282060
537972
960193
619537
711661
154286
611280
379431
46390
625352
22291
351558
218913
474638
687737
748185
504063
633195
770772
82298
715857
297095
734398
279358
185473
664395
527475
420386
679588
845327
31922
215918
228700
684582
174380
951727
529049
93490
382214
419986
38518
289796
971279
553471
578805
777180
416508
472732
758699
117430
920304
213731
340896
96210
348629
893895
474289
349712
722211
624066
337605
305973
665255
987721
903030
381584
564083
318265
671987
703975
151188
971757
990013
351691
28589
591016
178326
568872
422161
402584
732883
869812
771462
372069
483108
763980
184896
255755
641449
476374
551648
200640
552621
594262
507913
56292
451628
660064
743973
78111
696247
375670
746824
775317
91326
770896
925326
816672
980895
641135
849438
966133
45669
75471
101989
615569
437351
847267
641574
843352
910964
67610
227509
554061
131572
809605
768262
293765
736170
918402
95949
300531
984158
959570
937222
85753
299792
558475
714843
217201
518707
674216
256930
778038
43741
952413
150480
599611
755300
156432
292384
211468
378564
31019
483359
304076
953773
350440
47990
782264
6540
546472
481832
729042
791946
47219
596527
627276
903050
540409
881682
65072
587423
91589
181336
481745
626536
210017
496501
577473
842056
584054
446187
30649
956858
664951
85055
610757
697446
777047
154918
778106
698679
537911
140003
428397
172190
370320
61359
569787
40777
60573
769159
420155
609597
194043
168537
116648
259777
851222
213529
670811
117724
819696
320298
127003
709169
366691
188391
747094
969476
851849
11812
172553
418439
740859
890230
30630
490367
716978
25010
651079
427159
212631
493795
732194
371517
935270
957264
390052
322913
506692
175846
786182
160645
805935
290532
117862
163198
848235
855418
592127
371531
68752
925964
756387
774832
268905
581834
794326
935711
81766
710797
972066
574549
831228
672851
659553
883235
762974
240959
879724
54317
693020
994688
768552
454014
191685
731196
901896
89284
888328
698043
882177
366220
64425
672398
995929
991936
764159
646306
369515
422065
296686
138697
553647
699808
610102
957593
599250
283765
878402
341478
908923
617727
669066
240023
650159
952029
852326
959061
43857
29118
468182
860390
317876
490739
454861
111519
153051
873792
302603
826503
764993
594685
487048
78469
647809
543078
840518
548093
196210
934933
287868
675494
277977
218412
745336
442320
901906
256586
109198
38855
216232
580579
298779
900948
886965
289254
418935
883868
402146
198481
88896
464139
47669
722834
720608
225286
948608
424933
619787
88150
556853
338800
898960
542327
136917
274044
998198
333082
159356
640514
787513
582032
248210
17549
195640
64694
555381
496555
319267
870225
75029
863769
839453
845276
187843
291708
817853
361287
608162
651445
801330
716222
622155
904869
221486
75147
960461
997795
237752
912721
584850
631616
253102
859827
730674
981633
226896
423103
446158
488307
403713
324348
391315
522634
413313
376532
470735
199922
948427
350102
832703
257028
667
949991
540203
803406
244734
165662
352774
745849
287450
173661
1871
749349
324898
26035
103013
49572
499701
152421
659575
550546
987792
652046
779462
872131
101867
737122
647719
130612
627805
143991
423662
4566
336104
140289
797875
213843
703227
736745
427372
267842
348649
536173
937524
480978
311978
900082
535821
462198
722722
75138
493072
892809
176123
130027
543337
884848
349989
257786
211963
544451
658440
390024
306840
186027
748326
695668
748337
671192
444376
120606
50013
994408
586909
653134
799701
899580
117445
974837
656361
578673
700660
230380
557193
12270
716533
633052
514413
310789
886268
349933
326874
206096
821338
729971
834141
225994
368081
440842
115835
152780
470513
968743
799289
914461
346890
136455
341127
429420
371995
205293
888031
419636
199113
139572
332778
713053
972454
126039
961596
888540
871930
940507
3814
293481
92467
714594
551849
737593
848576
419232
238032
841477
411210
541635
959011
503969
571922
427617
304101
606585
666841
297430
598002
226560
873388
372814
905639
666977
488935
406877
888945
365608
533008
518661
68461
790997
765273
615574
586152
342779
476137
52818
985391
581319
238629
718659
431937
287651
305442
821880
310408
304638
195500
815376
417247
867445
409236
422284
870341
586902
496468
550842
362970
320684
177241
175376
383420
382851
532489
931623
904607
850061
639159
117267
747115
285865
771518
176636
651456
412940
81303
970151
838684
844874
931325
929919
693334
586424
966869
504941
496364
938901
729067
567938
88291
536613
88777
426178
501722
405130
102965
448571
51971
888086
16113
333222
429019
231537
898957
633537
731938
626987
770188
620544
763706
426897
55409
976801
381364
276992
108215
78728
638553
716663
105111
503419
498142
314936
430995
53154
722379
842445
959723
459689
78718
393400
195363
955735
107371
236940
277356
154085
445643
329232
913335
623733
73531
496592
956019
544291
133541
806830
451234
479499
643134
849124
345849
20445
906736
471171
757158
156333
624031
514456
381232
357491
298873
425616
892806
113319
796731
544388
512275
109150
149245
916250
765415
80971
729241
365402
250246
165331
195912
455765
633753
101536
651425
930790
314876
509709
483999
901103
203639
623166
540906
88574
652016
700340
196443
398344
780139
301765
822290
673606
159567
298327
950944
759708
708457
89963
730822
210023
630787
494467
551881
255604
221624
704058
465240
99519
703092
520236
654837
783434
834164
480130
403264
879708
670527
644498
845126
334354
512896
619656
912261
525173
902321
569715
102631
352176
848616
50566
690178
943679
123876
603464
512144
395816
763338
121737
272037
292013
113458
826508
636787
171140
353498
762314
113168
658577
151925
750422
538214
653152
96532
147168
71166
321408
200644
963259
383183
140476
785850
800225
333539
558080
257812
753638
86496
634591
615662
785394
942108
993980
140147
121136
402926
966357
949415
568043
28754
988550
886964
603874
347552
860617
419829
816892
185594
152453
48766
804032
712049
538096
719591
528362
680990
425797
152655
635881
827478
582267
976621
527964
340150
50404
497886
576531
900975
760656
550747
661723
613055
344584
40949
851351
375992
924223
380370
747542
576151
398376
117557
624066
515176
826592
320777
178302
530160
601723
61181
657041
157015
737993
789245
910721
723997
271912
73113
336820
180279
668324
56108
880081
218014
788231
368941
984805
987106
456279
724614
897263
204855
335579
351771
889679
828932
315952
375360
24564
678633
716039
340389
42762
615615
903485
365659
949190
653411
232342
240315
759722
135177
727237
386910
733324
321874
490547
12531
653913
87140
844929
289315
648112
64276
69943
346859
755046
55015
774147
348883
322762
500897
905996
623616
607069
988259
781141
663753
280716
880786
775110
596603
654603
374180
53592
902224
178814
571578
564369
297756
72781
309218
318694
526936
441215
662305
573289
80454
231958
790314
803619
548755
834436
244388
133980
104042
908402
668103
886926
284036
793286
574787
681480
610229
612408
494446
727208
433699
460489
563002
554000
635076
371388
94034
949784
295995
712473
197453
430188
40568
230649
55577
27205
130795
808014
582233
53126
524986
945309
591232
268138
981860
692187
228854
412240
664543
44558
900332
508863
699287
589988
37928
804799
905326
536799
971307
56801
621880
670432
151536
567330
2052
653072
665942
538561
206738
29339
339612
135695
280675
230750
877993
739121
573674
311431
271609
67001
874492
93005
471069
927034
717216
489466
32907
221621
180868
274701
528040
959942
805165
379908
974383
767734
261208
528602
303300
522323
792636
158942
678426
500732
209183
837029
969955
782642
347521
183579
998403
387673
261263
821825
599364
891050
309870
82536
932899
9392
420171
828901
734973
732806
124093
637422
179485
559992
415021
129585
155447
444016
13540
397793
897594
389653
458111
945228
963072
272838
105241
187832
652936
879840
580286
193907
331131
596173
115978
920034
192710
701563
698166
10517
864705
191833
301589
660278
831336
376941
121411
575307
105856
128378
785463
858830
609450
304297
15771
163243
519131
858675
13295
89244
272845
153044
934221
710973
456172
606960
683139
741507
948402
39872
857130
289324
83524
579269
732959
560371
738411
561645
98344
66699
201604
112377
893798
592867
900483
481309
29483
183912
701634
67368
331085
967328
617613
235116
154488
15495
108252
558049
833762
557401
429592
393528
469434
196322
370788
744003
321913
332975
348097
58510
843935
779245
286427
292130
180994
891188
123621
627895
755242
705728
736913
471159
871828
873485
756862
833219
776407
675744
616802
854851
191495
473281
999734
10627
695523
52701
315343
38181
337048
885936
204930
685093
218398
581719
510344
983273
589095
178328
151024
753574
321695
726420
343274
760867
723787
34920
374169
576066
401552
275494
811469
341948
250323
660718
635584
444951
900452
585018
106282
71888
179130
636939
299380
724707
758503
425530
478836
164677
293647
492067
206747
53030
850442
132118
221651
717475
989545
133558
866900
80321
515175
371145
312743
17363
867159
242886
828610
181373
693356
543312
551857
655566
23093
991674
813944
486605
377047
107402
763057
257637
26908
320980
848084
938598
892209
377755
37177
956963
656885
691310
224780
107679
495077
980862
199537
829473
867279
820532
553492
285919
605914
583332
648229
919430
842516
688600
632909
443036
376904
292758
143153
92964
252658
21643
306578
678249
956347
626912
415642
116656
619067
225058
412755
547699
118587
992788
157753
515288
760589
748282
883254
223123
80469
896884
815247
104755
10704
910104
792531
435961
636255
760345
662206
627191
119051
526332
293231
791133
195286
938106
272823
775499
29371
374061
297801
409824
494789
890029
186168
281667
931898
877686
946154
728603
383375
485952
869872
963391
392915
701085
341088
498755
742259
25960
781263
225555
182159
553646
671118
163184
908802
893685
449550
527238
151487
741314
855272
928187
559721
505631
349060
127301
409198
318686
724827
942346
439086
402890
312454
158399
916391
699854
431658
219839
141306
282487
583626
52729
763053
804438
247905
925859
97778
982065
992629
328756
588208
424282
213507
377874
834630
306364
642176
660193
409683
877805
767626
183204
477416
660803
259352
930556
383431
726730
696882
905486
208274
942714
108091
604633
697733
873858
836523
539223
410554
250451
760233
63840
796389
273314
259378
737236
960480
787056
804231
151546
429910
217815
613242
854461
976400
825325
659251
144909
866085
475999
390407
519137
913572
468344
185895
679976
306472
357141
874012
111643
339658
444405
605453
929855
597954
354672
402012
204008
365074
945291
788617
658742
663518
927026
341270
792459
762591
822218
45071
145973
187171
253296
931135
247493
993333
381647
204500
92836
88145
69645
434859
813735
724357
762182
748318
896772
338509
674446
545709
970722
25143
287178
376491
489789
62853
15190
175217
427484
41311
324147
973339
249897
869585
896226
520538
371691
159545
638122
930264
364768
115550
51368
735367
294887
22893
131407
336144
933466
287167
73357
816771
811268
125366
898088
800907
445957
496498
338644
181500
763524
757412
621341
365851
613329
645823
593513
833280
784119
106217
654084
503331
579882
726782
225195
321525
932782
721802
684971
520396
638998
498536
121370
572371
171379
53124
66270
768305
767123
171402
671177
701997
353020
771389
992334
218860
120129
869825
253418
131098
751086
775704
854532
470030
593095
630361
312945
853464
624997
124274
528974
643091
523821
2707
605051
611187
184385
461336
532885
793265
565929
861144
683778
898648
247284
59683
501654
141062
775933
452849
152382
828454
103581
976942
357270
742074
515954
704544
849886
72291
433687
497311
951552
361071
979076
835644
702565
912043
852616
569355
376875
305649
816382
212695
801498
955762
680942
45838
667890
63324
955243
53795
237003
945913
835286
84968
902954
78998
213263
295037
420053
310418
277764
233541
251042
920370
547584
394950
352394
902316
521506
671057
823139
843235
490961
984546
178879
165411
259768
779028
515506
56
844640
413457
914556
878616
526867
600082
290195
150105
787866
226217
284181
576820
146926
697307
167786
255552
355452
491292
70533
935810
713961
272635
533244
822462
364043
685094
56318
635810
443091
980909
688519
233893
928648
685059
683936
509993
274744
44819
695046
354206
481308
153992
840541
458451
581576
697770
563349
685688
526893
218513
916570
418317
513162
939969
695457
454349
231556
325502
941764
898312
196867
611862
443368
646319
602001
537936
297153
546261
675425
537970
819395
17087
367710
297499
28690
877127
331625
714844
917731
774261
448774
920868
868813
608736
124868
715748
799197
136291
422136
309716
234020
394988
612801
40461
785315
655877
910153
165296
889539
60470
529323
947210
218636
50350
562199
307629
533833
792032
340130
364355
182748
128098
577309
399358
360740
131569
72392
178867
87792
342397
562386
164627
540387
980900
290625
134822
961708
315705
976556
352940
805169
50166
796123
582520
877817
543070
23774
232265
474134
690631
851817
562706
674546
283291
839908
211911
576047
72591
133995
662974
896598
321620
70309
690532
672156
267956
184420
354458
484994
165004
227783
850476
362543
220814
637695
852240
33459
688214
137323
234981
709807
875211
632875
4256
235888
664686
635025
606725
92536
578968
39100
680711
947084
144947
314037
967076
34575
183347
75473
616578
971069
426331
378747
31803
296307
27278
388808
66737
443554
867282
772826
922116
208089
167107
882219
401308
163736
135296
917395
820042
801890
924595
751060
29850
865841
294547
67176
784043
98140
58768
911489
498729
132019
34178
600740
967974
745004
117183
676144
776788
390784
702929
903556
579694
602775
643036
801749
858188
420600
573296
543141
140878
823040
128037
650867
716338
611796
820072
873174
34799
769926
560077
223384
552310
209175
131066
677578
327231
878
708313
829416
386285
14108
459069
531951
986462
716157
160842
861604
99974
447717
757718
913316
766256
822605
320560
448413
912368
544224
745264
461647
632965
612704
170492
163094
590092
265232
935144
991720
336569
842067
824158
536423
979305
295565
1831
652402
776997
139839
575781
518872
628569
762468
124916
955756
880409
206746
908923
726166
649115
654316
435361
303217
513062
575193
921892
801166
805725
979794
696609
581913
610956
850224
306366
443105
851744
264057
710957
183654
530225
578176
303567
512319
52546
117041
35731
719589
941809
664881
713953
961210
298460
791898
104853
108284
869268
735000
557298
576508
946373
483107
256814
149508
940948
68897
670965
860068
632361
873160
340082
200415
864233
622080
2852
219169
754721
388858
741223
115974
185278
220763
263308
133199
292917
385776
410008
249233
115657
883077
902401
281134
517706
840982
2022
512429
329793
374571
662593
872696
854299
804424
206242
936681
209225
952661
299207
210725
189085
485157
803174
652625
374739
78175
442089
482190
831859
316089
742538
746440
398276
969061
435482
37056
460556
560378
822465
984728
618907
243494
487360
288818
35249
392438
196795
447509
997008
588116
1261
522791
766258
431333
771210
284212
3103
772761
854268
69468
648763
775498
737136
269214
234998
436174
680870
147770
569789
352857
249174
681651
439031
504624
231806
487982
377324
187476
341233
344080
911455
460609
90067
797397
445435
167123
726876
334194
45951
406101
706016
169048
717764
240794
574927
964018
286165
212263
933251
87515
277421
809994
390487
880069
417761
526123
21933
153794
804562
961443
995054
508850
229373
344610
176822
128012
571984
582041
363215
838878
655713
815260
312410
704098
641766
131909
458383
598840
847587
567020
161043
838736
222654
11759
566084
637014
647136
548558
630640
704098
270730
931634
441238
60913
177133
192792
897383
752936
856807
391354
189337
621576
988533
89799
244644
67701
192743
910527
688671
436202
742403
327560
961203
85286
267227
4282
269444
758726
287170
211596
909744
184926
231092
276426
103501
78536
417709
513685
2973
696639
364932
72425
302992
70053
858780
405736
321049
40354
172872
