25101
718119
832146
164901
858913
967022
58469
414207
685474
864584
399479
981726
647416
926126
945603
309652
683024
799933
179270
8162
816678
570531
627541
207439
24523
530089
408960
911151
709854
482403
242413
72448
770437
405882
242711
119931
114907
425542
871587
342806
902101
458291
908846
661024
69159
956001
77459
257567
512112
308593
32208
567385
130119
83473
874921
328005
436123
365903
251588
670211
445794
338813
131166
44685
855867
735019
669477
416549
984620
974351
624299
935329
412076
608398
110228
541271
301735
272789
40709
502319
685164
246589
168505
43817
190892
677070
422520
591652
873590
188719
123423
479174
229508
8111
547456
988017
298569
424626
651809
364432
326697
875763
783414
426610
188434
920452
822745
44973
110236
994565
107381
70398
215458
462618
361590
351882
618775
341971
504143
254740
996653
41074
509779
252247
380844
323692
43224
130333
11945
340508
882177
861691
999952
757911
408323
781443
316811
132815
808182
138596
437493
125227
773363
45361
74496
883711
971671
830513
784814
489002
33007
908515
575709
345104
418512
520820
841502
815943
883547
847289
593734
624064
620656
201480
48474
358152
893885
245957
781422
804057
147678
435411
202079
584853
984121
857879
519089
45384
868011
817256
449852
665733
427713
346663
107693
749276
242957
871122
596112
897009
442027
975536
243534
81494
476942
514037
969933
767685
664977
472877
634857
899998
719548
615476
696001
711168
247715
593495
891928
645248
256808
976321
950646
90564
108007
382531
374775
336427
179021
795201
436737
841876
397743
877219
813946
811869
479461
814088
69937
998601
273953
639407
32124
459573
785751
625749
56379
713766
55501
92747
866160
515421
270506
849507
282383
470169
789913
358993
705195
984475
117770
872962
452353
203517
429878
333426
933758
657107
840581
661302
692380
885685
268703
238074
699818
623640
708446
140566
516366
954802
208810
417027
355494
567506
749056
375244
29431
272873
61189
208366
842507
109565
304545
173980
65237
452189
127377
740637
240517
814657
251131
799803
127249
653707
770072
179452
504345
507615
360787
965847
276848
809610
169426
303877
338346
756469
874516
128792
761196
426593
232260
325678
275775
749385
488412
678105
289670
264473
76832
346012
665640
417360
321116
518803
636456
895785
296041
831615
458354
352562
397561
807175
879423
475479
29903
123650
587374
823340
659089
647393
869482
155819
187454
683029
539979
624263
194031
795976
418500
979614
187867
294010
670999
752011
516765
428400
884648
992275
406957
24508
601348
886758
375399
972762
848661
576296
985793
77545
309315
511615
779973
484785
967037
390136
633021
121053
708363
596753
706606
323106
854637
350213
665401
889317
882113
107008
764637
271707
344889
252652
913541
472530
734830
204665
827789
622555
130767
861410
406424
86846
841006
640333
897980
947941
670556
138879
10039
678679
288725
843422
988084
845796
456641
180003
781813
716844
399209
256258
131189
451208
996319
56251
963981
304790
169354
403062
951019
587918
803867
751310
128538
372346
465438
61734
551687
708532
459983
328809
631555
693420
49354
883674
31317
363006
615342
713545
352438
945649
966947
216286
414663
374715
174195
494144
633082
397790
247638
269642
167466
200619
109337
605251
429682
939727
552717
863693
51427
604374
930836
107306
178367
700953
938881
151734
976368
86133
973038
823193
221119
119512
763210
565727
552830
929273
287537
853843
556071
428320
619095
887484
448621
752444
179094
462266
100075
131190
656235
313075
910872
310140
741362
250270
633722
743885
777725
422544
998245
202987
326092
15906
41725
914175
983428
421356
64985
378566
162054
155390
147932
243169
856551
581463
467407
478120
29769
941744
367254
713713
788371
965332
968658
914970
339615
772802
101237
566219
382298
431484
266048
477527
637579
163435
713124
390620
575238
4603
298531
986559
8654
533792
949336
199698
453058
737352
805853
491943
208313
243952
110271
716411
910524
429695
662161
794007
36616
529290
738870
327246
978583
386821
727378
453838
963274
813369
100347
547243
464578
488700
212668
218500
785897
220604
116877
890543
841507
358479
156326
499035
745530
492145
366367
613052
940036
654660
561951
730043
399379
157494
737991
945481
879116
924998
97796
779815
965432
555082
567130
507261
980353
54418
464116
85480
616087
325264
869272
888207
337689
2451
569090
842270
117974
774711
547906
671452
82549
672824
819212
246434
922174
760777
821119
996194
792360
749581
606269
535918
559270
100112
426416
745582
295696
649032
476278
623948
801244
687652
387562
95482
405781
162786
307128
503440
456004
418387
425684
703841
91315
623230
173993
406966
538699
264585
983644
510468
776588
766946
106023
445533
669843
906464
89716
433457
752615
827610
305773
663534
716406
312296
118952
174283
772596
216206
610763
502684
43517
737978
589321
180005
794157
716168
519252
945770
709386
302352
437168
480680
15011
513397
408304
738990
93751
419332
786191
670640
137290
530298
968754
369103
517811
54164
890251
449808
503852
584107
86006
427745
407362
285450
531040
941412
705455
562684
503343
896835
153488
608875
92726
570056
557759
793857
826701
398565
808814
473709
211316
328524
320154
370135
417569
137177
848334
577645
886842
446815
797927
121464
140557
816962
24759
910373
67754
163001
760086
586653
779265
358436
675512
394398
307200
75596
83227
29061
290863
68333
738794
150136
252990
162962
935871
462170
687419
248704
199604
712293
479220
265143
940305
909326
405803
786367
596363
682746
985190
407395
541720
619662
393047
929241
306398
410394
132614
747020
620519
854431
614025
864954
379292
231032
252906
772467
472978
74411
366880
899153
266561
389427
363879
298616
600802
22024
722423
501091
571884
677491
482446
253679
264983
999871
484355
201226
637407
84258
327618
362099
390293
583593
541140
767445
873517
934387
204949
155371
303635
428524
755314
946282
746379
836532
845138
648147
541737
722099
564325
91204
838026
669403
583110
195347
774090
481077
975776
85592
217967
159076
354483
431542
729165
379689
735271
729916
448117
84721
363761
335193
172870
881284
214401
792442
64207
659566
704685
987763
374432
757934
257979
839032
887339
873743
325052
156594
518905
440594
818594
101955
423557
222484
138813
577187
812649
996027
650044
890879
989005
791229
208364
916443
888337
649910
875875
939725
909290
926107
980450
647070
436425
454110
125920
89117
579338
987144
716100
593885
81166
487013
378145
864465
375469
974989
491635
702182
608788
17360
530205
579750
835919
515938
43657
121251
367903
495087
998497
343918
130156
513963
732231
317227
920012
261670
528539
124540
988873
31883
131795
87505
660714
442123
339175
835788
358248
544072
870554
542791
398034
463149
428580
680573
386105
43656
662560
921922
904809
963210
33937
941024
994592
841774
671761
12838
951148
648047
695198
247998
392833
103116
602402
617646
593779
470145
100075
189553
756514
429600
270345
600159
150873
905753
425313
932442
130382
872923
435810
492103
510476
973051
36255
467885
710100
43870
222355
313979
402888
514838
173309
289687
467295
111040
484830
147336
116317
230960
984274
179393
52858
990147
597926
806229
48444
454719
120214
932876
769913
617238
785334
847631
155738
588602
716269
291381
211500
982457
503691
977202
228454
999834
256398
774872
379785
551903
645796
270776
85224
347025
916589
101424
687951
34667
917066
717149
798370
144043
108170
732388
719186
357505
305068
197689
508244
829430
780392
515839
978816
642045
363269
230645
962556
669210
984703
888219
228849
157472
820666
802580
892814
923898
364276
802542
378890
302590
553156
959042
665798
791050
233820
417250
851890
737627
314715
691426
582493
612663
165096
597547
232251
475000
879262
340444
957096
125568
792287
136030
449166
577817
593535
235765
38440
344666
667787
291780
689638
55032
660587
83133
570240
762930
152074
516340
518982
726253
494912
235705
454926
66235
607373
945553
12376
133938
977911
414508
109270
976712
913646
734697
633581
841403
911160
199306
814379
381446
15396
575922
378655
713850
300656
104959
88107
620599
767140
761840
234268
954393
483546
391127
320499
701742
701289
111905
948918
320019
511216
111716
384546
168289
151784
267910
737142
862884
559218
327371
476770
570519
852971
790543
293878
341334
894179
931827
601990
445480
976534
874285
438323
142544
140021
955341
149181
977548
55495
927788
894415
180048
291180
643351
715030
532216
683518
30722
949389
833860
613555
925825
481807
731197
12093
717413
367408
895825
520711
321481
871970
632853
719239
419415
670901
28928
362300
968588
726826
795300
511374
427494
303846
191992
804693
195367
662180
38989
217517
19613
120441
378529
596020
564896
892862
288316
218969
290057
110010
521662
735736
373261
637687
99548
509695
162803
508615
177673
485550
605511
507316
381224
666636
697093
778261
861685
892844
308285
848963
127682
808304
768878
902142
362929
690999
349938
319602
573863
112994
749799
13430
266765
666434
310274
718197
654583
833641
636338
432023
135518
412540
180604
843062
246817
481913
163281
685483
86241
546058
997031
323547
520442
513201
917706
562226
626101
763958
264320
898727
966995
124049
294135
258692
834664
73010
806243
763693
352295
570634
998449
909979
501417
921360
404734
123761
509081
142782
791955
972179
533220
40570
593239
166305
428900
614292
200304
683482
13428
463986
152803
828521
270461
366158
767851
521208
743404
673771
262742
324676
644099
371099
457164
525515
65651
828010
701443
829723
226751
798490
635990
901959
447379
952304
716272
788497
362477
847867
189639
693717
805078
392493
23985
643826
453538
647432
562856
112251
263403
282770
678394
428055
239370
428395
300567
451056
306115
777515
811846
279943
108285
816909
118967
879139
359368
957465
253640
160336
720752
45148
364514
580127
82294
721187
242378
4096
142116
697173
339988
262109
964190
569008
100650
447186
349192
137622
364233
668729
470158
608376
590661
384920
600810
883282
821933
315938
988667
209423
587820
843187
408256
344912
77354
761552
65820
805876
215416
689920
901425
819247
943179
492961
636913
958814
445148
96873
844624
230415
339292
127270
821871
369645
804894
238167
156898
551541
494453
61380
829057
589784
960711
261977
637350
429865
250295
671289
805086
264820
634060
378676
583130
606372
74229
386882
486014
535027
835049
45726
283669
457725
631352
108326
518433
755764
949343
863478
895418
857259
479799
737529
426387
610915
501370
415272
955195
923254
684079
946841
541847
916812
502366
275245
126937
684522
206792
679602
584915
751614
69959
113937
397335
613075
250875
76513
719496
990907
437552
62426
731561
292370
120200
86214
188081
993557
168917
568776
971180
263116
44800
580221
434280
79976
168480
805258
477772
561455
361226
934018
383885
451967
27459
760932
978066
666498
982834
860685
129197
706321
888370
302580
885263
189585
726166
638469
92549
50125
141646
823714
212220
169311
362507
548819
561382
452996
575387
219414
43196
16506
226389
681002
615238
449215
122491
307261
124477
402291
32808
817094
180355
149698
316866
683403
138408
701824
749443
123028
289724
286996
488165
197698
869330
689143
320114
847915
273164
154693
210230
165104
370671
52797
833933
690948
570757
838686
475550
223368
151606
724081
887987
375285
437830
744536
613645
951240
217850
589955
210111
153283
705304
583136
738505
874588
316701
629609
147630
170799
49215
695658
979364
717441
204606
850964
161878
55034
724376
134687
72157
631257
708620
761577
169735
594914
159040
312503
863871
949561
659124
609443
181687
462110
849038
547564
55703
237074
904059
454195
205850
155861
932400
92279
956259
236343
401118
690100
470529
435829
880923
776556
885405
701619
720051
257421
292028
926222
965597
773027
794889
103131
512772
281151
663563
92084
504120
101474
155947
203040
176612
188052
92257
637231
611392
203502
494550
917439
949597
383360
124833
79905
189481
881696
794332
191965
311469
767320
672213
155277
499564
579978
250164
751160
103549
29735
575867
122662
395647
360578
92574
21018
576142
865297
565809
897647
419101
711579
292870
277822
279990
516883
870674
918338
31823
884626
689076
257036
236080
175438
853333
412079
957363
849206
950390
887332
342839
840714
810445
626101
361447
877817
522033
233411
384857
654523
744660
325692
163882
637786
923051
606170
968727
624472
638847
426651
91850
713031
271607
284293
685151
125361
924652
111881
906422
497947
299139
834036
318978
552806
824783
844208
148353
693937
938152
665394
331274
35400
475871
206042
110432
928466
535609
58999
939818
901084
312139
178627
803373
726691
609518
263985
895102
332503
675078
908389
167953
619094
18570
114834
378691
107978
37711
780028
676169
255841
240764
424558
678324
924429
459689
578644
309343
851311
346985
595356
522449
625871
772134
853709
963126
113774
920736
429469
828078
707847
403792
660238
367908
17330
973908
576119
140231
504466
500885
420085
27725
935309
135318
405483
280423
34735
630827
555761
708978
510804
660350
452468
528897
110818
208935
513717
694496
190717
65726
98921
904273
806925
72665
715798
24355
605161
792254
202990
237149
877454
469833
320502
43488
19058
109115
639541
927647
718683
927058
114828
833054
277588
806615
259539
356486
11867
312879
935868
726383
781673
244615
298141
635136
44524
377755
418214
665079
423534
237857
956388
114652
524478
206333
114638
121749
274574
306559
275745
693334
471693
973615
15923
672122
963663
62323
578920
836160
185354
707271
840241
345323
599756
645582
446573
527651
330920
54554
224985
431208
820181
241388
141959
434132
29466
575291
704636
542853
721017
75255
170526
199117
931831
68491
952695
477766
113461
745224
615245
675042
498460
809301
63879
253439
744965
280402
101025
681074
247233
564158
610122
643437
409154
207831
973751
185372
558717
12425
230931
737376
89550
567147
925642
68653
547956
231802
882149
712847
505483
2
286408
563259
977720
844151
742133
427164
643168
367619
996787
345552
258148
634507
763264
68953
984525
784913
988606
267311
700052
282386
91059
140489
869391
226371
967561
254789
971558
337671
951598
59
901828
190116
139373
807064
383519
582184
700959
106024
665480
252777
189794
311330
695051
561936
600655
61861
282353
313144
96772
665798
215204
983514
853218
512200
480495
721765
434420
283882
134136
358294
442000
253641
235244
537604
410956
173573
724226
47275
2903
399060
113904
63121
552701
636746
703704
966042
621244
745691
499260
726465
616493
750893
864468
705351
114106
516142
607365
867189
207013
874221
447124
905413
608387
396218
467832
130874
422179
168407
246555
766074
341434
734077
568398
275337
957746
3262
752339
431590
879647
303133
315904
839696
34246
74805
344953
960347
92422
490117
130016
606317
226561
156451
751809
374057
175289
271487
65707
183905
659189
722604
379107
580624
437364
865131
97945
469075
48196
263872
651246
130709
195169
763591
962908
40020
989258
704123
92773
681787
677270
152426
76537
944276
113169
135588
170737
370625
189109
166615
374023
443762
676792
47208
325327
591267
329872
756791
527076
949981
931224
833914
48906
634951
306702
834034
359182
418267
408357
138089
760685
140490
933260
202719
411226
415497
802926
986041
200806
259656
471431
852953
297545
982113
285332
450099
444247
136461
142228
263439
434396
819586
843007
861126
949309
924952
188801
542232
898750
942730
331610
354752
541180
714359
580069
44539
814134
183925
389340
801747
695339
630187
123441
82017
639667
597623
784222
170039
62707
335976
827907
621670
968347
698522
335839
540776
252088
427662
255938
384527
439840
22910
726738
219392
277442
701153
143912
263827
309378
220894
618892
406056
798124
879434
481350
963199
431890
29577
721162
564766
985103
635396
779587
431350
27626
518943
717159
799773
364351
634186
562498
90835
106612
487425
270275
542564
47182
675319
432361
115103
645236
269015
117258
57009
527059
28526
409504
403436
991442
251486
574386
624262
665063
454045
815938
120769
252265
97725
992977
652691
568716
459993
458617
174822
49528
865701
173096
424496
742443
387151
221593
116747
378116
338640
549032
991732
367336
260840
559748
998556
185626
738260
145674
521463
802056
85159
739097
369840
132085
321293
217510
939050
33206
925380
815709
656860
917042
198834
819071
758104
513059
867240
439040
45153
935925
95192
428513
343653
43859
256452
80553
199999
599738
837485
100858
989437
708636
778686
967067
798256
310809
466319
293725
852278
300597
985292
264246
382162
307021
924983
722568
999814
599748
285637
539651
905764
263861
278059
301394
256394
967584
735067
537642
823253
856538
705273
483553
648171
747279
643487
95601
91092
66477
650359
413395
664050
533113
245043
228990
586849
223976
800053
235971
899874
65919
631315
429551
139548
112397
799293
725249
275537
741856
702645
491336
658312
37345
258826
438474
873556
370096
599730
639835
329602
223263
488827
968178
936413
684456
988567
830967
919353
110523
220478
953033
63407
353707
261011
524555
48588
202797
842368
744220
637570
378931
365037
210192
945423
657297
986074
606180
727786
944819
41132
331072
271190
975689
362519
550916
353243
178346
140100
57324
890199
783999
442290
770952
4937
725787
749502
74832
367239
507251
868494
839098
877870
54870
877565
305187
102387
458813
437961
358569
535309
553347
242427
811464
741295
43949
624340
525325
904509
519120
954798
477900
557683
130052
504696
428193
594029
252246
467732
122755
826062
894055
303485
873065
449022
567942
230645
751414
572103
330938
664941
470497
333508
442439
681474
876206
949349
332865
915553
922135
437912
166418
856522
594810
729671
339757
328782
333443
310764
176760
223601
830744
312435
796106
742187
282837
388691
152178
327397
658025
740994
556145
993096
906895
254372
642988
964767
658004
332507
998200
805897
152164
501276
905133
680317
10059
126066
71214
477358
284848
59013
878288
772083
372394
265479
35064
588121
190967
185243
674114
619251
75416
901846
218029
554326
167693
956045
786591
451896
744473
327926
592406
778346
376995
361588
110811
939353
219946
755406
288176
862555
676439
248633
657777
968066
523840
832234
748681
351046
101526
966958
137702
106356
668825
625072
83063
53907
27951
472738
254879
342331
364549
140482
659680
722687
739950
153434
939661
640968
299752
322066
218387
302098
253276
129421
665152
973316
583812
632647
775987
360897
797601
908347
745282
676008
380708
310519
458011
132495
187286
346767
116539
303830
800997
777246
797093
702680
431529
648344
484969
893408
474075
414515
11174
665460
99193
714687
260498
281882
253577
246576
402869
822461
408103
902270
544784
783690
935820
974523
822675
889899
630308
49320
356011
164120
879448
316093
592270
149552
887491
503649
259582
552046
986228
731381
643944
716200
366039
336778
77586
83713
67958
776672
368080
414348
371672
230467
61514
347610
999551
381251
386692
399365
246507
334586
608496
207607
506672
919796
625304
556775
261859
392963
782221
792253
253096
30795
548810
524422
836378
794899
497168
387969
116105
619457
197089
983690
148678
193593
722164
361024
449211
563746
597674
720946
104043
495274
540024
460582
45605
619039
431211
569628
10066
129801
213977
445094
972108
967028
414280
359781
269474
716501
352561
548233
513769
768642
30042
720386
604911
385983
61251
129708
61785
758249
478216
428553
986626
367781
426377
369093
714754
195307
450237
859920
196657
103833
880094
429529
172345
95922
48995
667205
656331
897652
35007
769653
831995
369160
647205
726148
376238
392564
619676
680318
687318
391714
776311
704137
950919
173190
356923
756556
984595
830548
413614
534835
851944
714167
840579
720302
927167
375000
257804
70203
436072
526456
477518
911834
689108
309212
204855
250580
346284
310666
952594
675091
8788
822108
966730
526473
212711
597353
705590
331253
536861
153518
747224
383815
639104
502025
216607
350878
767580
602237
534604
232845
764469
566356
494997
695960
350166
659854
364574
123778
642677
159106
129993
302044
603747
59347
655294
174249
732955
213760
464061
75310
256974
592398
149116
96767
205508
218736
37397
772176
950669
394660
93325
764050
398708
868565
566484
370897
191819
401776
420390
482594
952585
855320
314799
960255
877665
513109
642003
233864
598661
519560
650860
283302
136745
370251
604123
663152
949357
570752
143939
854015
222318
414191
562408
751210
520310
310856
305149
542921
178204
253349
858209
132990
881069
109872
416497
272633
928622
390641
867835
268457
714486
119227
953413
960205
694274
645861
724798
576481
452647
933359
527836
276446
105401
847245
877577
442638
100373
360054
31109
867600
247418
254412
776493
88150
241336
17192
976250
309895
801919
16843
243274
33945
492113
193062
392046
899432
446181
456469
161108
409748
306262
302528
17385
229769
487701
627460
263809
694585
682338
21275
26518
826918
286368
291011
822253
282598
620052
460920
23099
228215
98812
634858
397247
127782
596440
484936
748620
398414
656224
246243
207539
869085
696392
584449
563667
549772
412524
501127
656635
789598
406052
990695
828468
642868
417200
778504
1001
874646
25267
351590
855263
524902
806472
630503
680513
634035
17566
74736
455938
191090
164951
219481
504148
84155
583186
905760
460038
431557
994494
983706
515757
664317
180551
954838
189638
198702
208156
257526
579063
466278
296862
876726
437861
98812
331760
777509
201369
831984
900306
744587
352515
968065
185163
49415
149146
495188
398044
265699
912988
536053
160320
865838
619293
641161
573312
915649
456300
12673
165435
466683
911457
384158
318826
853207
489152
625214
691334
177580
577512
76501
291907
12641
656776
392585
10038
648828
898637
158149
792252
27575
223467
479582
313358
769690
420302
406203
399126
258910
354576
830180
850600
216076
425947
333929
834773
393458
875822
460034
545623
945144
599336
268300
252612
775466
551066
420537
207239
670586
261919
573780
104344
944639
657420
162261
96591
195875
10880
102532
349150
13780
514445
426067
760049
425654
974315
849486
214984
757282
805962
823901
628490
768203
299241
762407
250843
68619
928505
813287
153225
131812
89035
337183
552260
337943
805648
233664
483198
806980
402533
260813
653543
432077
369084
656936
249202
515428
784538
410968
691604
997229
433151
289975
621697
651325
996445
359917
575031
475188
35986
471303
839298
55130
127484
600247
497058
707230
984176
749631
656333
919096
269434
835252
546220
891751
525162
550636
789657
653405
817653
8299
486743
844320
480905
274107
640329
361176
723696
393810
924161
932370
596481
781083
637411
486861
378215
261579
743690
709764
992328
236421
487761
72869
830551
405666
415339
347802
948738
634066
77743
101290
305741
16625
439040
637517
828826
793888
591130
710976
561530
397781
176390
636231
816761
864892
725135
992271
294488
925634
389727
30186
266539
35409
921169
472176
189050
736416
189075
673083
315699
748590
113876
685338
884104
243332
173237
200618
705234
83526
912476
106364
14287
795631
335325
769160
493879
728293
715668
632063
637844
227832
838662
297089
217042
685425
286016
473618
228868
694160
372550
396822
832735
697067
691061
474015
291904
358472
568780
251007
691783
6487
379360
75966
996157
541458
209725
758210
172347
750921
496989
838931
464235
498741
320526
325521
602612
67785
88485
86286
192398
629385
21496
165819
725311
663976
108000
555683
670206
974240
526693
386964
576270
69711
322880
421008
280955
629362
111661
573912
602020
870096
979966
797283
44219
649475
634289
289867
706501
383961
229005
30896
730498
470209
586535
743810
169807
937411
575411
882770
147451
530639
18028
55604
363676
823641
162827
645334
159580
253904
908306
408141
363228
938960
8169
193520
798344
122864
55198
944910
57289
526190
916979
979307
905294
622512
597021
723882
789854
894635
308836
449828
414630
933122
275228
483162
203285
376016
233296
891885
314708
195617
688187
607740
595808
843169
846518
632531
331922
195951
525369
427646
899734
643874
674511
770734
373627
807707
315522
70056
56866
638195
834572
959009
241833
584603
88106
269901
919372
145414
742566
753475
923158
467263
781124
97528
756969
142593
851220
418374
96833
727195
800447
80908
582414
752881
521041
585024
301189
898918
495189
635988
156957
969133
127009
712862
315092
261016
458206
270232
414239
307350
185380
981645
812570
85137
18280
257191
17776
101115
281254
487304
81433
395151
701451
375993
865077
693737
614643
555088
24688
587203
10688
634114
314160
898614
206542
886497
284669
666862
936038
155889
746017
776236
463690
407591
684274
482519
743836
53744
899615
940573
816342
659325
24753
796511
450157
780669
621149
79061
484701
859491
546985
643476
394278
399258
376724
114586
650066
115123
193769
850550
522151
481106
720087
192943
397193
526266
375577
283680
592615
942215
995739
969604
251821
135110
159580
315661
292528
129059
892842
539268
571489
293842
685630
836407
72494
380696
765505
243571
635050
603421
346891
862139
777929
212405
618527
125725
542327
52253
141727
159215
290770
715422
89820
14023
915012
928381
408403
949860
632245
171376
58129
703248
550056
546654
207439
922301
264476
274499
458510
682969
919105
799275
275396
283498
756619
883334
10524
405695
748370
763979
940224
579878
251747
489247
555447
281936
691345
516758
184481
734121
423119
757518
438302
341169
85642
724318
226154
65681
763875
416495
335782
284361
747310
642511
229109
849796
541831
767362
337404
657559
256817
184627
856695
524454
210609
288507
501416
829412
40770
196829
281806
222357
784031
261323
295834
604891
797859
566225
451422
187467
161870
830595
666784
709177
889722
713455
745875
264381
88245
29346
646255
760742
540220
915919
892505
140158
92309
797009
557951
218597
988267
516246
852082
212180
321118
889794
981523
147904
460804
91764
586428
250477
997063
262805
24290
483895
441753
808705
899332
798683
864729
578170
215286
118232
570522
870153
843978
645286
146855
275343
39020
20381
900636
553860
761951
292519
746503
521865
912540
705279
131548
392687
705014
464607
599217
687345
557266
133380
495647
479328
828670
399768
478014
632058
413272
481170
299113
548024
337022
997216
432926
845294
620453
500350
836127
509663
774615
818686
910224
446279
884622
157091
126896
34508
244855
512257
620326
712337
389087
654690
280084
577682
392630
59654
213898
418942
660261
861407
323397
786583
634479
75533
177148
724190
254198
846988
135424
993647
477221
284942
260972
999101
741556
984604
312572
379253
726850
778915
276036
671240
858001
162726
244451
443283
574709
476383
545678
917930
451703
128512
721178
240511
363062
415606
274021
866840
742990
22634
429133
75368
947159
619908
584869
263957
353390
846986
402320
110722
183047
803536
382567
307476
750101
606895
53729
961707
261039
626582
360514
212381
175866
19382
219682
649035
345984
291035
447892
8384
343143
897492
775543
261803
552181
71912
897505
891903
978625
619467
621360
912173
147104
558361
782923
403084
361138
768463
964303
659869
338927
836769
451665
115112
213147
944060
603927
127522
587941
860374
599838
926732
372486
679775
623058
934342
777644
186839
402728
443027
819823
281644
250691
258792
710053
585343
643843
474012
252387
92826
763813
137918
975959
471494
44676
266548
178117
92218
698883
635866
506581
817899
343875
628198
962342
31958
681291
507070
471534
705968
149916
227021
631588
781312
673141
516362
143305
20609
939843
534801
607467
961346
717550
327757
84819
300973
118468
633980
628825
75194
455567
125422
496679
129647
74664
887251
310494
597628
6423
730985
345353
123324
128115
400629
488446
110708
731521
841678
694707
508934
749306
39460
424965
78659
725782
963105
145554
756679
762808
184072
663660
885505
393449
738023
416838
413020
886558
458262
663813
245296
345047
326833
722939
30685
211863
299582
392368
641638
477169
222263
216383
609840
841873
295125
216430
169053
275852
115215
4929
764252
258124
228689
230530
510019
577003
629870
736872
227614
48989
398156
753023
770590
858667
18439
702308
214394
708279
806362
699954
398902
720247
452603
481494
472729
212799
541635
963649
369831
457642
206871
858829
207539
837245
471565
382583
240191
97509
516835
774029
754908
947242
946904
976801
916837
325120
578208
799377
655770
929360
285956
606435
771597
36289
948484
830201
859637
350256
132425
596520
950986
997083
125942
563074
984361
440901
550086
295966
264913
28135
867436
491290
806749
857781
759384
971639
229749
698258
747462
550855
849090
659153
995526
448401
750455
983523
240091
350737
416673
222357
749333
938014
399166
387881
844975
889133
897730
509899
852898
292913
910133
206238
885376
536846
475808
514068
150392
70288
354719
769476
715642
333987
937878
902031
171649
296826
377388
746876
301040
976039
66802
884781
872966
48131
657668
30787
78559
674175
104778
783044
647719
71761
270017
59185
272316
71318
76286
817793
786816
138794
726027
794674
164747
484480
404715
331504
304083
592775
607267
277690
110472
706945
786505
130436
797743
146442
793480
193479
662136
113004
527909
854188
332347
851581
771795
857140
234438
9760
881970
288329
127129
942340
863326
917792
120880
524710
189694
119514
791641
485197
734306
374027
135447
682275
296859
425003
45371
353029
474951
832424
596067
964967
363871
23202
59702
12929
236047
340754
314358
31912
927416
258541
468275
955393
736055
750252
861037
102292
206913
113161
471344
355601
54889
99092
451258
807174
169462
420055
138237
209994
4427
113548
233542
587851
427095
505161
553444
572080
592689
93729
535907
391544
988703
563665
445244
85692
974256
818680
369175
885023
413758
218103
629616
920405
830873
187656
90340
817222
193892
907062
992647
483267
660673
74510
621646
384984
116844
357565
400339
490816
448371
369345
657081
455556
216426
200282
63103
29141
776865
30924
614373
381833
541750
285319
585417
274611
95359
141603
107957
396053
269602
243523
283314
49246
868981
318433
981874
339743
915104
155498
240271
39995
746633
999282
867607
21185
783391
59440
362172
367442
361204
34615
726795
144483
292749
668025
718616
258783
50594
955263
398510
196497
670468
946629
631002
284272
862848
966452
709762
960852
971232
604358
696061
384551
878371
376491
760582
728862
167606
569482
967500
235627
974319
161698
229146
916651
919982
602118
341379
153828
853418
215045
660714
475427
683792
296454
542696
433345
130705
739659
539144
208700
68308
644690
577945
36575
608185
736165
717563
715008
130340
174502
896577
17416
330655
397361
248468
958313
982956
11467
859868
163235
502821
238180
690403
223865
564255
706888
135074
430860
212784
374884
130851
724537
737590
302543
390265
130790
967560
445238
90248
628955
66759
260173
852373
291930
611147
272956
907308
391188
399999
617110
892794
829037
887678
628527
356180
10354
105391
859063
877252
815160
765391
20451
647015
790330
617059
349010
368200
780494
316209
672631
340408
637986
386709
188044
588109
977091
969943
210741
179527
312113
31910
807346
674528
697656
562385
217496
270730
145991
239920
432269
349271
920591
164927
458834
378029
807089
434487
915975
128159
960468
431459
640762
3833
9648
255101
254244
150817
739075
76003
908875
23333
545625
543112
713877
502606
397367
578127
121889
100541
763573
498340
541586
340563
752425
612266
767678
556508
616683
353153
595713
197065
493225
151104
234645
776532
787135
163549
871053
250729
335498
147534
391591
125481
329376
722411
644185
980369
230218
30736
126142
748672
513807
416037
995789
611754
394150
213227
774
399073
69728
318605
217296
958613
925090
717613
863591
555641
719256
173550
689722
472086
269031
43232
298291
478005
188682
823091
83092
129127
457405
430260
516515
411409
810280
470171
818418
940151
836836
510096
302002
88225
915780
758472
168202
562442
596452
410357
572700
598638
42495
384884
573146
832406
883673
831149
398880
205592
331089
940405
488328
347639
657954
848526
715185
775020
341381
391168
885674
623927
459874
680493
2273
890973
355201
739444
648981
345155
486174
248292
871970
146979
956888
807303
376388
703519
113777
776121
323586
920345
270561
613359
941165
890314
357904
655026
288097
568704
179222
616382
6561
765771
590822
483941
357245
348071
340162
208023
839339
241738
235246
727319
48956
570132
325138
722819
816952
196094
398104
514680
135080
361259
683220
874826
121634
641857
838170
924351
611861
560884
32500
705598
96922
105065
676133
302954
488100
615535
501936
929217
46035
660634
891381
553199
379286
467680
215139
801959
557332
918642
120955
484609
349802
252946
151349
511582
342995
202108
212499
878916
142695
786807
852438
502540
987468
667004
613460
316604
724023
169697
793938
531457
151650
442283
872349
415457
9343
548269
75479
620714
210843
843299
20901
794388
666952
962261
858120
429465
352350
528661
947169
900378
74883
908987
823501
984264
410455
177642
557839
887836
986432
466125
142923
431194
981619
669704
956491
467981
51459
266321
391953
14448
519293
986399
299060
619368
6999
169659
983418
123291
305040
377242
232165
128770
156653
624314
301697
273084
523068
787514
27887
440818
127333
24013
897586
433345
436537
767376
308952
242285
394578
620871
909198
603999
886561
885631
922989
45580
817045
969064
526037
164565
685962
533798
671959
45940
347137
618357
342313
925858
90893
406057
472470
272652
800612
849760
312744
15357
338182
177724
15629
150024
456242
49532
133005
983973
926156
485440
17635
827336
107217
301634
805712
873066
223865
262212
978050
568938
444994
239786
618779
676560
735617
937759
609992
924680
378924
293776
527332
536416
978724
53065
296600
643655
367961
610962
129673
542719
234998
513390
468549
203354
263399
546545
926753
115539
933378
494288
646286
754897
125654
34593
812824
343154
893800
288831
707928
421986
883652
21440
658187
861279
273682
138810
750305
952958
972303
460427
671640
84008
261788
200398
123244
296102
726842
470318
954938
757393
546026
796496
194708
695724
113622
849711
887487
473752
31276
414884
724947
117813
269100
491479
18132
793383
787191
517583
670807
569729
485264
58548
17206
338599
112436
135371
291413
701940
303703
687896
987573
511148
377285
925515
530458
365937
71488
753051
434016
973235
815188
611888
806037
607311
665323
756370
702697
610429
558555
15802
422797
237534
343945
792448
725985
630855
16005
919903
152916
713633
145698
462477
596172
541535
211354
382833
993881
628862
988144
54885
897951
24009
537051
228805
162125
74683
669771
65955
353731
476970
728760
939058
106801
95643
949870
624755
704272
803144
73911
116189
589696
586543
885019
901830
848116
111353
283637
696682
305881
223181
70091
219991
549581
633980
669389
862909
909916
225775
632399
418720
715563
376441
824667
930586
964613
63645
947983
532446
237508
80492
660215
810903
103740
336702
560694
618069
302560
704878
166810
729703
773539
489197
970028
601480
491628
688134
417910
48600
537234
721370
594220
491807
417412
85574
433342
996786
193059
551497
653800
153364
41297
277519
23887
190886
241314
549274
894741
479006
149955
738757
954366
308193
198114
661467
480698
287160
247856
696184
236246
946338
681267
942795
938416
235651
670492
416952
449522
993992
647375
658283
979804
490432
225615
531517
434642
14151
558109
926668
280783
691673
76652
320164
906710
139147
392307
761884
24225
368352
769579
729876
473148
958551
49105
608287
140791
463942
372069
567894
31826
270806
518151
387966
927498
638078
753940
979711
591840
999585
562254
140771
573885
800308
712516
535100
519660
218135
865276
278408
697964
870981
48836
311916
554353
564379
189008
669394
742508
853210
419269
391309
478249
704106
629151
480473
447173
39183
762124
633080
187726
146531
93816
493390
177384
530221
182015
155329
622134
15866
649719
521128
381029
382417
99090
990698
731204
418436
989005
920673
883780
857670
749181
252719
3033
699211
829604
867919
359362
167492
453965
171258
251215
271237
364592
321592
207403
173292
116604
780431
120067
286723
496896
938060
29896
189099
770023
296094
814231
514565
807896
383771
415427
232364
178910
365328
960145
826439
143732
158090
674110
795834
308049
329923
707887
994617
674346
234124
863259
250939
313063
647502
205221
259227
326435
962361
953155
690494
173998
925343
279676
968339
423580
206936
753504
757774
706281
175228
980474
764638
664158
741844
924443
75218
580282
532799
674838
725231
51986
878518
848866
876650
762255
273004
6888
180049
993603
37781
381891
686198
886153
223424
377833
884955
504538
475719
335796
312528
230038
638532
674197
732799
684620
224794
68770
329442
445608
669620
900537
817044
88198
416372
533228
540409
995433
325075
882297
457467
224334
371334
275847
10253
970780
49345
230752
998943
423835
856869
976763
556236
796465
817689
412249
938736
461663
210414
457579
226198
377167
939103
284819
62736
619476
625111
902864
933714
580984
583670
216856
734426
766337
941568
491158
862643
357474
79303
648791
454740
295791
145643
470786
559191
490308
706542
413243
848110
280692
370705
494085
811810
258324
852699
308968
981954
100672
714442
33271
285484
912513
589123
101168
531194
729738
125219
863293
600412
550048
849918
732226
130028
560936
508162
240361
664392
297496
837545
51730
649310
144187
170910
500918
876375
591801
268708
585257
803111
81154
616538
43253
509817
698457
129245
316558
681377
570996
416578
652579
633622
7139
67534
152178
91477
198331
117937
241789
961290
246899
838899
300339
10112
827789
701450
299399
510710
939393
517443
654687
662401
195261
441783
71861
269913
32765
190102
332660
855659
900042
407468
630162
238263
849020
611534
766313
846921
708931
826373
864330
127367
169297
362782
731086
247158
703204
286592
608478
207334
754721
582469
281332
41631
64736
192571
684446
281702
950530
477848
148837
331959
877420
326411
310534
631220
679768
989222
71608
804596
487446
101262
101431
191614
481573
945896
252420
269067
536399
389857
90462
729149
430694
971942
667547
213231
133741
519716
314826
381192
689928
176690
387156
504497
158697
263729
257753
774939
316912
728752
263823
327031
923118
436281
528905
55283
369360
633760
122430
401905
733727
973844
878489
715186
544654
447373
372336
902394
816269
260313
323182
746829
952922
217309
160985
796746
362199
128931
236925
951998
487865
538479
888755
178993
393609
625975
702151
781148
724434
375600
123057
937709
251743
205534
896038
532816
848230
122855
159153
544941
432282
418302
77665
913818
218712
916283
274802
706155
860179
234663
264238
449688
143993
397834
475180
827209
644077
621018
146674
709375
707602
917174
864825
502466
50169
748527
5678
149075
699360
889665
135791
426456
660563
492217
575403
745973
268048
874276
51046
10060
891473
12879
979413
245348
470013
819752
938661
751413
224281
64979
869254
640017
247314
45519
201819
121192
348319
524516
829394
116548
100947
972454
539352
272942
235008
872413
318676
690013
107004
364945
75817
115099
24843
145629
319415
578114
925020
759079
461533
365090
943508
24508
889012
29350
554071
982005
646020
67916
752046
429416
550953
456573
687250
803582
303798
200839
830344
552362
13363
123824
91740
232856
281611
850116
791247
658325
405863
658279
382533
6855
425047
422940
264718
793515
337268
690807
701701
140824
988503
438363
374846
747700
795330
389925
905770
771611
722789
601021
158629
505854
125946
738578
336194
947071
965176
540896
710421
672408
271063
71845
383870
699070
37774
901738
801430
792532
441144
865836
821389
703640
84014
941864
807166
603786
351469
76263
330906
740046
234392
953602
804068
193920
450980
274323
906057
184790
472860
409829
624482
250782
661824
136979
32720
733887
399428
816632
474123
870416
682783
982292
994615
807655
780048
636990
319060
116972
950358
188235
130177
377714
517471
100037
39240
907488
119523
945608
862503
825023
825527
722735
915113
471913
9322
143953
75500
865865
379539
99099
494559
813246
20394
594209
643380
273000
286916
295702
117507
692620
673473
943974
385975
906207
176946
95853
496801
125065
701926
600105
632768
777272
874253
941056
260461
368592
981955
254230
989801
365243
490703
121895
497475
803104
707527
842895
541868
381544
574230
31701
670054
386738
940182
815521
556357
201342
928552
730412
598811
982913
933371
331006
998916
90877
906712
892264
66814
702248
916882
725111
392031
731174
405578
133538
203810
535050
34954
26816
778157
239710
295130
423455
6930
641321
563043
617653
68988
522263
213645
634933
418846
537375
604657
599319
450000
896973
988095
693705
882609
74565
837765
513002
826402
535806
256104
438898
30071
147393
351289
188333
244487
17426
560748
73027
510812
103756
181331
23026
47282
853094
745957
670049
307114
950754
196800
258795
589760
573575
906753
412574
78038
339888
655897
260457
238444
785559
779780
492037
668541
665589
116645
835810
130402
682813
938523
858324
388521
650532
769942
199125
564320
656501
155531
563618
516582
600634
231298
628935
248547
184431
899683
986445
342308
761621
353637
748234
178627
963283
522538
860174
812155
548027
449107
839916
452598
81864
164931
620980
682487
251969
873293
669185
883779
337775
518150
749127
542623
882181
244833
151673
546646
604032
31995
895452
522151
889509
867630
913349
172160
233116
648867
387482
808344
373866
691895
698057
751214
719158
176666
769701
422916
196975
625614
152207
637436
189776
542306
879182
837138
389511
117240
872174
627113
66812
942415
808738
219459
232190
412336
781909
690587
333041
879541
828446
832293
456685
447296
157114
365248
918443
295425
167555
467982
947291
464101
603424
366522
754688
809734
839393
160458
719943
631462
803500
509237
869293
117960
698376
669785
770124
270733
377622
227249
190838
619499
383635
770357
14897
43599
691999
959698
600190
734134
154391
522090
885150
232796
936780
859231
987937
433363
7000
885452
862573
398831
748925
599344
638869
525470
607209
878238
346855
662540
842745
317336
170708
483965
639206
93198
483985
503088
364656
515617
808623
634992
555696
838903
440562
261737
891763
252540
514960
295806
66952
308932
283404
235341
850291
591834
784713
730571
757464
85760
358888
73573
343382
369033
177777
734554
661798
824899
818259
717106
343849
947863
345504
839821
881900
929363
157803
559626
998184
243682
867011
988904
687679
150245
282236
755549
257589
392877
113450
561298
991971
811896
954721
609898
794017
120253
896585
428752
606998
6625
771764
568248
195316
647342
485191
568731
209508
602088
416164
32987
128468
30676
521905
867865
794734
155769
935041
241829
606789
185230
510591
401889
698761
109247
680482
378686
912765
518536
433206
794947
195688
84004
966684
900021
795435
209500
68770
546395
114158
876317
415076
467384
160244
43381
476084
381085
566328
606277
132068
834458
82764
677392
821217
38510
384053
231543
634062
997020
172208
42198
124338
25941
417313
225278
40089
44076
23763
554787
808730
141934
370392
722790
523844
843746
486768
800881
957752
473875
488643
45496
925503
969890
597095
730702
347151
406247
954513
108971
700083
715297
727796
293043
317440
512412
415882
779864
710032
940851
593910
554086
45700
81489
322479
139089
551148
318862
343428
661831
362546
426716
221704
324872
793719
792724
838922
189663
624156
398042
654297
921018
582466
420716
542098
454150
559527
540514
755579
221382
492945
775110
989181
278983
801777
717768
652825
808476
491288
391662
223031
164616
662005
276089
717871
578984
454922
782605
581285
59610
109275
712793
239114
606187
359703
646469
38521
70948
348520
151074
90472
750842
11443
358848
441627
750529
872204
161966
897333
282289
760051
493709
696984
155531
791417
705999
133239
511666
849343
357513
888654
747654
535346
465883
337457
179223
52255
360245
203561
10601
260303
759017
272636
364951
579639
370727
479218
518562
990875
868605
800442
157542
390963
421692
10590
902396
54330
51574
911637
122434
193518
521747
189396
502973
557000
925319
330938
82207
317385
451185
923999
449680
550234
294815
99010
591074
78626
349299
123852
63416
847244
82897
503102
102991
481369
715491
510010
987921
833646
584492
346280
504053
493966
62549
517040
173381
558486
465757
252462
676427
686681
446619
602291
738124
550519
317988
682448
8610
711802
845692
829627
586969
391746
637430
901983
43515
699345
197516
656871
334703
442615
658398
32530
411527
671721
463098
649193
863263
546582
494969
309051
245606
840968
780900
620764
147742
438937
199960
72196
4127
694135
719229
754560
424214
859656
80531
20596
238292
318414
927899
5823
208580
212153
793217
166079
870714
547863
320804
885894
256159
644468
785841
352528
809744
130
691418
880320
701527
906073
823672
783820
836155
587269
874531
903799
619486
73656
98059
753660
761740
393141
863219
450730
50299
895258
284101
633474
148129
618113
608557
660021
450146
310566
779395
187847
612592
610280
123208
265738
383911
653925
449068
451991
180006
463168
386362
902507
830186
86639
394011
45853
527828
160177
280200
829317
234351
930715
823337
371409
732108
605694
189323
206674
148811
279941
405702
46205
853106
966984
289868
899406
472111
718049
869106
234205
359613
935885
482289
614294
346928
97569
559327
325706
275870
208218
337165
369463
963462
282684
716121
114726
243047
328902
849580
270791
55689
423228
869196
854633
173284
927267
280603
258517
758225
314495
912202
751265
694497
308092
761345
13819
991954
584989
526373
851309
860545
647814
30704
482696
299762
489641
588664
888983
875534
712532
893700
775470
379652
670555
306333
30296
517009
796275
592695
522652
391382
735813
212966
947211
787067
622302
407154
162163
864600
744822
459380
211818
342510
990736
125546
47549
948630
77922
935187
423746
230809
593801
675305
518823
495735
425832
419441
975014
421767
131379
369263
946548
250007
390642
690837
662002
862158
360415
981005
261111
283518
591610
837588
798083
911187
563892
271954
732181
30623
248314
835309
92485
229893
50363
838952
822732
300202
300270
994915
355216
45023
93487
412108
351517
900569
266356
297155
727328
955579
197642
654588
398659
209213
468182
498318
281489
450218
566133
889739
200694
676001
243857
687039
308674
865811
453962
985664
584623
28569
980053
420288
145916
927617
726553
357625
247965
342136
111643
147112
427980
433566
315358
607196
755424
91271
436524
720934
252135
876784
610872
957335
356343
471929
943104
565261
55701
606378
160328
969981
95168
534132
754039
385320
858940
564072
503547
639721
172611
441119
355758
7330
831027
820080
598026
146694
244386
553937
444684
793220
534465
306714
534925
128677
942212
637090
617425
331516
337252
228014
634510
196002
365683
991896
592636
150727
634155
613649
299497
787377
278158
115148
275748
191483
805694
309626
798082
883247
435559
370423
119146
505252
148861
33678
348126
393277
377663
27463
150066
647398
267711
930910
4602
238272
252425
14336
74514
686337
863759
406413
983495
908036
359348
85219
288100
35293
611999
336839
385828
882559
584869
88084
97191
866072
88299
244703
118754
533917
346854
992833
695521
954339
601763
950420
292668
108293
133300
19472
919507
781034
161032
565970
117787
440042
145442
267232
477387
913748
159866
25773
401293
125776
473653
528631
902033
371921
841144
119247
238170
217561
743115
450971
194064
469924
357014
230382
601105
117595
227051
704464
742219
146152
841785
273151
177226
318556
616695
601974
93495
201835
844500
934058
198723
5267
467570
146682
660733
308531
3193
804345
796926
39012
727268
975324
645402
534950
357939
639074
83465
19023
971273
121646
866918
952083
583863
610613
600860
823697
893929
540907
108489
297007
536453
424140
739011
998947
186419
595549
829865
246063
809413
388996
461334
14496
253107
57092
333262
959877
819596
863598
622407
31356
503176
767635
385893
700623
782933
486561
282234
367980
983735
954433
97234
630971
446742
796541
447802
907412
316735
180057
863662
144680
775806
236101
159020
1338
465678
769466
804702
557423
834920
872376
390205
325389
56555
605377
843051
615658
110931
407199
907619
273331
439212
286256
349618
761843
52494
162219
37586
941520
246143
613690
323426
262003
762552
587958
350543
830412
499315
549216
348090
392997
751699
171645
895998
444244
533939
802946
366161
97758
988145
218044
425259
19834
758030
23641
915532
138540
989241
746803
996497
164788
685612
653877
916661
427589
700386
588755
110719
206386
585056
551455
51289
668212
144071
205687
86445
675208
593695
3671
685653
180099
463491
609052
461571
122122
108363
848483
793362
101080
842169
268647
499635
285796
121480
670588
812811
771600
54068
473431
555907
116845
165924
50264
953478
295431
804975
421408
114973
903918
407317
478465
267665
976714
311490
891009
162236
643312
348550
474
393543
674128
643833
105637
9389
713703
439831
810549
108124
661817
149963
784676
824299
264283
742816
539474
946310
32667
564518
444987
35415
207624
394175
613077
607557
531272
105008
42890
847827
181402
737601
999049
642033
550071
783526
673630
992137
361788
803537
555511
209623
403557
679690
413618
491773
940341
820038
690288
458605
513576
673105
108862
287031
191459
103123
134222
235583
370851
560350
25300
670923
336096
826767
786256
94623
406992
729760
635151
673559
224417
354211
137548
904203
625576
341972
362782
97948
179883
780155
101575
166174
226659
145837
514102
252018
400702
402019
943912
560577
929209
435251
734943
509983
536736
395590
821322
426106
454677
348789
808209
918486
518230
890489
7943
496813
468520
302714
768335
31569
784302
552766
994807
151244
209710
270302
153404
935552
527336
62335
222142
172615
593304
658434
365399
146954
655705
196866
240608
661942
215601
176028
891846
10194
413222
41963
576152
951945
656560
509838
484407
460602
531160
832039
694769
132340
601874
441860
965296
887873
66960
123288
528503
267567
180501
947482
126919
637867
402010
204116
839920
372646
801857
377726
491607
106850
513340
541271
563754
757162
60827
927263
491264
551574
747596
748370
323580
119082
127101
871201
465464
62494
631770
487763
124506
389908
564997
971828
512207
288075
497424
716267
423175
28351
561756
952575
757349
278636
149140
771068
982973
145057
600538
954776
862213
232213
842620
761869
865639
705190
804063
389261
73430
782650
642903
520021
816672
209715
253894
323054
281331
734801
915199
704770
873817
626998
221450
416378
907284
299323
788141
954362
52000
532715
33058
263494
918656
806884
943891
891160
122745
361479
686492
838916
802266
106967
801261
668671
424525
26148
342832
786432
52205
364937
891011
349619
333596
349581
634831
658082
590777
894616
506066
972295
653743
907235
13427
126491
994717
904944
145295
560012
433634
349479
599929
775425
763204
448754
896303
516622
612699
155887
573711
158695
447968
195421
669709
508271
240706
204753
298626
613803
833096
346213
616725
905863
714809
845857
815071
232272
768344
639426
838706
18411
65327
766870
606182
887244
802154
935461
696726
720983
541569
977299
847517
840985
100436
872852
153348
83345
372670
841312
927074
790041
603940
553064
181852
800541
331804
26725
346767
443928
886789
889458
140955
292001
571783
880847
101794
869540
584026
829389
802351
547273
784719
626111
327785
188773
569750
216874
650850
916256
664706
111351
625783
878206
505769
294960
567812
735789
198337
444825
540020
540577
587749
824146
878948
422990
392323
580865
82145
395927
437812
445840
677079
21299
946745
783476
88119
989309
894044
39592
401883
164144
781404
680512
604153
402703
460395
162428
229145
901097
640314
148306
535455
627799
369056
888001
176781
107657
115015
265741
624983
170316
808434
732678
109205
552425
363835
961119
995220
895854
695714
805599
204330
216672
691712
833532
632271
44108
194232
886997
315106
951321
239645
493281
645294
778702
338962
207927
505551
682302
97581
776434
855788
539927
375013
817085
511849
977588
122052
767294
952890
306532
388444
525713
535895
518673
85917
93844
539415
738579
496474
531460
693362
664062
198164
152266
919119
153057
363136
878371
116774
296437
53596
867396
562902
37896
361207
106749
532018
328213
589984
955541
991090
161620
303160
26613
364074
669798
897633
105890
425779
893435
945054
966112
707454
865988
760766
194418
690028
196268
149555
64484
997401
382725
863108
856848
847519
75197
183728
361763
241513
606732
201007
544489
388698
556695
399709
512275
25280
971156
784595
473447
20150
514687
384421
513216
121117
768789
813571
516813
820305
5308
197334
868299
432962
499313
891176
903103
340067
713024
169397
815547
703038
379865
831630
835935
100720
55520
93710
715960
856011
621946
59334
552579
128255
439366
726639
429532
861691
129904
257854
657709
579349
394654
117701
130935
416458
450310
843535
110972
595148
506199
516179
493259
200808
864493
445341
233954
340905
928662
545070
25062
63938
61296
673130
716770
561837
217190
424689
664793
190474
485113
816781
918670
225405
496360
131785
412223
214258
178607
257660
210894
946933
501692
485067
20622
388032
873285
308820
488987
134749
722721
79960
975946
98207
166536
548538
609802
506136
990944
548311
551313
529666
901130
118373
306641
87932
657032
695909
59107
601259
860496
778552
876754
725370
932878
936915
106981
658309
804278
759256
657793
673043
467931
906683
853386
822794
766380
492757
299190
559369
736996
832755
969881
317214
713481
614421
918275
261147
926867
662696
104627
279324
729168
396972
100288
782170
234993
683321
548172
409606
177349
312784
518932
632592
434475
578025
86634
674806
579256
961589
828953
960196
990163
626148
336048
844725
651156
495013
194242
254079
232653
809207
53610
918321
969872
418685
728737
947541
932366
396771
686932
57951
654790
312387
279116
440767
21091
629918
240831
326468
403438
781797
113510
774450
720841
594902
524385
917645
61577
299642
948280
94124
667737
34296
370417
618384
423308
480436
731686
784561
727379
859241
606848
527002
870520
707253
823347
366534
995850
68589
944529
473020
29228
30622
940310
580153
123941
49430
66574
883458
639209
216712
363755
738180
797253
773817
407452
647789
667398
799579
332771
522013
971831
804573
967773
564959
370234
503462
104881
371304
572809
134307
304941
30917
126661
106359
820189
133872
803645
770439
746246
382559
124626
944289
548342
66317
491365
420428
308945
415849
351855
768757
967462
115528
997392
489425
720894
776909
613059
842287
773746
698915
746969
172463
793820
607103
536482
767119
591387
742946
780336
332759
239275
893515
369892
621895
611295
563658
973921
487487
934380
333883
795482
280310
451635
757336
121080
781271
335669
939372
721995
492215
30450
156199
53267
173270
753026
648828
706042
400475
127831
895273
642888
488888
674080
900644
634327
497564
79588
378941
399752
601023
328416
490369
998042
234591
478316
578685
444845
570982
588450
906288
556093
586025
310725
714116
336416
40312
667811
617349
101609
157139
32708
911293
630700
364978
319447
162997
757623
557039
632970
685895
571168
452275
235805
616652
971621
521912
854024
750064
11708
754908
663635
492999
98696
703139
348000
439219
540397
550540
988472
820497
988918
953252
249197
157849
304916
777962
48377
832961
269165
129925
207893
924250
573097
275174
848272
768465
605904
490181
871998
919823
299088
385692
838989
839643
537454
1414
228127
690210
839844
356934
646405
714080
732901
507310
755669
175597
253629
474026
598573
371784
548767
248123
116475
953482
486179
622920
703326
814049
726244
885540
929629
634769
521936
257290
822298
484782
57419
288572
318842
722120
946487
139844
159867
136735
235162
206841
162308
497133
750059
736953
441114
922151
526472
575185
733407
964879
502349
929291
761850
64898
613876
608808
978402
667049
688310
302638
48202
678022
984058
992250
904656
833436
521289
466805
518122
606885
165451
686808
267237
464779
961321
224165
525290
479244
57108
852072
106892
492648
776668
781614
144538
759688
47283
719417
992163
890079
895070
509290
827940
87516
891513
871418
424872
373559
974407
37693
209188
150119
90722
542581
322890
776193
682832
159318
47294
743927
613731
566593
218443
990281
423867
544447
871489
372190
604768
834717
565959
347202
506852
609989
113451
429569
102505
66419
411650
694563
75351
23912
719415
608811
979698
596381
454276
551193
673041
356302
39852
566416
393399
877034
911176
664556
524228
5879
849699
511288
986097
830010
246615
700644
221992
285427
588148
123992
368393
300244
79953
959993
929275
798985
857556
194770
373736
553646
184918
481338
219436
482801
57598
420545
888277
994938
701685
177784
544871
660396
243028
134955
662898
862221
194503
42064
346511
471830
14497
628455
488014
582259
902489
524976
775784
867716
622049
609063
299649
840149
795688
870957
473975
840616
279291
609061
334691
323038
189024
253877
599774
590364
791355
922762
27180
174526
391378
259052
143458
629720
392962
3886
759343
704929
587535
661267
385628
549065
751864
708584
198794
260522
102926
37578
959975
678215
338664
817626
416422
288561
278272
488699
407345
401687
891117
997785
788551
409395
418724
730469
286433
785451
646442
743616
918355
826013
314041
937052
748209
493718
757854
411519
42514
360852
983150
130965
837634
112561
409915
690154
312218
709473
742397
108202
842126
327895
467109
155934
456557
358725
292190
871973
477415
868887
409252
967915
619816
348919
125049
985857
419414
111253
349532
694835
69997
994624
48430
24330
427739
17611
181849
865301
860536
335823
570760
438319
91640
295634
878383
189784
761185
706210
770678
234586
419532
879927
217588
196904
968064
229534
600701
994286
396846
650059
761777
314543
31852
876435
392521
956569
456009
81742
562170
545192
783801
810304
243153
875715
809532
727871
888942
759451
526697
644425
904859
1088
873324
479063
687571
280251
351598
293589
495107
22393
575580
300281
568229
784451
151455
976993
914210
5879
510268
599159
898446
951790
568201
828835
432599
62560
596559
206523
52516
646314
982900
749192
763229
312196
199256
81720
475841
855572
658660
604208
668317
594712
462981
967887
769186
332324
421989
638228
472887
356572
830608
74086
209395
3962
511028
304855
468027
742138
846817
784173
368128
945103
583333
779241
907115
552570
978200
534660
302090
812646
756517
353136
819253
684084
212257
624543
587678
119387
658609
313516
2574
551836
117555
856491
281815
355255
603016
384881
241815
965357
427495
128806
593994
353562
955796
819370
910509
854134
765669
755721
455623
38096
78510
673285
637082
93656
654602
128427
752886
908231
616584
869098
936342
652474
535068
133456
611246
486017
217279
402906
473286
381820
674942
667258
427971
345782
693520
636124
209640
537486
925343
262263
786511
758164
156820
800968
799730
902147
850990
881083
882201
79713
400623
536880
162510
157396
709208
436560
175366
496204
908020
603066
479545
262580
233565
737816
701090
349818
107799
699634
351348
86703
952411
409770
932017
457926
786792
39371
46997
539218
947228
492275
969753
823144
478169
50102
54797
826898
56295
658010
228068
706661
427173
481543
339526
499617
191784
487413
524912
808860
248570
331036
130509
42238
53601
644596
534879
623759
213574
803057
493817
889199
402524
650915
815229
4530
709097
349814
974137
56554
932802
92421
952576
498361
534155
825676
41695
133453
497343
966324
205024
100170
694263
349028
119694
411670
569397
538827
70883
34379
955571
642397
844764
740673
748908
986653
523884
54062
496348
176885
860355
100838
121321
338362
468979
215388
932677
845863
979056
572506
296714
858046
704783
64591
434257
292447
627211
643173
598074
406381
414303
310759
264395
154941
208780
744989
94276
382991
370653
5875
33053
764970
777926
627922
722121
1956
781132
315782
628843
502942
946357
885270
522717
831749
699375
689236
58617
218424
86784
729882
726850
589620
118679
746592
999879
337891
138997
190906
996483
251919
179061
787021
862658
847184
173806
601803
553085
470387
704447
979114
667213
706639
781179
355586
798885
211304
398749
856525
359652
90386
557583
59664
582140
762066
815424
822296
691494
18951
200195
407810
689770
307082
271634
409682
464601
216291
655821
834425
363205
566946
563119
799479
905144
307798
749117
858794
212909
158999
568312
206218
30192
84053
859678
185986
270545
405922
799208
798781
191544
858148
495013
708036
848686
558714
648797
569978
374021
962596
769766
81812
649947
659995
313129
61953
76741
959739
869908
704028
325651
431183
623557
803019
561054
16692
702996
852709
550503
584144
461032
424362
650062
181693
230822
113328
643400
512273
813944
406508
918827
629949
969830
63747
727422
150751
612324
671962
916003
999996
460240
489656
8395
848212
220896
351535
396053
296337
465187
394035
47233
691246
730457
375851
862741
293330
804542
960864
545431
959699
695059
874384
707221
683493
769300
871327
695413
609233
478163
751961
713327
29523
777147
888882
723910
496921
687555
791276
619384
932671
947461
86467
482994
725733
54265
590841
785454
588171
146010
142103
765910
635331
793920
932051
208850
75994
743823
559169
537694
836978
637615
969036
640701
827169
813374
310891
687155
311182
919751
242173
677901
62579
177814
717968
684904
65601
11728
775122
999975
580454
916967
970644
792027
482587
901659
202055
510099
893414
227230
20990
229961
337928
353249
948648
439408
815270
545220
983570
50653
673225
199791
141667
235116
121765
273704
47605
24599
785917
44472
563760
597622
212393
905760
220338
770796
536651
515464
432221
719103
611914
143231
383304
340177
395135
162326
334432
691047
11928
282049
490207
92687
653149
516090
33157
246509
560903
25512
895396
381335
615921
827701
670222
622270
919249
254477
114981
522159
545722
921120
666334
360389
37158
479039
324481
233723
745435
148428
214539
561668
573340
330415
36541
9086
756597
515453
523403
607116
11123
751031
866170
740439
847244
967323
464458
674890
431853
248177
828547
570403
759107
479198
803968
59432
119180
725805
496707
882711
342690
911688
682303
207963
945065
567595
64526
28220
554792
757859
184494
639079
296467
65105
751989
295846
796276
409541
41995
741202
134349
892414
442304
79753
5859
836776
991677
336471
613204
735610
790135
712272
929478
81887
353467
79764
304976
872716
361188
419541
830824
710332
993635
163267
32359
577639
623461
473249
849080
362572
277364
573868
758912
263660
409649
221258
1094
88762
841935
108227
617157
550088
82570
172853
605575
949375
270444
497370
374142
345829
666587
834021
235825
172804
118985
886175
238238
247646
170500
554675
393344
455016
971774
549417
722802
64040
355152
848551
970140
394987
567073
407459
906178
397688
216495
402831
831673
218720
666762
230151
480866
489016
941245
620897
849925
655502
891403
52350
666395
102240
63641
912070
256901
487704
720121
412788
502278
502926
539708
800153
250559
93983
916408
851657
595427
532091
437163
393694
345633
13745
468885
634640
403913
367753
133791
596941
646141
703194
145269
590514
191224
803273
865565
148858
20292
197071
145549
416752
137165
823438
154692
747025
609904
172814
247051
425226
589944
125060
730862
484413
526422
23696
83047
533671
46709
486910
480268
437023
738550
725070
843629
698383
257042
988164
397348
321001
2890
360355
594857
217036
566915
251539
747644
242951
802713
774703
258790
893604
220014
991826
380886
694173
402842
657634
296212
69194
292716
737392
290708
840255
564564
672824
452498
610129
505506
587404
710422
976762
108424
82566
783008
875428
751878
504573
29082
279351
797039
4473
931235
22655
850549
108794
493373
790209
559801
597111
515560
993035
525019
508637
555106
791403
753801
929908
982790
154381
803933
665941
60890
308409
317676
723116
841173
236476
637660
982780
114773
295272
203221
14307
413609
874026
494168
672860
968359
734442
49266
163944
819271
82542
421108
264294
598253
165650
75522
48136
185841
639833
901026
264765
969175
70735
724151
921520
806172
80610
532714
532364
286848
541155
216392
143297
780770
45409
864301
999139
502595
351663
949207
412292
482832
172806
525821
964818
234068
284642
312112
774542
916514
215387
541445
289352
635976
711452
124707
178783
752247
535063
349974
409660
354119
709518
243594
929663
505485
381563
394869
374560
711179
690845
430150
299080
799327
133004
285912
128385
379743
560586
535337
81274
19580
799183
224452
506735
738644
220546
431141
574818
906483
370348
701775
86237
254135
358825
392676
439820
68863
252495
388187
118427
412890
687226
874709
690366
859248
144068
521998
63825
139390
844672
583865
862287
799191
550487
508845
310119
122002
905495
197675
288682
829447
580153
130666
663310
693537
407188
307975
532558
646315
628564
692322
754746
189971
408492
318541
709690
186634
234273
441595
753923
991794
505058
527863
954821
310675
310443
190745
555951
559230
513088
915661
620900
750620
848371
655057
363311
819020
424246
77989
248446
190075
902834
733487
627649
29929
966769
407405
712355
800391
992466
198172
864511
262319
383683
218879
495006
457058
233113
786504
770324
673220
912379
673103
276921
176766
720504
688690
33327
717830
661330
10494
648876
229873
920042
22092
58391
611794
437932
71154
44828
822416
486390
909713
864986
301433
312628
833360
429937
223390
225605
965612
457877
903934
884175
469821
950646
222948
537932
496801
966906
547003
699259
734828
823555
627224
540134
487446
724906
752405
910910
120713
721215
97569
546034
46882
118781
189523
132633
583409
130513
280162
9689
251651
381800
843999
65227
128637
438027
719906
181546
799505
157504
116630
52784
747047
485817
942324
932178
440746
92412
547597
15622
252027
223932
796632
693377
381234
303508
67077
211995
887484
449334
21908
6349
948948
781257
976102
314309
580755
496152
456443
931614
651648
354265
401842
254450
873606
854708
391711
851968
854910
527683
640778
921470
586224
793219
180160
279850
121889
217526
747730
508326
888438
179793
685202
895204
90645
836949
949106
885921
73312
281081
815166
374917
94671
725112
610561
395673
494123
8088
812058
839339
574235
693951
679059
416918
548348
240987
564518
193764
99248
633886
787940
365441
573761
897560
524316
95707
535752
252473
481467
279265
436426
871536
160250
233236
978854
399356
137761
8874
722568
324144
644624
487974
164563
181541
179666
926384
664463
266297
170878
18696
500457
697399
561574
932862
959161
526010
414039
264603
803115
994824
751136
844076
356699
198970
178107
220051
711360
812031
230881
30534
382950
848971
444452
629615
220723
893958
200800
254030
937671
754535
377795
353761
315853
770572
479877
648396
117430
323983
303863
476597
577109
1416
879397
436243
489829
342048
930540
334859
499346
91915
658789
520824
559518
312059
24865
993103
808228
452664
840007
503225
279523
24792
429424
602530
483917
699089
121019
701237
979470
618071
834156
199092
259975
165695
918009
833197
320986
343261
629205
614292
683544
126774
731603
431114
481177
120969
258438
124351
24334
21882
216975
804953
51767
506952
5393
668933
710696
769266
354836
716106
282938
351015
838158
827576
969145
300412
656506
113876
209573
171136
532657
850833
926285
704903
543807
673496
982757
549254
908336
450276
401247
106921
596756
306951
598119
675087
302170
410227
901696
854582
953871
843912
848643
872442
120007
775528
940608
645036
437357
12764
155975
459477
9070
980327
394446
664503
241524
837956
686384
226677
303691
946166
133956
905945
989687
241173
219799
962855
229912
761594
85041
574761
294482
169767
403223
172854
156659
412907
313320
394318
424601
655016
18298
941127
916848
642747
432195
394715
583562
843161
178513
590356
505026
167898
905573
739197
857746
152960
405558
597092
891404
230061
572643
699585
10023
228657
931567
304283
512175
516959
935231
159250
540911
523015
50432
23181
343396
63807
945769
491916
876662
546585
996231
920
868565
180733
947588
963882
841021
224893
716185
406822
493552
791951
24959
178395
232251
637609
390462
946886
297154
79643
813430
180175
23616
54909
69344
235647
858725
106228
60551
140310
972092
887397
583682
969987
416893
666851
171948
94730
105555
72567
827986
281575
955552
283847
88751
173224
457916
409917
574260
192757
600347
959112
570264
894313
107957
729863
312708
20407
454981
40495
416661
69367
761558
301920
786751
718152
64099
118137
599920
415386
797154
236514
378087
237863
293663
508852
404554
812440
689799
559676
342800
292303
123580
992641
59772
98059
906569
879006
100222
886581
889517
872255
271073
799981
173743
162644
248705
162884
651724
444338
10978
256089
280174
331551
625270
364389
272728
74889
715874
452586
749996
721370
435825
95338
684378
951568
529833
937431
394973
539852
946568
556756
933945
898205
959477
128654
379163
821072
56344
263235
71270
946374
627040
59821
614840
932394
914652
20140
197040
297395
71333
335019
3854
903061
299047
476392
166086
730216
370883
309560
21601
856165
516864
680879
434166
750496
199525
147691
706781
926296
821036
745004
940572
299474
231463
782296
892220
680253
648744
661666
967783
698315
394752
618366
850096
533768
409795
404138
7533
22996
826233
30353
705234
844573
717350
482312
21650
851445
207196
45832
680752
559862
13243
968344
580687
23170
940317
692151
754632
388857
629206
765534
367615
658599
170788
919075
247892
255806
682106
53412
988522
631183
253088
740321
163018
976005
497628
48035
744977
902693
130267
947009
796345
141564
977774
773842
508749
726640
908675
866190
277529
115779
556205
668639
718308
822172
843134
646344
286416
38769
363238
988637
230193
388968
286652
217455
483712
124883
836778
916753
852949
619248
461751
959014
186982
961857
74151
609886
627514
617090
623611
590038
537635
205213
581731
656047
967254
684073
667151
129623
982585
426779
174683
603884
186097
898061
360813
880197
937410
305191
456211
555750
8402
924984
469230
288420
727859
405046
164274
657629
229398
608586
802475
945450
461263
900699
347363
478665
245149
273067
218904
711406
90452
644538
913126
875042
684368
878518
559862
532423
7345
188183
888940
456994
863697
584914
947703
105668
922435
484933
999872
267063
949116
306201
825320
753066
251316
619620
307791
629228
343640
583471
22950
204245
427319
723907
989388
893497
117061
19500
79765
469742
719213
860601
941105
63968
943439
553661
998399
552657
450311
902322
260911
54545
968510
438366
524622
459364
841440
262162
259117
978625
912476
831610
501160
656937
959485
13331
60456
658489
885713
725122
245859
386067
113440
732869
292087
72851
256932
497774
847506
194533
197816
124176
878507
564109
807239
351193
180041
107438
969015
863478
66392
304991
34471
535820
396896
961605
75238
352908
363004
850593
182924
180078
248797
294103
920434
729515
591966
174300
350529
852206
163893
809797
418142
712275
312080
898439
951710
569488
746843
168772
702207
930983
615014
733440
691665
189007
850488
284463
205798
541828
539938
341531
577100
250458
895834
966521
131800
451435
63463
883928
576255
662438
796951
491853
350602
7538
544379
359439
804599
504102
276267
559285
850055
49674
267263
231238
516819
948560
763761
628851
678740
435689
813004
289632
689751
294833
37361
425086
250091
500058
508108
392911
294710
486269
156825
830050
589410
861255
818834
292714
103395
751297
841606
591580
875968
806939
437391
139193
902516
807680
616685
675607
189188
194844
97669
796918
639584
661424
504288
126612
271334
788743
189053
578465
270707
271121
585807
915802
29487
740164
435892
107188
912644
994409
746588
939010
985971
28951
588876
267250
164720
999852
514538
495529
347823
92201
279364
878093
124003
517726
786803
811783
376795
61594
936179
83085
448226
45876
202516
931194
886893
633494
132153
956778
606270
45108
83337
912987
998918
725337
722377
3441
717695
35380
669677
565496
860125
27959
646159
755128
588868
320997
829331
107950
71133
834386
257587
186676
690931
254528
897646
81110
209103
555742
654995
32977
903314
552175
522770
978746
783117
461306
340771
647370
444773
867435
515714
435032
467169
929143
17744
940214
464880
706821
987935
857010
585638
207630
294914
72874
970394
270174
693598
48479
640990
517214
480593
666144
875706
478385
956083
495195
130046
341546
62401
862237
380896
823254
411176
884237
104050
669595
361016
403064
43064
364874
717754
844784
877771
756488
630128
510564
806520
39420
240782
782239
12899
695407
655798
504900
539798
974478
716610
971336
711466
138450
116441
691274
321010
638195
769437
794563
706242
503932
562627
280887
554597
937803
737772
754499
185688
972811
701474
660180
864354
99067
412828
205277
183827
928251
737694
315964
285953
259068
15411
206225
647295
145833
1695
737102
104941
111194
1131
722780
152115
336025
106442
368029
124426
916602
87153
197240
548358
237156
357932
382731
379908
949771
196237
3673
904516
470387
929072
519664
399305
418925
731623
482535
9857
983809
144032
414956
553326
844340
620394
645406
995378
58652
638360
885570
459476
899529
212045
302182
961859
877972
104893
868373
181268
290884
5115
94060
122496
636323
589149
326439
694261
173887
274618
251300
48953
70214
323091
943359
605792
661447
79624
717972
913029
245965
695378
948483
17146
128882
821535
534548
561948
481898
893320
435549
676155
635277
913799
50456
666673
144446
100542
465011
119232
188252
840374
666081
40405
696664
315997
613457
485750
342782
328468
433259
649952
138642
169999
562924
999248
127865
755639
512558
400565
568509
787728
626015
887039
208469
505493
105052
735928
675666
835024
890147
73435
228021
875695
873841
441057
343192
19919
954376
961072
107143
434587
572104
685835
362437
142890
973482
808438
593888
237837
536383
343081
126891
644476
665233
28456
776279
779459
843409
773096
838987
646058
362202
211377
981092
910209
137971
753601
426114
144677
305279
572227
53150
641699
180623
405737
910413
826761
596168
615314
70263
581852
309606
717063
629569
747426
861497
526315
868016
84168
745408
189576
487977
169613
385317
58469
514666
306695
374384
295107
865
234787
545178
930839
385503
121703
955259
960022
659854
958213
809434
278187
814493
821336
206633
673051
426099
720024
790233
566006
813616
215491
776148
425223
556986
339148
38654
220539
927140
458550
726519
630463
700404
356259
298615
308013
266734
501106
859850
594724
578882
14913
31125
869763
369365
315491
271509
307898
710282
364969
495306
165291
820315
99970
401513
360552
465701
374017
817990
911667
310367
939957
240475
801318
131181
770265
248593
709944
235337
618654
12262
256211
180990
170220
538481
353568
67720
156440
183590
27457
971737
949161
218655
300990
375163
685200
200163
821459
720564
122463
145585
975310
830940
359495
641229
473943
60441
222792
803259
775485
329389
830990
438579
546023
429159
332684
794343
716100
922018
304453
321281
323297
303959
3257
58983
107773
679421
393670
403420
952755
873386
767190
103164
129327
394074
586003
940490
801028
710131
314258
684070
943453
77153
601727
418181
113709
936597
584421
727175
983717
940607
535134
445556
685334
803200
215573
703435
645706
353652
454390
516456
357490
37512
306782
814426
878437
29096
269953
332173
353952
382412
177227
553952
114039
97676
691515
60048
440203
805597
136878
693828
738117
885175
473844
1626
888190
144329
411329
532947
517389
260121
716801
799933
24357
31001
49308
738890
128553
18939
731714
750169
650872
556762
59136
859231
270874
674704
658973
80658
713156
105870
988955
764894
917545
140022
353815
951959
904500
410646
244158
72475
296732
551078
657867
894729
396019
245685
307363
201745
16980
164015
942960
243008
158906
134410
559131
471062
961094
844377
971877
660237
899248
640734
294222
511024
145552
837594
371293
141346
643896
636268
912729
199828
152801
828142
628980
289434
453165
806886
323955
412778
723582
338652
455326
895974
762328
582271
879441
126725
430777
754891
398197
507795
972647
762961
246561
238014
559149
77968
612877
177918
25631
668219
236449
291580
970103
725897
906978
21420
445851
242658
51928
781753
402174
189857
801329
746937
293124
551950
642696
512052
930573
808311
845742
920448
868376
353155
984628
928614
44311
232446
356762
578270
36054
102997
712771
318002
890222
727936
928325
636271
644318
409640
464531
114102
588987
923805
394804
743423
662542
842792
283266
674343
385480
499020
876722
16557
837688
555673
350321
763076
982397
765491
833448
346430
231463
722669
292218
143670
998766
199691
287005
948492
754533
370181
433358
256291
158243
860211
743360
208206
924348
245803
801944
707223
354493
662007
386193
762509
990256
701954
157002
339704
596936
257222
617369
44095
377765
319
270080
475596
581009
649906
293486
94175
783669
170897
170686
108013
741645
656892
187633
672063
226303
653669
462034
952709
506498
376422
919852
796704
168658
661965
303857
102328
286607
797834
687394
914811
739403
757200
97527
500997
94712
109676
106188
592284
622761
456279
256409
228178
514699
261883
712024
711203
561730
686777
990753
735775
725589
721732
608213
572697
699619
995667
212666
237331
719822
870531
477722
473938
648051
650414
828693
15121
427656
701121
268777
852586
995818
53244
204747
489037
50956
748603
104705
988779
26670
671747
545205
759663
208272
29551
108275
318156
942438
761768
276791
493642
547906
818837
644902
321176
916864
32502
255118
878921
405657
297007
854844
48805
780424
199523
402309
551554
369027
967048
582409
198603
272184
300654
759567
103222
363968
296125
307548
256570
760493
961245
605077
722820
984565
433967
212674
12719
411240
411879
754734
340802
932284
191590
888393
171837
329424
993518
983077
643453
623587
627610
164807
886440
875979
701206
790117
224416
54983
582881
330507
130754
153963
811461
144469
792267
119157
749665
348682
145143
594475
448452
912351
201394
562152
304259
430030
761811
577807
405386
700837
570138
881742
191388
531019
698615
519033
105489
706797
136596
136645
437658
850419
992925
136801
753188
555181
162194
116017
495823
376108
567702
141874
732332
831068
454528
798056
50961
473815
154066
580653
972572
3326
358914
898233
276198
53337
159276
806442
910612
910428
624471
178771
877452
61227
972173
205902
487215
187115
728167
412226
851199
895931
97850
298435
219835
386058
135870
867948
290714
541868
489111
550793
909573
405409
624306
213961
217807
883498
404672
414452
652797
892078
676665
986298
619151
822635
843654
667361
325146
673399
867043
274479
851663
895666
772801
245215
306173
949270
809916
973896
965623
829347
201093
656248
417489
265461
103368
824808
525963
620239
797769
394304
968401
853233
184200
956215
282766
939624
700516
142955
27937
699939
532438
710916
654063
180189
698927
742057
645863
808568
885709
59999
168444
991197
860609
966724
837606
695420
549094
579612
699493
661825
930097
647718
130567
502533
980808
821244
827609
52225
173124
820516
15162
480644
42369
978308
428349
534053
325667
171435
926734
639491
29365
737487
4095
197902
513407
732138
701970
727648
709704
127954
562213
977387
888244
703009
153673
675626
116850
622860
965822
172835
242678
999258
225028
957165
519247
535788
130231
586419
981808
507131
481300
469437
918538
207364
31389
563769
703455
735688
393111
81120
374391
185072
447878
401841
550571
862097
504032
700085
392833
896473
973193
136511
823668
616240
779815
408558
266518
298080
95800
713978
244392
937520
2594
487198
387327
583568
786394
90153
676857
429707
964804
187334
615980
609008
725635
618659
71105
866408
680008
572871
261857
991668
574280
859878
409598
871785
250296
540252
503858
302774
134485
144067
859623
289368
369258
881023
678621
827788
307999
676107
185219
812337
891737
811117
631066
509722
64268
249852
987581
18654
331248
48665
277586
113893
940423
549743
417660
469638
541084
369017
362162
152423
457157
620701
579306
712478
351633
182254
768608
996234
461541
96909
275990
419912
236584
140702
606435
291624
437233
782113
592256
427968
242124
77530
907854
388324
890012
755909
107689
62888
327173
921396
605610
462797
186138
616585
875279
237917
789084
240534
801210
38269
781181
492755
200415
856063
311781
958555
530160
881335
191893
871803
422028
227586
493408
148922
896666
557152
744283
17411
565602
580380
547394
97937
612414
790427
388606
245820
411629
312399
891199
261529
536008
403963
631730
820562
999648
44982
330579
768280
922319
437980
799449
300805
492952
933941
274903
600184
590756
897792
127591
898724
189912
355199
237802
366835
989732
926736
761691
994439
833516
387018
329393
524970
852899
579536
419708
226943
371468
829032
836097
381549
637098
57226
989467
107640
728949
381098
681068
893498
595743
351682
597626
430466
932176
560912
52584
863995
189684
507772
398291
616201
886187
515215
494985
294702
25563
806920
669405
686951
207589
951185
982615
282588
156941
90880
822908
725597
825919
534401
477383
848751
615909
594565
163971
667222
406304
727399
429903
474322
537309
578100
645552
416241
404576
410057
828204
141861
429812
199992
398047
887066
923338
239552
562414
972033
60646
615383
171458
744688
973395
833924
360714
394724
131775
954548
794735
213782
955250
603562
267713
982891
306876
844586
475014
945798
67413
992713
417323
174114
951246
87957
138734
157785
491043
486950
717648
92381
282482
262573
296475
906682
584423
545071
939510
510202
820293
183655
159494
567307
771312
658522
314893
312732
797078
539747
80886
530818
950582
547996
485258
668903
677777
364213
173482
800527
886970
17446
515261
12215
174781
150828
842283
625926
588654
517497
141842
686913
607806
881163
693091
708443
87276
503518
183531
704650
603760
436827
869679
770456
814619
331029
915083
845359
755755
12736
561885
47613
271959
101858
318013
284194
732355
366108
13183
685387
464454
898405
343306
270938
66958
92649
601787
331694
740678
476741
85469
878504
772043
139196
888861
567253
514592
947116
427316
19646
22394
762126
839826
6024
471723
40872
231546
509596
104566
854914
111785
97611
116873
919504
19590
894340
374694
808247
38782
957254
697787
306238
328375
941967
380812
518998
904096
686193
42984
515302
101335
82280
424738
519226
798223
33514
671972
692342
4028
203666
958505
856944
219820
297782
345504
265305
825502
601161
932231
680772
187555
4220
150661
244529
416498
725687
455082
911592
623871
988280
804316
504454
343786
639853
576319
576895
143423
171004
602085
235078
470048
742470
452239
546794
121541
407992
236263
948088
840601
329910
151031
868327
989540
379651
343422
585506
917077
531176
663465
16348
401829
954034
231337
513401
159074
6386
521561
345137
482722
183508
771754
822579
723643
327283
968153
53720
668448
981407
742282
661438
691790
759876
960537
171856
628430
283650
324556
476102
684873
697890
660182
876230
153553
733252
494634
843953
414649
227587
468141
199345
597042
747658
759068
533942
225244
819473
70409
539801
326136
213284
921004
904714
380491
878967
108455
548366
476882
225241
584535
109883
622015
685654
707549
352148
324573
781930
93407
226533
81928
677897
230727
736742
766221
623368
900020
240937
195914
763662
56240
34142
289286
77372
961545
58279
704031
565185
263051
377976
755913
618177
652560
299849
713794
35489
261186
569378
265475
690759
311210
5264
373749
447655
277886
109206
360724
460625
304946
309722
328297
955249
547363
452813
167773
520096
782411
261894
286206
709086
827317
640870
291651
35493
439730
440818
701492
444344
234684
426224
957110
636422
375735
278984
759900
175905
100173
300902
492619
553492
700109
558503
974601
645821
428789
216703
814773
473145
794782
850260
950763
499699
573020
144046
524943
539106
160260
485159
266902
7921
286260
589952
992579
989016
969329
204111
594170
399742
578997
233554
883406
544850
391879
806442
180179
761497
204108
180188
65038
580779
801472
653192
361253
170629
389343
177584
715614
541342
769043
581298
846869
224937
685125
851322
895062
747712
873148
677240
629532
17331
244700
127361
537417
907647
594070
921848
659022
64441
524470
848180
140538
823324
61026
6627
240809
296180
151585
733625
861422
64970
807176
177010
390897
929795
165268
617444
720121
570861
311372
258254
687983
168568
225450
97983
929104
318254
995830
95615
762851
330048
978678
717834
997342
432745
621874
782841
512197
91147
468109
484536
107605
201095
732015
11052
693675
870163
948962
338648
270174
900471
631519
391476
871967
493877
849807
13146
577401
854303
351441
957960
183336
156004
54288
874182
941087
277708
815752
22668
92257
262726
69997
36600
459357
660831
535746
481435
964516
571040
326667
222180
927991
727862
21327
637304
773565
470547
874604
940415
963639
626878
111836
279722
567121
83134
82125
995670
596912
510080
78401
798140
528089
209496
998962
461193
279334
3647
316132
415979
127670
875287
399259
962470
335888
680945
422958
685689
766347
757158
256230
318390
398260
83044
899796
713721
662257
537108
444386
812876
363264
180376
776988
642129
580192
907207
545148
417856
136513
504117
239682
525882
308651
766686
569447
414479
101588
495288
150418
25930
849527
679274
140280
35753
98227
521305
91676
997960
229752
579706
927760
967487
494576
699328
954633
626666
637363
69152
488562
536240
675245
556719
116991
335489
265656
278752
686826
940454
17782
420129
464499
932512
210851
274924
589675
883563
626297
907755
913772
342809
928907
845955
341107
797677
920968
688851
217849
199552
486966
638478
233600
243319
533181
999628
621116
491308
556337
361328
98922
356255
734388
686969
558658
877685
735612
103968
888034
453916
819840
894877
371972
471380
388293
659345
320608
813685
438358
104896
785101
338489
590217
29957
542274
568278
225370
522102
650228
554110
411661
22355
403306
140366
324716
622579
95604
701883
59393
614092
205322
594312
60316
238937
689088
728766
519673
641735
356533
80485
769209
791519
626736
410803
952640
36286
234358
564214
717511
117332
676368
456482
508959
42014
718250
711857
589307
628311
244531
352309
222193
560369
148596
538184
441537
387507
20514
946772
423181
503438
851921
142933
756613
216337
823005
674657
538913
585302
12501
684612
821866
866714
16863
49877
989042
540363
220814
153667
240290
551878
382407
410786
660310
32102
804522
810055
214980
212433
474056
197474
237947
18175
962673
594052
880837
776027
752132
464373
524067
419818
223526
955561
245881
179157
883523
563118
864969
664801
601816
250326
312360
171358
270274
238896
991400
684705
404335
863982
156560
116221
116084
3343
883617
919528
495049
425638
333038
981301
74076
89059
637706
481218
5314
2680
785605
371453
906397
584523
418341
230433
654356
300480
163759
16964
654801
139705
924587
622545
197749
518351
845222
120925
361070
454046
559608
296986
588489
648146
71408
661371
378901
469742
874442
877473
534448
744172
136388
306445
466225
869208
430221
637698
995826
95763
464950
685940
920697
995742
468858
425216
384748
162062
43030
798300
70457
808700
218207
612751
987204
41929
95978
984741
152833
121595
920864
332575
684625
573971
894733
135975
360824
914331
593066
79717
922181
937891
658642
689369
125200
752422
551039
542480
648843
841539
276075
891475
65432
588896
366238
397528
101324
946608
323422
977530
428426
101171
67248
748751
513054
29610
445639
804659
779870
570401
655908
852378
187772
639303
295016
6044
71696
919849
851484
800001
231708
227464
765794
18607
130262
179727
305048
742645
815186
369918
114939
984431
214719
179555
237132
724647
591047
154757
339295
302200
550392
685869
905864
608158
775106
492519
886914
25810
369268
666633
179537
975742
55095
270367
55213
540197
162231
580838
202480
33514
862388
551366
664814
802147
85744
273046
73214
707992
147873
342980
90442
242233
35741
335926
302148
636983
425038
253263
566679
59113
502839
528078
293137
328365
15648
985730
358268
627088
67334
257997
717893
471500
489480
106983
667035
261292
880560
574423
633556
80150
862820
4136
390612
615677
811013
218993
110030
287385
147849
751688
384576
586742
480117
855688
172453
408463
947481
953768
247773
341913
419574
964471
308594
208788
360451
963489
424462
487018
874982
233573
335186
429156
503273
274006
190692
65991
658255
607125
567553
658848
90515
349199
543195
26825
448911
899269
165499
275561
952413
463159
407571
175379
286358
145751
94350
879574
402036
953908
533974
792654
501819
802154
289803
435093
94839
603883
709154
782489
287259
80147
530453
913301
968174
219382
261669
692703
277020
529594
57112
518796
641658
579874
838364
15813
521947
991323
942361
952048
129302
295587
79370
59120
900135
21119
701064
72986
322640
196577
397800
152301
525958
788929
356720
67025
590473
405624
187473
953265
68209
159319
260284
444443
824398
247727
876453
156881
601267
389951
163331
186213
464343
494058
305433
102478
87799
973769
793219
327996
190163
274302
862298
233972
780379
551892
554500
162307
906739
76611
964909
50988
357337
312144
954115
513842
447734
40554
397310
179387
591514
857279
20245
635965
980023
834054
414698
896772
64468
641096
217668
890777
741777
81486
77827
866458
672396
998391
874877
515483
895297
268909
468403
282816
836647
223035
648933
243887
621433
480350
773677
96
728882
404497
307060
585783
690517
802958
281571
457522
56512
975993
284670
445765
928113
76170
475226
788271
767990
746634
853397
200008
227139
354958
701885
788473
270268
244577
654423
542353
147947
295381
655922
901847
103882
640035
658898
285205
657256
972596
340004
549269
449701
478243
163187
662285
62825
165048
287165
651713
136473
526174
317270
230681
384567
49865
438367
443554
240062
982694
525946
519318
271599
60046
457511
835210
697673
14096
875325
762626
836792
53211
834860
826696
500924
318204
946196
850026
223654
938564
759116
225033
980613
690260
462339
439930
700712
505482
37738
431978
851967
853641
634390
546927
393296
734497
339840
955768
338631
280921
628848
22506
75637
20599
490137
236243
991632
191649
926877
194642
278119
563072
859413
491631
468197
784279
206803
595912
672251
636844
542771
529478
512299
530386
94890
380609
704987
179550
500817
754826
82676
818324
402521
82832
152374
423705
202210
952015
717820
17086
464560
502283
320790
297830
740011
504193
624881
306376
995001
737381
904516
469002
183913
471175
918270
110127
162047
903381
557247
566432
752835
548033
852408
144134
408278
561209
639368
503851
994225
475538
355001
406825
679389
304361
638886
758268
931160
181114
399779
564202
816039
412195
674213
341442
205569
885024
441319
584822
702350
433525
129050
659383
511058
281779
336005
913772
132302
482250
70107
195164
753895
617816
172367
126776
846333
734860
651423
165658
321493
774003
919760
462129
917611
175325
369944
329275
57033
644286
978150
178388
922308
469928
99361
170067
299428
637056
130139
550950
464634
789870
441808
968494
745070
693362
254447
698541
535690
532791
162528
931179
632119
318920
48666
494250
257719
539210
465279
180095
290681
286905
664527
734489
420501
307782
599020
158448
60983
715546
16992
179260
842247
700769
171785
192097
798939
534377
646869
7687
593648
848787
84101
322364
522293
201464
942450
667239
923125
183787
500904
737732
544691
863599
405447
534554
498388
87284
138109
526306
912852
622740
866724
506500
965183
796907
185117
909301
151138
521442
243150
640011
727758
84479
470635
265512
987541
382697
297347
312355
710727
129959
526744
351193
180461
413518
73954
431978
895433
359714
436121
158120
434159
352250
331365
667886
84368
915111
23791
174722
51038
901837
301902
921346
751135
935033
992916
328532
424535
291016
516659
475620
199216
550274
159909
806767
653705
309231
858814
82574
211620
747387
222563
88743
580259
675311
694259
57413
679612
532751
990742
828002
200676
519131
887574
998991
415960
146618
326259
73399
296076
18643
275484
841071
304452
601062
737802
719882
966235
346631
628235
206454
667655
602741
689791
588704
215563
350497
221213
993962
107608
695476
760664
164965
750998
234694
188009
669552
63748
810947
761082
353631
724061
404441
676074
614887
924339
408742
119223
178481
487857
703523
190955
992813
236258
293465
604633
663679
120182
709541
892792
758411
71739
105475
980193
259416
31464
44572
696667
764163
201336
410213
437983
991858
895313
7010
533902
228023
872414
52661
514886
112656
2164
131303
148814
574521
968820
465565
802009
307322
629959
592075
401284
156845
278632
266333
545045
845064
272527
233474
407196
815942
135043
270164
781199
809225
753881
332581
160622
398520
343824
319399
466410
594354
436464
397967
617374
530886
932547
492733
672589
648618
512343
117230
960252
228828
479366
257580
237718
702702
320581
256068
88275
562419
293080
138843
578002
630027
428517
796616
403329
257072
919852
166013
464778
768565
897145
468642
293884
784939
783382
274322
986128
811764
414596
189121
676387
360144
60375
116688
546450
511942
11238
216359
706605
448053
640661
346585
824787
635720
492675
289815
165031
185778
972070
849560
607590
849540
809366
396372
690561
868365
14371
616734
727796
209181
546221
609478
366706
825801
102798
824966
226958
661743
588089
437063
860441
7845
216646
92619
137128
294859
810007
372783
618833
161369
209136
111022
131742
816707
681528
222042
851448
935566
883684
474329
189950
148348
627603
605656
43557
845
604606
535101
770786
670127
19803
362928
633185
727778
819002
344345
886736
662368
662845
593263
599304
522121
68963
591210
94663
571008
835421
233877
749564
446528
521102
946289
695098
288408
393209
624338
870839
475783
948866
812570
158342
457282
66126
942381
619858
106663
281850
780978
357335
692409
248431
335823
60099
633583
269127
320117
756052
692452
750055
162481
495334
198371
723888
80849
684685
933185
269414
889779
121596
618731
656943
30033
112069
766374
135365
142204
842814
420239
861164
280399
731753
460020
45210
846784
60558
762474
938319
171018
63628
1823
71015
780780
912003
768817
791721
985353
654447
778377
905615
641587
179978
186618
638930
102736
363854
79274
507175
414227
434237
365875
241194
297735
874128
735704
175752
17408
118046
987203
957602
95085
513911
214315
89330
220231
46778
74065
711575
51320
694247
435438
168975
323535
756931
441680
888316
394309
916310
212163
997347
360141
471210
916891
742554
11349
546873
872920
736377
65568
273008
823991
223003
588752
889960
463003
751191
791314
394299
687765
944137
423898
633535
579138
885778
552575
790888
767753
411986
437499
146050
694411
180247
545977
401485
983270
92304
372679
232591
682934
834365
512715
208931
120279
38692
420518
783396
607093
958492
701832
623240
979199
652623
867963
75048
600696
725950
397258
503131
510723
115068
669308
262123
792170
594428
748934
871412
313526
123243
826163
65603
332612
721846
127367
125131
113413
749289
884147
423635
809345
212899
467590
894231
580802
318499
832496
315218
288989
551857
7857
556232
148408
286410
467425
993432
930907
267820
768031
249075
284382
960299
989516
919549
99284
45612
550771
877115
908747
450341
809669
724374
645803
459993
477195
358116
760585
641498
87291
81933
469089
474342
683492
8710
422399
253049
444106
86695
795147
551016
689241
749757
477842
96906
73031
893373
156615
921857
590339
937966
557539
249500
45270
202306
219756
727484
318036
420253
176006
722802
506063
646494
194302
702707
93176
61153
518708
413175
104532
364034
23105
741529
780404
307062
95504
799269
80313
914695
621473
766432
987271
980283
129377
316659
883800
11449
179276
88042
501271
459192
772787
210360
412363
456210
914134
663171
82307
3691
248905
802969
400676
368026
427812
74993
53122
469814
683973
917466
645914
36288
913125
512926
294712
712360
441266
322947
311946
524653
599526
822227
843160
44600
241308
800627
214108
801645
223377
678470
234525
554784
340666
207203
161642
21896
224855
563341
473255
204131
912288
768476
156103
38639
541857
774164
660760
859697
434925
38261
318394
145967
259086
200937
137890
255258
197664
68256
449348
345073
345701
629432
373014
911568
71882
900670
677056
634877
722878
857826
622058
81680
970522
881148
239702
138485
940290
596492
311634
306560
138005
301415
250795
281179
882020
924610
438776
706281
563148
394149
