385102
917204
77378
975572
792595
96176
495855
526149
685132
804824
929441
329670
13644
448344
259916
984655
555328
898564
658384
949501
582831
501525
555629
300112
874812
276697
494377
605673
549824
468827
669868
564042
565178
996369
474402
643283
841838
606136
378286
947740
5775
290557
137935
584867
940439
323466
216883
269823
459844
506756
592381
107916
916872
732156
361914
875714
45473
472818
79051
498687
941366
680151
787619
855900
600552
347216
938929
467555
41021
358553
67695
119769
251423
859775
155748
60194
511036
936069
402547
746008
80923
839939
923976
370122
261305
937072
769020
483534
768023
393870
471476
844232
659277
360163
182446
723529
700287
478540
610340
250025
384150
40390
127795
729225
992748
618324
171231
753125
849124
202025
321919
343658
104585
881707
971148
124532
524415
862064
9088
317175
590617
320794
317668
92142
433214
171589
235012
39691
689213
234425
809892
133365
724350
179375
324736
831728
309353
261421
36644
290582
841149
502251
305038
241477
286159
86762
461987
30565
777839
366272
865034
355453
203675
927898
275875
267565
47391
135419
743657
84766
988597
396722
377000
455902
440722
621245
299416
509096
157340
891157
582521
494370
400152
362317
284337
673970
876898
128526
776849
612063
118571
191389
262234
476725
473280
630395
520737
960682
327791
821123
773837
389047
204629
760731
20742
540381
727340
178278
139071
8207
78378
968754
282906
917915
442465
909575
196632
767153
507257
424122
737204
102582
286490
167862
632108
752855
545176
6464
648046
42222
657224
907342
316016
261391
695020
63261
424437
611452
650379
635584
118247
877061
273342
772114
44069
747268
212048
268827
375724
940468
174730
546503
547874
421170
800184
945022
585929
806763
654796
823090
544683
405432
354878
739321
284254
825594
273317
759543
172203
231783
19974
704593
250746
294680
869004
516328
313681
573796
92699
812902
675735
502144
918303
687311
222789
493780
630378
371722
288611
193267
889700
511570
146035
832879
734636
381886
204853
950023
534687
224423
478717
233825
32771
374960
955175
337307
482075
778022
116288
571714
575926
685223
951266
181465
531217
484650
722542
665794
486992
360458
613978
238042
529836
553541
790316
300876
524279
786992
358913
197132
223301
280418
820912
454138
615895
356949
623063
777913
345761
342087
423102
76638
439874
145830
669435
660262
367930
820172
417560
830451
481193
715199
712691
830636
143192
894460
955507
300497
831647
874082
695392
730306
858355
149809
335654
285949
51141
143046
56151
345059
415553
895001
440056
532964
101056
934009
41699
363627
462636
853765
276672
199666
72649
491895
141041
798348
112278
254401
881261
990964
373006
265102
981505
182304
342384
760891
585070
985270
962289
153359
419449
908410
339456
846791
319587
222395
61873
975634
801531
522869
521576
248666
239657
736634
744080
820614
751203
742475
544713
274943
357931
355906
328021
433089
173812
477525
175820
333963
845354
905276
389750
187798
702567
870024
541965
816120
360562
53684
650809
926455
6715
596415
823125
880902
206377
85993
472706
682539
969423
850540
640427
570686
569039
970252
905706
490802
323740
250538
745367
630734
956146
720677
952670
768087
125130
578602
749451
320271
246311
983459
788722
966118
841228
393030
350919
597404
758296
757067
982851
381781
678908
582764
123012
993102
994141
668125
831788
511316
243581
863123
485816
650519
72789
323036
820931
144884
985479
609319
78258
971262
162380
973257
242240
417174
664682
780082
205376
388156
300667
770402
191063
93999
290261
450933
744228
415575
812533
943122
84651
234493
312881
267775
700988
801489
459945
475867
635532
619347
550629
943163
316965
412725
97914
442413
64918
569999
170180
283023
483229
726026
500906
790906
624915
595292
369520
740980
530574
771931
270882
202586
136626
132378
412337
395486
768357
475072
256154
833441
560881
875165
304726
904863
454101
251755
545301
59328
669388
160166
138341
941953
166414
602940
217727
149629
70144
64327
601223
536877
823219
558444
957753
22412
223255
483820
263562
200861
770829
87145
79725
443368
36849
365138
968150
488177
349702
221948
723136
554717
542663
529995
529800
470306
607507
307180
74362
69415
894984
625994
560861
464575
396631
7430
588668
586515
2078
599118
104986
5977
732069
558618
683150
375357
393945
518378
933117
382784
907615
886028
592172
627160
863557
236461
820935
831398
638221
638933
116183
289820
326655
953854
334802
625918
945631
474006
680075
654837
890492
803726
686138
854840
449920
87940
15815
687354
70400
776905
199898
592954
527490
302558
215575
451065
967158
97895
525619
571321
946953
55862
584756
78398
668442
151022
102655
792637
378744
243152
484209
725829
131095
226953
726334
724292
118562
218960
614200
144428
586361
528757
903721
131979
639080
526475
813278
251006
748453
449587
510411
968769
725342
845902
842828
876012
749894
249514
541883
713830
463317
799205
961674
181427
97790
127947
311306
952659
640202
798404
409330
108754
390492
640288
22065
731125
418536
194359
816793
671765
109022
280463
600437
520032
75970
45713
685835
37760
251659
549242
74486
669177
864322
65326
397998
266234
692072
832067
515203
517728
48924
564819
74141
428071
941175
626188
286175
805168
555766
111844
44618
481719
721314
923005
764447
868239
355195
909583
33976
455301
852991
992459
502125
868380
942459
548673
234927
245635
123738
42861
947593
909845
153442
607238
989369
160776
142710
805378
279176
45561
438276
300764
621620
84688
714605
224155
29242
139068
179065
665249
112646
534282
736100
406830
954104
411624
830343
46440
75201
19789
389603
882173
262012
882186
849152
907186
652454
397241
715418
270273
352821
877944
348158
103031
474529
170947
204186
44311
511485
222018
529233
397439
127389
939814
469605
312252
323871
311515
380948
585540
6084
974539
691988
514312
76980
508568
692122
153115
480179
455948
815650
942113
958611
972137
929018
273445
661122
851585
55379
251711
553958
394076
56047
272835
79222
440863
227195
403174
348623
698026
345521
148217
218715
932198
870287
716198
940561
19316
889152
534007
950386
762319
925526
624815
329165
905579
388020
475444
516428
388044
855959
453952
122832
579546
608960
949735
773142
757924
539265
689952
147920
383994
402617
359276
958257
409490
534214
547389
833319
981843
619575
504409
582595
370764
979580
489548
780110
747702
716087
501066
219460
674649
532658
904069
966364
78017
912425
88580
540127
283147
841905
285171
468374
354813
285672
669376
681637
824053
657114
763217
755940
435553
838336
377204
590575
488223
815204
213997
462676
259383
100663
769414
986684
896509
582545
942350
60918
648326
190879
629979
90437
702134
920012
827320
830309
911314
711845
639724
388553
529329
148947
599685
824921
570998
803376
734606
378547
732814
144402
688510
981288
738501
111906
152667
133868
996416
852289
352632
838015
263498
405044
173294
999317
439295
275517
894053
610825
744105
416294
706293
754596
713492
463111
179110
90333
821138
640842
551664
583764
333204
476652
694649
401504
953540
760845
837373
67070
655140
831199
965123
255085
344836
457029
408519
820400
995665
459959
764365
701849
772480
806180
491012
28535
48911
1556
616095
216998
845916
731645
729644
957815
982964
439296
118853
752497
295234
536805
80773
345411
698127
995738
319042
675451
279492
398227
286312
270782
688260
401982
34948
378411
255542
570511
755687
649728
760115
398343
807968
348494
848892
695767
414994
236779
629839
464670
998616
24115
997379
336676
26709
907847
912520
327916
742442
49049
574410
202186
11106
796155
613586
371138
101438
227603
193189
6164
956305
661746
631100
288999
392270
869586
723982
316569
34093
186593
142340
396601
512275
255434
776237
4125
518259
230949
403900
43839
606407
384698
41448
448345
850738
287950
800459
128471
85082
947835
697254
907326
420843
689623
364653
715606
164988
264690
775694
810301
928038
376785
356776
191355
788929
553221
919966
405118
455350
83468
604170
396597
250427
477534
499116
186981
402505
33399
965786
479406
73979
134185
977101
700985
32328
169211
681990
286692
618082
409689
957869
937333
442450
227629
884535
624968
867902
81787
629820
853849
73063
642169
627183
583736
971260
68658
201796
566630
221506
185209
614849
128235
356323
433703
935468
586982
481877
682223
478544
340208
638879
669009
713969
234787
526927
451537
790120
304743
406412
994314
96993
759632
49134
611844
238077
456157
790874
928201
876675
53557
833733
304733
556124
331425
267439
234647
653422
396909
55470
210434
581002
101303
9568
595263
302868
952383
554203
178851
409089
925565
200355
509638
262450
818301
860005
416943
23378
373810
614705
645246
68385
269338
961803
151544
767592
454633
275579
915719
223111
719731
142446
937237
699240
132902
31567
466131
564923
209028
972326
656491
764482
757552
743191
896076
313201
936172
936283
435445
830192
691687
606134
434995
636048
477319
715964
387578
627063
440663
694095
281140
15838
916757
30257
482268
176884
990206
709234
789812
372374
183151
105849
284450
972501
794289
76323
579058
300434
442212
312951
458636
224223
683285
864898
153694
459828
594485
505796
61832
24199
894930
306259
310176
862712
326298
220693
671966
302111
503675
719377
156349
453714
946286
682987
723429
320959
200843
709736
756109
676817
485467
549483
356413
566728
723719
56725
58553
560828
51656
187597
540580
865312
125007
420035
731115
229989
683321
717594
804987
898205
533568
876364
354415
981966
808745
674911
597683
974753
55044
790157
990223
338853
526902
282309
916602
669340
468024
403785
727008
355713
471478
151725
848254
23923
254142
947749
297377
83114
473589
680587
528215
444168
824762
14529
226047
155040
896990
14215
223728
602720
896936
293376
722308
496736
839161
102181
154384
676726
854803
125384
941867
790034
807935
489055
184664
354446
115346
98747
276302
857644
968383
162741
511354
242809
716376
297633
696082
979965
645467
447922
358369
60887
942804
831419
433416
51646
557475
932490
318837
850418
126343
7064
296920
264306
161588
288101
209288
869559
656020
495965
255825
927009
979587
524479
210288
292789
117414
686771
299726
379584
654594
108971
969468
807963
705740
905329
984874
690134
61866
978895
36771
339736
894978
527781
622265
640090
173659
117525
391922
688659
294169
901081
359414
219167
833824
230337
178186
948140
1599
595877
618668
412000
755829
912702
453974
301412
9537
275367
457274
282310
557426
697953
872879
692530
549253
240634
226493
425994
569979
43325
719011
171048
858466
900920
338028
193760
157249
375145
330883
459386
534949
397940
227690
717459
636271
868021
786278
735947
294223
937468
223627
349428
248081
965523
304369
985180
66851
828719
86061
977752
340475
230185
765868
730592
886101
806996
174240
715130
377893
507248
994596
123377
430625
739858
610914
635255
650454
371954
654004
230147
708023
452282
702093
983862
426196
189548
213681
444177
766822
755186
469871
578967
57238
560957
624091
886703
830678
370424
168504
164352
164142
238403
989115
846761
57671
241943
544752
307107
772774
309513
253090
450803
103171
185962
875695
240571
83948
403498
225030
764194
852677
452549
60740
922545
115552
845413
64435
347784
880424
162860
886181
877363
145303
862857
549165
254064
549495
171716
484404
842079
907085
38753
707782
194238
886803
219323
155199
8704
842060
890060
45184
735769
787364
434070
429403
752181
870340
515491
139756
525952
713500
619935
100673
91823
71884
404282
21341
660741
797949
270352
666925
869679
800017
221449
630883
481499
600162
598596
314905
205664
38157
293990
546076
117176
491813
93900
59979
68482
891389
207259
976446
663773
887
709783
385668
850806
996183
931564
886722
548853
636545
247661
238169
247805
918355
333267
326905
276047
912787
260050
806843
524343
803242
427938
935356
249689
131665
188658
402658
750705
230924
58473
393359
95471
979334
456938
248330
106854
126213
601635
402858
360725
920937
184223
213067
505350
167272
458489
428273
85457
27708
549644
754538
210981
81344
526715
771613
738374
203860
909078
310809
289884
812850
536656
429991
507735
939973
132962
260211
809612
550623
100957
655764
701693
554294
125111
250629
228874
393943
705433
660993
775027
110287
224504
449326
813222
60204
514089
303417
682719
181019
207843
314558
591208
613043
868528
991470
878279
790304
219000
701927
560002
749626
951411
30626
51392
524907
983584
868750
649029
426996
657739
831311
307647
55421
813468
239006
192952
345171
264041
97083
780676
734488
427608
266676
924899
444316
800838
799762
1579
619757
95733
530402
512822
273714
213851
199623
728704
88472
966382
436828
144593
643247
302111
409307
481522
328119
691072
953050
824561
199416
685570
960532
56778
853418
378574
779921
638593
54615
143171
700365
709808
549019
952061
782298
669524
457745
120363
344088
875613
672308
529676
924205
874949
857704
187132
890346
838017
58036
181590
811706
140377
544494
614308
202339
229593
43343
264941
478500
217461
220660
107571
927963
418204
554402
463889
462481
646133
367968
363189
685453
898527
566369
698314
797603
468070
362869
480938
376417
558096
139284
73706
259924
471768
199221
319791
528249
24402
748339
779512
830713
249609
712670
333942
177342
465127
682647
445019
778422
210104
704854
97659
890712
237941
952109
500831
297895
994889
966924
736864
738644
774753
475669
414593
869384
389104
415565
285394
739659
784190
497660
122867
797012
990643
316106
94954
613835
478266
471167
845018
943054
362485
80236
188334
721885
505426
981290
444012
609596
118460
958131
455509
992440
603567
351306
308892
75505
16965
636749
50051
660223
869132
566318
807635
146420
939091
242523
276878
161414
30714
942545
392865
541451
294139
153883
3177
116910
158834
510555
799081
513428
434939
547082
374566
49066
536845
180907
774097
16638
474130
947473
133694
942222
506269
616201
808793
713012
745863
688876
640476
131049
156525
29869
741122
420108
15832
484997
654592
360089
214502
336203
412692
685581
176509
775961
585715
979685
801652
56839
755474
483305
134777
391803
290158
348560
356415
702893
901486
370666
580710
167211
924259
907123
984410
977483
470724
879874
839590
274363
233320
45617
370418
337026
500310
657326
244395
144657
955421
31482
864021
239827
1491
960494
370473
486855
461279
88923
604143
892171
291727
42126
544578
418331
48355
213309
11859
741208
384664
39217
420380
125452
64526
255581
865064
919091
34204
609629
804184
999364
150053
675375
542985
416936
288760
786847
536389
71776
830370
821890
862358
445643
948297
849278
492002
479565
827841
903701
379781
592531
120271
277360
277047
703574
276017
523223
520965
63343
832340
680966
471920
186737
508811
415574
949955
818136
470009
475168
8829
549610
2429
176638
308140
527333
708312
676622
898531
150545
627924
661138
606325
104967
848070
356766
183296
475445
380323
832782
454911
260823
532194
652877
545178
206547
558240
131769
149064
722331
42831
184072
589286
82507
489484
407791
265431
667407
274728
806991
226207
886005
256005
469206
421378
493151
837863
960646
485078
458351
146438
269768
994164
532005
359311
756865
315502
116217
720800
184898
638562
91980
947450
773132
914564
214752
340503
250318
315885
310511
915653
920575
270251
933868
641577
794871
613525
691983
499350
24070
668163
330207
601416
757726
916522
36150
707263
366193
374164
629631
750249
481489
449440
62094
335634
185448
807792
727397
272212
655471
825985
700034
455778
686051
373621
911724
828475
438159
567205
205570
313858
365516
26925
611671
306769
33927
112529
579260
932745
222197
234647
15872
377117
906124
754100
980512
945788
258813
305337
503620
206485
106513
599093
145019
865456
449969
638429
815266
197927
465127
909558
929767
560442
770977
262157
146435
95580
641430
838575
643519
638848
821808
92944
945439
526207
14249
877556
770505
737563
811848
178100
474358
267499
472479
234480
323108
905369
243488
895504
168573
576517
982830
280306
411498
451373
160959
237338
531910
589147
252275
371906
10773
439028
44658
25297
329248
15192
726048
555501
462135
113407
927290
802423
385444
652817
325415
947670
502174
960299
421086
185633
852579
124617
273879
365081
133132
90953
962309
541994
243652
9980
916047
482569
821422
227854
60338
854772
608396
106966
882321
698965
134473
834545
419239
480248
743930
101921
72526
82588
314876
807073
555168
541862
498283
29417
799602
61556
501192
58407
474184
372814
649268
832848
156434
676156
975162
997397
853100
426698
275309
632198
941699
386442
446487
160634
914233
134431
673182
490572
157432
399434
608364
30549
396497
737549
68645
786829
214023
465985
234556
45802
937347
504886
97644
622334
989709
971598
279112
551243
10399
297262
157571
579724
509225
846429
412549
722101
189729
293483
321431
747885
246032
215175
467694
280446
998604
815380
819823
982651
490753
739649
580795
880658
572641
830607
346793
808028
146239
981100
918667
10905
161907
276995
507705
30103
782984
946862
976447
127129
744397
660547
444870
432887
530121
22123
491586
472842
358715
110594
363882
800081
27354
414305
562414
369188
498483
285871
771507
923660
943037
102123
483337
699089
214199
436487
19809
47294
374937
147396
921809
838915
269354
820537
149201
318396
902990
471363
684780
330963
87294
100837
618840
203329
69216
817816
434542
396504
489285
867121
226543
449230
147846
966765
326687
932674
988175
636441
978924
846587
249209
698337
173399
300480
602673
142864
249793
968915
374036
509896
820959
194514
383363
224135
132670
34878
73594
707017
61860
597502
345209
953418
118763
497361
716733
405728
790646
621344
618247
986443
75806
114088
244959
611459
580822
792786
683868
668405
623768
997973
568585
939907
959724
77657
227029
594254
501113
724252
774627
344908
722550
685999
821765
114698
98941
62793
24085
359923
243573
366804
352876
988410
9499
35652
793002
257294
272416
415378
629260
547943
952204
844429
484446
88771
593226
424677
257731
550640
869025
741488
583782
613537
207637
402040
193734
288041
690784
698592
264379
921501
638111
474295
255330
694833
1074
611349
183710
972565
3898
477092
756901
441475
417500
619131
64140
588683
429939
710001
318570
429620
615921
204398
394272
356372
69245
727605
615001
165305
264790
70610
826710
196716
501520
584724
40014
794874
607529
8757
296830
594917
76391
74964
693866
217027
56630
472975
504772
760060
317292
674725
917395
270656
702926
340592
222374
843415
790795
807315
674354
870443
48908
196066
618608
337625
369195
71834
695225
878497
180907
95402
443766
239348
676815
230924
308725
931046
404348
253205
832577
8019
478617
649336
323985
60877
496338
223105
567256
105942
749143
757428
345721
924530
357913
1670
10240
156498
958677
220744
747221
576946
258312
910273
766899
29621
572757
834644
387507
825248
827957
850707
177584
284515
528175
978998
523065
602925
671732
995649
834721
513215
586999
677524
877857
217088
477633
344563
152680
840716
663661
818984
187509
819536
909272
544946
468047
403236
739266
568248
314453
311094
705026
358568
3508
564459
485949
581548
957144
629326
399287
274670
378614
68840
450606
19653
968155
758006
118043
49873
185462
370280
121765
433298
453606
4703
156495
213145
692662
839498
546944
103903
558663
854005
108188
634324
45588
632826
781694
439021
336243
571767
554720
182930
705163
72441
300641
28476
787881
569039
476097
474650
120494
795073
406550
630863
257396
20508
988082
913706
73797
581609
556015
3937
391898
11489
824628
825294
137246
539722
955230
26538
378598
725484
417003
965164
166129
594457
919463
989378
383295
611937
178346
554759
213288
484746
396662
681955
321181
462256
994045
174003
734575
426267
43174
242126
8284
757726
291186
947886
615746
376329
998288
535989
192404
516319
14986
590133
814934
734056
181320
253362
637395
79178
206893
393638
17816
631733
750914
984306
974980
791265
886348
304040
943647
374706
777067
361547
30670
612695
939156
184174
464235
341149
83493
216733
768104
103518
802148
991569
222653
344232
534103
507647
922918
584024
837973
356947
428700
524925
146136
642264
461069
957656
380290
21184
674531
318114
509853
437539
798276
102637
559317
174315
66798
182134
990655
386849
17963
787134
897041
804077
627792
647653
542634
925
559731
32418
135000
79939
888939
51635
271054
862714
483874
417401
93935
528897
722631
362653
788231
501813
224606
338699
951982
914353
242039
577633
548374
626938
483885
449586
273558
588632
484395
819792
758468
889870
958494
265948
901981
78364
367739
66525
383620
260244
558124
998769
987505
288617
737438
249785
959898
360326
276085
613535
113813
795481
883385
152805
135569
815259
216606
124046
338214
173729
8169
38621
20386
167381
314997
922567
800355
637298
25659
574369
19884
241659
828665
475313
927929
405634
214226
71622
900797
678627
626197
860508
965633
674563
297169
314885
816912
537796
862668
262608
222691
102463
212262
603628
18815
223382
216119
954845
317084
969022
58179
606609
724535
780149
582991
66708
780364
592628
84555
143357
134272
745716
672764
340243
567348
363193
948738
413721
883854
914469
819731
974978
547032
841957
89758
932097
998630
875160
771585
277741
7090
874011
587815
881229
55884
905820
972723
422922
419609
174866
450314
377704
135945
400114
402178
116487
168292
21403
456607
990136
75798
108943
344092
988372
124583
775552
476563
987535
119930
17249
588695
256842
388635
517034
508845
440367
613189
405171
595891
704041
380827
243023
686952
210909
734116
776026
330926
956458
777707
156487
899541
332534
647027
765225
77177
435314
126821
786779
623685
632480
728345
786450
732089
407332
849811
474782
163235
704607
750378
610685
172697
342223
585034
471707
806663
823166
271068
477269
6305
913027
35810
941366
78541
696548
30039
621506
948871
682362
19533
795049
685845
143315
213880
2963
309117
530544
404044
900640
622215
815603
965693
946745
249215
938734
538792
110402
107082
494687
755693
562673
621533
517858
387375
319383
989900
582252
565339
244233
766767
712527
657099
604903
383047
17323
111270
285093
104949
931434
583958
517478
968406
225821
291806
162229
876956
437320
965131
922259
183956
946160
94138
835869
937309
640383
43007
599086
508519
701071
797047
245746
639536
581538
131206
110080
632118
411176
7912
732329
520342
725099
269474
221820
732946
252325
956303
943707
507328
179270
66643
278700
491167
21744
584482
903053
315836
673268
281170
663196
877627
122270
451987
269875
398944
354017
11106
835274
840835
365538
538115
484006
164875
481791
216625
168639
691793
172390
975797
331354
322943
797263
734001
688840
741127
178762
850510
106792
976457
783337
636543
682196
71792
330075
370057
655210
532751
111276
281933
381464
997150
745723
441891
548606
9145
689567
816417
390717
926428
514825
8757
556742
852254
593953
625178
966613
685392
258628
621741
211367
300127
970324
975229
572881
379622
283518
43108
706969
561291
383756
202282
751865
42611
460958
554528
414983
949324
954933
739114
469922
348789
800425
517845
503937
617049
770607
793153
507700
949877
898431
391241
155127
746436
253817
846513
9277
933001
885180
580670
27621
110405
482774
806025
480204
522645
371615
989337
711903
935999
972161
306417
584050
183395
692422
269418
231406
867016
319630
214586
733363
445589
781662
260881
976135
675587
379669
618772
98636
380233
916931
114103
46335
985093
479679
705098
113671
58974
627976
112425
970491
320469
238963
707894
783179
274257
79394
810888
929107
137565
918784
504782
226284
970706
251739
659523
138899
326264
676604
503016
702762
591980
721278
923712
577599
760088
591241
935436
367181
290769
259996
327607
429344
477717
583365
504783
229659
993306
122768
512580
211117
631615
710221
394236
79879
515848
147563
90113
474194
737675
328249
594851
187330
972898
100822
120501
769839
56989
621976
679395
141191
783582
123393
49587
588789
280420
796182
245096
974478
763241
471743
595255
283249
253498
163349
566983
889871
30862
363199
337780
760095
982074
386069
223751
108813
67153
203893
281231
465134
339908
790565
698801
758638
447267
845441
70258
282401
673689
73469
324884
834503
821933
363820
460239
162769
144883
235145
881234
899968
45757
444474
923746
662570
93034
476709
711190
960816
169259
492563
468990
226793
428738
983333
545249
465592
336969
776912
418969
173728
742725
58015
861170
679076
823668
342385
363002
788301
807331
533483
864246
168377
350043
831714
958152
459401
807214
571972
767486
989880
212083
206177
312479
21222
920684
627054
457425
954103
558007
9058
254703
17511
661242
492359
964187
814078
880659
677809
336472
386678
655988
115907
698028
190871
152403
784492
701048
749191
807347
397270
803633
378494
627090
800928
849191
990240
447389
862314
215016
710212
284904
185623
316048
18936
776695
211178
371976
552697
501327
83935
417354
102915
417178
795942
453811
498561
457282
854301
936803
508197
38968
321920
712318
27418
559780
429772
298841
787269
978755
920296
876884
539321
18658
888147
237161
744002
495495
505275
608223
287606
498673
938241
422773
912542
787235
801605
996151
908643
290264
365121
592977
690005
791579
838740
994939
332501
567414
657644
876249
27706
595354
38044
873291
530797
102056
97879
679603
631143
953039
328289
215114
886655
226258
575730
654292
25002
938200
424324
884514
398718
272807
382691
108784
726881
78139
406425
206508
240223
602937
537559
343882
721798
970587
426743
174597
616337
553905
117949
842358
561888
504410
597206
92012
505049
471694
279264
326753
508247
503086
12507
618754
464012
508298
846907
813022
85978
214274
96198
930443
127848
713005
540725
440957
441819
11368
904416
529361
668946
300376
94970
87403
637100
380538
476101
69288
542287
678862
815668
786858
37696
809057
513286
387278
355182
716126
849649
492300
349348
763697
566197
403796
25921
122745
414616
8987
385864
404113
100441
553652
256781
306731
659026
180703
957687
361472
623755
386906
169628
637846
337656
269938
708016
569386
509382
325570
140921
621152
670540
995660
773673
800392
884240
512746
529721
864526
123026
651643
949911
550566
397266
256910
672870
690753
158665
191193
49518
654244
369122
79329
696782
39420
458655
170167
551451
31603
695924
81145
49006
13347
950445
346745
924332
122361
538691
192873
872643
534413
548375
363700
496823
444531
578549
935397
192492
44247
658822
580225
212562
936558
619022
775896
298492
618076
975521
449648
499519
950034
818840
583805
209410
865094
384467
263277
548628
153991
323134
215192
948536
802091
215980
305140
889965
529630
882226
321252
190909
80882
119840
933880
611507
789350
396784
573705
377523
988320
142626
504399
509799
836206
891776
835903
113534
105259
183061
417097
774831
697078
62817
123285
817163
120332
552002
885485
716984
816461
691579
427513
348744
379034
472354
277775
896337
727703
573558
191483
874820
658869
466800
798005
629602
675952
680656
37284
83041
751725
304907
59133
947738
934002
224954
421683
383100
576545
653345
996858
888815
773863
425371
174526
969644
222377
774501
300907
361536
115187
939206
92357
928681
35071
243389
480384
470760
380299
926176
408058
525100
544281
853850
93429
996001
161360
848800
198112
179239
441256
201951
149487
512063
944156
618467
259407
242176
249906
671510
446417
986172
463855
978812
39905
166712
561611
159562
846680
326832
353708
743764
988080
553895
409973
357660
854966
903822
808523
584615
62896
193438
488621
650746
630782
181784
524484
435950
824371
121279
921972
683030
247422
723674
444036
317142
600529
675052
599273
888959
608841
788541
694175
991538
928627
867023
738331
862369
359262
870731
256143
902989
964034
57776
232565
122144
40132
644760
540297
390018
579421
891484
569849
904299
624395
509820
187426
66308
134365
312223
762492
338672
729014
11309
549443
272052
279431
615433
506357
256308
657134
625050
358487
37804
624795
680697
99934
47769
688478
194001
143498
619050
355465
901376
705098
18858
221997
366333
37283
811784
906174
434052
437021
169930
243806
860233
640468
947485
527931
871630
171800
834214
998190
950257
235575
296949
675142
29402
172278
568813
944455
558615
413573
529557
956283
648954
245023
833528
882108
778250
9066
847123
510173
162690
644286
585758
296543
490332
128379
83178
117380
313517
571445
153299
57230
514792
668186
332379
190309
257743
418238
971895
41186
697788
428317
903216
158961
608423
889052
465505
674229
409456
828304
689179
566536
201826
815636
199625
480607
723468
657414
148047
103029
591666
326197
511448
241322
414764
295941
198125
683605
144887
444443
827278
141443
8340
239647
368433
932311
883338
806527
350660
2961
935502
340344
390974
299342
269825
152131
104128
556999
358723
379580
997092
743699
69049
654796
974867
624393
583225
658210
144030
171966
453324
540172
375250
216709
585626
681790
452350
555232
206942
229432
405927
699995
565808
869612
520956
291655
410549
28679
83792
423651
879315
991614
721229
51874
886169
139506
313402
818972
911995
349023
315016
663802
75314
150340
622835
427829
221586
4285
199558
839310
234405
770442
255407
864281
827480
121472
635135
332962
442236
49636
102890
867338
193388
82723
275439
109723
403102
879030
894485
820123
593991
453207
442296
874010
69451
927592
450930
654424
876751
150575
894489
268389
341337
944171
539161
50251
917441
343333
511621
98926
204561
668445
153853
356025
142906
612159
737283
571283
782920
680163
537851
691682
276812
958096
644648
152057
883520
759930
245981
313849
885351
298702
541351
256818
823493
1021
560205
234801
606026
257189
920603
236830
616862
673007
118219
297882
10463
110775
584690
561356
483675
374048
756237
234637
962713
111225
693778
54419
464265
162947
576548
857538
415321
548193
66174
905024
640030
129912
1838
360965
201297
915320
351581
847863
103649
568248
728603
460724
835945
7894
102210
223703
854157
118733
234977
600979
26622
186633
931661
739694
575151
877481
60313
168657
746123
251372
170466
615119
226948
663927
69392
659932
659252
869811
431219
818510
175784
207034
444077
233360
861567
311740
795408
458812
552217
975535
658842
913016
654001
498741
59685
717709
492652
808072
577148
494371
359761
699539
835418
745095
527366
906452
472288
175337
27845
746106
596770
950219
267193
620354
968241
765698
683821
283356
12562
294505
868148
577196
546478
651073
311070
323191
543857
314654
653933
171065
734096
347965
384183
214766
6156
287590
814361
570170
546385
445549
457690
229823
308753
100133
365596
508932
206644
171436
57551
541355
791502
655538
712136
532684
891273
478927
836855
657952
383454
880505
667872
200744
967283
265648
291248
516693
397202
919252
173455
550013
885702
988692
111453
244500
908823
582428
557202
850906
372421
762840
79371
462301
391145
213661
41578
169483
266688
347342
158985
296419
888799
148601
538509
656577
581841
406533
110398
779454
51265
20291
627245
7014
81413
527373
48565
568614
872254
264124
366781
671667
868817
618883
673999
211603
517860
466051
880575
524895
436596
773597
152033
806723
754877
126585
471114
775818
358347
442112
933964
967910
596136
626997
638891
696626
658238
755140
331902
293678
313613
263798
526047
45570
2312
983224
542693
653800
729307
13852
788692
304525
549844
564949
503398
980079
706
835851
611246
468094
510537
716454
824654
525182
579541
353211
143787
444094
734413
618227
312060
802780
245382
89936
37942
244679
945839
197043
563282
668138
852805
168192
988469
771888
1301
39278
706083
635631
569111
256691
88092
955419
875210
173824
754232
504064
17758
424946
122310
988527
528854
568390
494257
341543
548637
125695
203341
553639
230131
580740
395962
471032
374400
79734
893887
518220
295379
637650
127205
810086
228820
610245
10376
877333
356263
904115
416645
357304
889313
263844
821868
210599
429045
141693
103613
616121
548050
951053
432541
459071
363829
67250
179910
211536
486294
945641
346490
409062
203980
199833
180401
978139
23135
590591
724438
415418
753076
194322
711056
705772
49461
282360
990618
906497
247002
969222
968444
114620
731718
420192
664621
988442
358853
655522
540476
609410
33091
750458
622295
707776
944746
525082
480051
854634
97233
718334
183538
378885
237437
279777
139073
300904
472366
678368
262701
219762
591414
512208
490482
584964
425278
513678
362848
70101
37408
51627
199092
971563
521612
748917
54671
868176
756333
735534
689001
77756
95038
518048
663519
991677
644733
85084
540571
907649
57530
501553
991741
976048
557445
571227
218101
700214
119050
129307
220290
817931
199411
507021
890858
537023
861944
730811
878990
1890
79549
813014
203554
233181
522134
599208
957893
565795
864942
597263
843059
726307
704635
318851
721772
441647
888047
127100
445544
685389
220706
537548
793370
650387
904999
944184
230367
314897
1014
694610
376449
204450
723265
828740
778321
525720
578808
28213
61334
509516
814645
296351
485340
845771
632810
568086
275937
699680
56294
690655
252048
781134
356309
751045
91082
545471
655346
904537
12169
68950
287894
72788
752329
388882
347006
923533
451512
468925
140923
808607
653214
197622
716869
825342
462600
769966
143808
8207
39012
209322
339284
29325
566755
279051
170676
132374
353360
822121
630417
331853
480971
16990
646784
773457
734270
101908
676033
422343
119623
663318
214450
817342
254041
400019
305124
970745
993730
768195
389328
758391
119874
756871
185901
137072
465216
601295
838927
456273
51296
223517
725888
310172
430689
601419
131696
896689
881053
215253
363863
392189
358219
413145
574449
772457
133433
754891
504406
422851
92031
600626
689333
751046
159808
826526
970953
560703
782908
575890
114852
804952
963491
410957
175489
194263
358395
737451
306068
281910
579584
462729
206189
66490
379166
998357
891780
956914
970170
551195
710915
889528
781965
732678
69285
931783
192559
372188
178938
413156
616478
715455
778403
950975
579283
95324
321669
16333
20430
772341
171254
203997
144800
783979
990048
312642
754964
609206
92066
185612
987660
758655
522596
15505
341371
160041
520428
311385
612994
816257
715069
539940
972759
819808
45518
712068
794502
940294
889306
479150
204630
250956
314200
435581
312261
84346
55306
696432
830933
863634
626923
396303
380312
361131
338246
501580
893190
548666
973822
305001
44908
607333
192016
584919
244709
383820
44695
416933
647940
153074
974075
455105
587503
795312
612323
300014
900886
294858
970392
803957
420571
236537
557674
823607
408994
189821
672412
920646
511527
918840
463788
139273
296581
274253
127623
115331
87842
570030
381132
559995
366474
653366
148702
877944
132575
721721
246043
847438
979774
294091
172152
152457
263774
787494
96263
579288
280687
669807
926224
963283
249128
628930
691225
812194
248084
434755
582072
773012
293544
254964
747155
501666
719598
422851
725730
412497
37560
684995
724007
35909
496220
388151
620025
475670
528744
579056
866825
604006
359897
744484
671436
680713
831856
332131
536114
96968
160088
642644
172733
36009
789246
784080
823432
445252
847264
27734
676690
329575
691681
901863
272704
464
414880
426563
431139
694049
89472
720418
178055
427794
850057
717412
213764
727542
380153
717913
636526
850260
293760
499073
560452
208415
384760
609770
12405
170433
747886
978701
292075
389101
692924
876750
30012
21146
333704
346109
259774
82657
958727
753891
325945
65211
421488
215210
687542
667410
741245
187268
866967
945635
23756
163467
142578
393795
526268
460778
731654
197038
346851
995180
214837
935578
676789
225930
958825
217062
794772
668261
859646
910463
646707
259889
869039
633387
402359
824907
529538
781284
528991
374740
357364
636377
870961
628040
34222
978907
191308
178171
943318
31643
376130
419638
7185
253220
121079
354741
714727
323909
520109
184322
622099
789092
978936
87005
106891
880859
243947
450230
115767
64482
699917
850487
642562
584685
272837
41873
81766
790101
378829
184637
324598
234160
225193
371449
630519
946735
802105
834808
10722
392432
643104
719622
87502
170052
761177
191481
963719
420630
378236
26638
501612
375576
281262
6900
983827
282444
978391
318457
350286
439582
804094
324212
130444
426961
573066
162188
659722
167059
498080
375644
446798
772287
724153
310544
123864
530918
436759
655895
387924
728306
443024
540583
320562
724257
571829
893593
427141
434144
195825
890208
736116
413009
291328
452593
950123
820167
790514
496734
244889
671643
155949
942804
514429
31517
599902
679902
957377
543782
764998
290289
149665
411089
643027
761677
568283
570413
265530
398873
622200
680457
915865
443053
644032
550695
853394
424975
970449
84449
106144
933450
542486
849359
406682
212222
744678
174886
682570
800537
567193
594271
22001
598582
650867
481903
73349
525224
638361
156944
846550
24774
586049
52529
482534
945968
824744
368718
976343
583111
999103
255800
868329
685913
554668
684750
156925
669519
87290
66465
696836
565757
721916
977677
599628
952465
669687
940157
378579
838409
271403
73248
797893
800630
44639
202439
392548
658993
67303
162720
9106
356800
473465
901244
539300
978238
622447
484573
15589
102541
531239
750758
471456
681812
303210
77771
54927
20495
78665
415775
781594
37928
901706
391432
752143
731284
893847
665366
626661
592025
599777
310248
573108
469920
581613
566177
46532
574181
927288
733730
722563
456279
77126
79219
606186
778702
344808
91751
949649
905235
687401
90472
598755
766556
849020
725581
600452
232311
43941
870825
362955
617132
375138
166016
788440
422229
32705
939047
840238
54803
779701
454959
366319
232733
925892
402936
858334
11240
838085
737966
32472
727472
690958
537795
966621
105211
733976
195776
804975
389125
37367
714276
745630
957680
914029
250102
194949
599755
833547
289262
875141
917858
60909
355095
716611
203936
304050
338305
581994
13118
284371
47719
181670
89868
26402
155438
742272
526244
60562
157127
604886
891365
872928
367404
888934
962891
230029
912081
813079
203774
540754
9621
211683
278706
610401
946417
676468
954927
990589
35494
877089
495213
78204
91516
235008
836182
400864
79606
926748
339381
91905
783268
630898
146699
543631
476747
138081
949784
533115
159868
533354
962529
931175
557005
445929
620281
27407
741692
364785
177801
941182
829310
277466
971396
735706
950919
406933
75057
100133
180272
366061
278918
569487
569824
997200
355712
171851
213421
894776
174017
791400
20
103971
296657
43446
862499
93579
969603
328992
469122
908593
870594
648363
322267
689286
100595
140905
856579
179954
366060
557720
158835
831709
599666
98626
732025
784879
561448
672317
184886
148515
815490
458857
984928
362516
920348
809982
233123
963432
506572
435812
53519
577582
886120
522031
666449
238061
798637
406144
195170
710230
710178
606035
402926
653354
498631
608813
168887
683514
876938
790793
404292
475150
413335
701069
863345
245486
70584
142385
677275
817050
36998
79797
511865
774672
200642
510436
377148
327718
59048
570538
688223
945359
868516
325828
755624
519261
215615
970778
981959
63550
710433
563065
679447
907739
778576
642242
926742
619202
4551
596907
445565
17522
743709
519655
819027
853190
364259
331492
504950
92956
924157
3460
196837
666163
933501
709000
122589
987737
177066
397801
940944
519555
384358
652705
628254
504852
212932
204556
856274
72127
693643
882996
372861
702965
644174
413374
49648
568859
334006
473104
415032
844824
48182
741181
603652
395750
857673
51220
850461
149049
561551
22615
68491
45718
128055
272970
502596
674202
967325
19545
361165
286705
881808
731374
258917
223284
522828
924322
207549
641659
665111
567638
279599
169318
43829
848371
395914
788379
662327
717111
36365
417529
565281
915728
487570
359775
395274
670359
228389
731043
923466
707301
708606
436535
246320
343043
293865
86732
694349
420779
614559
715506
677474
998956
178474
178104
927813
888619
319104
79689
412120
30965
450350
427641
652622
472360
276187
722958
701420
313568
166652
36311
775528
264026
612843
267597
661916
570936
818172
594858
577295
443027
544349
416395
98414
933053
702967
529678
272171
896491
503174
711813
417841
310705
360548
467502
303039
33863
238746
443779
452268
347079
436233
603737
38030
64048
646308
70611
867988
156696
749775
420149
545873
196815
918160
305929
784099
654045
233702
484969
944488
131364
227852
463336
458036
291496
177255
281468
291032
658916
433024
484873
80624
166250
728354
713234
24570
795213
255962
54585
887333
6628
769886
116088
285263
475453
49636
496494
851309
216186
193448
406962
66510
664761
612657
982697
325163
183615
588656
915985
762712
968370
884335
153264
838598
325418
367997
268226
594901
951670
227515
263038
634871
127224
358951
423032
766928
232934
706522
115399
129038
952030
618609
160078
52407
913888
205392
869710
716085
425033
436268
588021
703564
117563
101740
838354
824506
866601
528657
493048
17980
920512
156485
911586
519131
338022
405278
615299
72371
784983
659181
557590
656078
697815
615425
516888
93797
849120
6308
31943
124345
153725
749642
450727
623738
537362
695611
520788
746125
981642
854369
665320
434364
540813
759282
357814
978350
579877
287002
507979
325382
777609
823019
923386
141299
597152
885910
546352
808713
856056
944016
965979
711191
820963
974032
922507
167267
883321
597261
276566
17986
221252
572286
122045
696120
977193
139038
697449
87365
201150
360185
587316
955957
147209
780326
628042
66660
225061
439930
574089
168548
999034
947088
232243
132045
79576
565443
906164
148126
500358
629473
11277
937031
715167
887121
406124
414757
568015
524953
645850
758753
876213
617680
844825
892017
482883
282570
913811
480090
929621
687502
702575
912563
166658
281247
6231
321996
755375
501449
77015
479427
155751
684997
212716
900239
102909
146442
115298
50007
914601
724766
840068
735413
471957
501898
75676
83695
681773
598319
988702
557617
979152
407594
79069
737224
85494
223843
555596
423873
586519
698119
176624
585348
889630
282296
930573
490720
623356
105983
366097
422490
793206
872487
532352
952131
535641
190995
649827
392964
907767
727247
719685
265724
443547
43111
117897
709427
540184
988151
820206
502815
254030
180381
346193
886244
941215
935668
485672
729000
905753
477436
889617
34697
760199
539590
692119
907868
867345
306321
282633
722232
159042
115791
140601
417299
199049
176588
2761
257875
946215
568643
148457
177194
366396
957290
845156
962978
74244
213120
801563
647380
524102
630550
522008
900849
244243
130328
355690
894614
3037
748405
356029
187085
828400
169845
19849
329130
235475
342395
658749
747643
65266
335421
67553
707509
808657
647124
882075
545044
208373
827235
507160
839535
350558
537409
925672
395480
515869
442456
50905
234617
534664
988466
67236
453016
898085
881797
165461
219559
458269
900528
14933
421492
997913
838302
775191
237319
85473
943483
291005
397358
533169
488116
504151
203217
91642
585264
583424
186496
232976
966214
284888
660253
88346
822433
756110
306874
145455
20941
538423
62391
372721
852028
288214
403840
739041
830348
613732
807862
879796
967273
600068
528134
602069
721603
990416
883230
480364
198957
822618
283065
83844
54083
707065
31516
69609
871912
833168
21337
882972
266791
475686
347614
716078
670227
461709
473777
96313
308716
243579
7944
672118
556847
556847
449608
916800
541358
596577
893350
277631
406757
546220
570003
436655
535274
332861
571552
477522
33208
911817
598166
364191
374014
233669
652330
270700
420558
572038
205182
82078
731094
207980
338451
771188
814161
817504
344186
105098
430192
233791
548598
931778
55976
210835
585324
411351
57488
202544
129109
263465
945634
165543
122114
431675
553084
452920
400330
75167
122031
213682
342204
162450
26361
714528
950773
84721
143130
582608
235822
322922
515354
117065
990100
22058
993828
878269
705806
676900
65572
167273
411475
430090
19446
732956
768676
262245
993713
326243
917260
116860
268686
145939
83255
271648
968201
252160
54546
251885
255474
293635
932489
328633
1973
670170
821446
597751
876154
641163
304909
570034
368214
54826
384322
615979
513304
580394
503003
50772
212404
646290
63215
341688
287107
986036
98215
431675
817089
336847
114419
250174
803778
164722
351766
265666
39069
809114
716982
201454
710015
944215
145078
360190
191273
978025
354288
180512
181320
222431
113403
334906
168050
334264
121059
523286
641961
578900
443484
308042
689207
837843
575505
98008
607017
816878
156903
39023
839428
104751
838975
691963
763055
946724
861459
983743
32843
694458
816560
415673
936183
988859
74491
637754
666929
701136
586365
194076
983863
702778
654910
342720
871527
212241
150384
747984
616077
711766
423957
420053
832989
61659
961893
271686
147287
914976
658660
574039
429659
830359
482970
105768
165172
483816
959481
791611
551338
845683
775538
601041
22404
426616
163341
598330
50456
586824
411967
553521
944649
165369
67866
416356
127552
924490
30441
460566
967986
629450
812988
520884
630817
538795
69588
858759
665118
238293
893214
902716
402480
303686
202816
433569
215910
643643
143511
840748
630463
730336
704512
944667
721984
323354
370126
13784
185883
296713
483950
310912
582942
766639
254209
657201
174213
425555
102722
441397
346542
699282
521496
899124
810122
630771
192351
581356
571364
170322
962581
393586
183199
295527
668254
133711
373967
272887
724985
566210
986552
56311
509617
818066
233334
446762
487559
830348
854464
284638
650930
98111
503126
417792
935532
46452
683047
610664
300223
890109
311614
107578
216770
958575
473536
992339
137445
318273
149156
923135
133232
60168
925517
784661
131222
845351
283019
939605
983984
596228
851880
645251
175806
792858
826343
467403
293744
522671
349821
79451
299852
805303
560189
492389
492305
683359
288190
383263
331655
971448
596651
396263
365675
640719
677616
390654
669310
742689
348013
335909
568057
766102
829391
710752
952800
241180
121149
968415
858833
870630
486565
167074
943321
590795
457442
372258
484137
405752
999402
852014
457273
982407
78352
790408
205877
865964
788816
110743
271454
83384
161391
814303
73905
44819
501691
16101
277707
697436
812476
88043
608331
669073
259431
14591
586593
720880
740911
814086
432328
910982
224227
344126
613234
615647
361074
151751
585113
385443
470184
881808
605017
960037
406878
977091
261256
969713
801006
397077
901656
917548
194238
141708
995816
159138
971332
751497
943163
206025
810269
19099
335454
352282
345609
200307
801790
724095
282359
152882
694400
439295
229138
63490
691235
295776
325384
232524
527516
743475
596348
301330
581736
24050
250251
882413
84698
704469
532398
376243
444387
175440
844080
892676
907436
103052
897143
370536
274285
325591
416409
221531
495673
467566
357170
354003
28207
917861
420827
176460
432351
622474
9588
483250
590590
574729
323535
884141
942103
859926
368988
952152
532667
20246
779732
551264
930925
63224
498344
486272
25368
168160
375842
89250
517434
913516
151842
24946
66762
568089
398050
270156
785564
237544
729871
769796
251993
954974
609138
869631
526837
874789
978619
498443
457864
570338
516081
128568
421813
935220
512217
216041
371869
414066
442204
589368
481662
924595
418911
944469
922554
370541
861430
961618
166251
667727
289431
429621
744203
682116
914438
155831
450373
878087
464349
966458
498636
7359
840899
117281
654257
418105
618117
587067
404485
756090
964401
381361
614787
957684
696153
259330
599048
291242
198416
675525
218431
349544
734664
424943
260593
545409
689907
652099
950541
49539
166509
354994
102183
923107
448893
151088
251595
698259
381265
728692
768587
36755
515835
951689
277738
191182
929764
163008
9218
766549
443793
577123
417240
521172
812079
421563
837533
319357
954920
133602
826566
734665
85226
575485
193884
816652
792768
562519
57458
139581
546730
153230
164618
315556
461954
938682
628667
454069
683357
447032
562214
15117
639718
621540
541986
516339
907220
243832
246556
656080
805316
364273
773978
934700
432214
82330
20762
795477
2394
96068
200624
437068
52724
708039
20121
838175
256776
921971
753401
481757
71147
132309
203574
703207
727204
599781
133387
609204
437491
242273
938059
541725
862441
959630
678658
277617
963414
356266
891342
25988
664920
229373
589769
978310
323962
737497
337866
730472
400010
185718
295765
343159
596356
767336
252434
870812
431333
934039
579136
943300
993414
975154
370042
939159
570540
403959
43730
112350
548586
73552
722039
52213
74642
83893
114247
443582
192367
464617
206968
521324
960795
591885
57342
505620
522065
745336
848892
693185
