873284
263186
673591
627845
877683
603490
926981
905581
936764
958557
946321
564969
976030
382784
319101
220305
329649
721331
867839
121639
831043
617312
956104
967535
606413
554998
210958
575344
518017
220886
418941
166734
928526
672632
24409
878210
792757
227000
280570
348266
171153
470699
905959
738127
976891
620667
387378
291486
870122
409349
216756
877063
928954
685140
100431
954698
747369
768599
113667
90383
806613
838747
913740
6091
635676
696871
703887
94741
941637
910846
653532
334483
82354
994696
280750
603702
834298
289887
753325
120026
400634
302656
705658
344692
343117
53760
417705
5884
837187
234976
576997
814603
278482
751850
932997
609206
698717
501280
632270
66114
621840
323233
882224
647242
803066
329650
245460
365255
775381
922596
146992
526775
565478
13596
598659
310575
965030
884932
380249
724157
901503
779806
82230
220210
951649
10239
648904
135398
438320
712246
626116
428772
105969
631630
205991
586011
175531
554898
451417
322521
172799
218021
141861
324388
527066
807408
766438
22463
636867
89447
842173
990558
355334
660185
509143
584006
638787
856194
696944
139604
867922
695546
745388
639824
496191
158372
708911
842973
550187
27204
934446
826021
761260
401613
326698
922338
284907
449067
47575
706653
162249
657291
665565
422253
271931
5548
693513
557317
650221
337789
914406
249837
947114
997665
163763
756812
169119
227064
310404
901879
614352
13878
641899
22252
599060
691682
776925
139869
438395
314838
74147
657356
310754
912434
825707
902908
130780
689541
786865
763555
939989
222470
187756
703426
532838
109415
302583
624037
56356
995426
671350
807922
12523
11289
375923
979289
847840
285224
4530
691504
624957
369042
637461
511361
66368
656101
819240
355400
715649
956424
663369
912762
36767
243267
37688
972120
602723
533688
946738
203810
174989
359565
976369
549827
419735
950808
718461
357574
987251
84813
48525
661866
829488
837490
585237
622138
932943
467698
424014
877666
472349
503457
693037
453037
659676
629402
887188
78812
542428
130181
669394
116397
644042
690126
29450
66825
748538
325840
843399
45893
426204
704
316031
99275
445080
751423
75736
993172
397838
426587
854274
728541
649423
764283
409812
213888
233507
661012
229642
596776
68385
946120
606735
506604
776139
95661
256929
329091
1687
195252
545654
328145
362177
351829
657885
637906
118660
246483
682101
809718
836240
126719
712168
573458
519463
334922
496899
327109
837195
186659
354798
838793
744000
266275
241030
614710
431106
693174
944262
37735
619621
538273
712273
91417
991820
415794
882591
103994
58465
716367
747317
979763
604755
453855
296711
472643
156750
229514
399040
586555
339449
721110
987170
556173
118145
149022
463972
188884
664357
317769
101542
759839
762940
766337
238294
229081
167879
259181
278414
534964
47180
60216
518922
20445
970699
426006
975124
142818
860451
291602
239461
642885
645981
638494
779104
659854
33363
298176
220389
903638
898347
57325
802707
125620
289364
467609
944967
826204
333480
877802
659190
862473
762803
988906
142618
468194
870506
552361
278510
345281
906736
316917
242795
701646
469264
730050
444731
622492
750876
953087
432703
795442
172354
706325
406563
164636
252030
330758
429984
883551
105304
994217
744593
234832
627463
672017
770231
789975
761557
39726
74539
780175
687525
812953
893321
72583
610391
556966
81982
492546
631278
552153
454158
142200
620648
739425
496392
598633
593541
440591
971658
720158
742077
552268
78427
658934
305987
896452
824205
827430
319621
806777
901728
735216
533939
863186
82052
618139
994813
252068
172529
461177
553291
711168
183384
136086
856909
898329
763248
660623
678330
199123
904179
654633
46020
998570
617655
885483
135387
867755
428077
376979
430352
862340
585087
812160
793141
13466
84936
655940
753176
744367
886548
395938
663516
322941
557987
58183
931699
409046
279594
576967
354677
34618
578701
796977
19744
340117
292136
656196
989582
23306
252574
238668
129703
66964
172853
555450
43228
424963
854788
25401
396166
920987
968280
497437
164646
763527
14792
149874
372835
89877
50638
161981
982043
181956
116236
333471
467315
476809
463558
474015
17950
257076
166375
1433
300570
995741
793405
612388
22527
606591
494999
166394
672087
524244
95795
166293
700820
909584
436100
484167
995472
117366
904152
302633
694645
113614
839193
590745
311280
559816
255251
756151
404406
758700
293244
268133
966679
244123
743230
110375
259033
933258
567953
728038
266830
201697
383646
983334
810945
711787
731971
474151
652711
998253
889668
33081
68290
233276
364143
45554
790753
258973
778967
14512
178871
293852
621882
908805
825781
341561
437904
239118
23799
531047
719762
285339
907152
32534
158052
222626
508339
948732
719072
883402
392041
488911
986228
981493
397611
431049
464343
999498
301007
202953
853391
970031
407962
673225
441696
532363
59935
793760
360884
758462
357374
296047
292237
775392
484929
493795
394476
862207
144018
815103
271305
710776
29317
899486
626931
990774
557891
133831
972904
332457
462784
649385
153489
20182
832514
464217
436305
714498
420429
325441
289525
358047
565110
96737
908701
22225
701451
265598
222742
744266
494298
101762
124753
716504
519436
930438
615554
224935
233819
56875
102076
892744
427567
875831
887358
53676
89158
288476
172434
787028
958827
906967
108670
172822
72566
493981
26489
137531
93544
644631
416394
733910
106181
997890
259289
149018
151731
570778
142902
987633
975450
411554
161610
706339
516283
34671
374985
795588
50637
548348
389622
676826
332731
331011
574852
977043
667222
395090
82098
168563
693819
921059
964368
32346
443782
604318
583114
342511
277309
938641
464125
678014
408795
956375
671675
37690
344921
208635
832293
330576
815637
438728
695847
456089
139246
475432
916984
486699
610448
56282
636655
322227
538028
771783
225893
321684
491434
268222
423925
420518
184502
968606
354462
422097
560745
185782
557093
281029
319389
455994
160709
462956
224843
916929
990977
290641
836964
187732
149795
758152
657953
136257
50239
704796
161992
509287
925115
56701
780927
410937
424434
193016
970121
436324
161083
66942
207944
659913
921645
866597
962288
955309
731555
947839
874208
41282
39108
994955
272985
331728
651882
938148
856895
963737
770446
86083
314313
512241
919439
396814
320783
931153
464768
710476
606913
158747
140902
664229
339381
897847
164659
846317
932034
947716
415906
950303
746020
268161
908239
511457
405203
724871
221123
658369
129499
500305
615897
943772
812406
449765
55836
125485
125722
636187
460270
448499
791683
660317
259280
92916
736578
923562
661313
267700
513903
9270
852343
994353
411943
26296
867734
421534
9638
569924
232950
912383
316563
514119
633077
138583
215712
413279
707262
275566
595641
34913
874539
919327
810468
256002
471030
959529
741913
729950
64348
227577
170580
87774
997828
716748
594637
931230
397502
179304
428023
938679
72084
955310
483754
562524
706891
246534
312923
71612
184235
480301
598541
678069
811232
550767
366110
66390
806275
850125
97243
928944
946975
147124
644644
381217
139684
609662
782832
395166
244311
548688
516056
163872
970003
292700
663659
721241
113518
72523
835600
709056
437462
932460
257486
177168
156685
630288
558505
525908
149251
149471
500870
245847
248616
562070
485585
750022
59587
297892
288021
433741
606482
519751
380754
503648
949677
144036
441829
233597
907004
674989
971014
737996
90393
70372
1663
251796
660481
979909
467630
335781
630179
794905
959561
855874
917911
816529
253571
909430
195094
717356
656898
111918
749131
213215
739082
371801
384935
383647
682917
681328
987169
811367
894551
244715
146936
271329
271368
427002
763985
624122
715989
222761
677977
864868
823510
215275
265349
282272
833336
761480
337693
270756
774003
749492
58875
458865
836407
702604
216482
926803
47051
262452
603078
302395
648690
65039
284857
630531
738230
98932
167304
322286
315445
51687
497827
684136
920896
895930
733674
196370
124638
388166
634027
135708
21044
155284
705089
127113
386537
575092
990528
650251
433000
91383
671348
334472
446268
581763
541519
826589
717977
929594
488327
113952
942883
144698
412234
615101
931984
541331
748131
534362
577175
652631
65737
53426
153185
799040
726325
937777
643338
529039
828849
835230
934187
788744
18629
157169
716597
820774
992704
871054
176922
499464
184381
15718
931123
508795
913039
463528
192617
559351
834731
116605
50231
704048
693656
320905
477562
257094
226681
907837
162234
846265
886224
327986
486475
831717
550746
993069
808491
784696
56141
108200
499946
438887
26771
805542
483459
818850
843678
806481
676456
348303
94091
352000
186235
640874
476630
738621
779728
691491
200888
733421
408902
729641
372808
994828
786980
78447
334329
209438
887888
519712
301705
590121
315146
345566
903551
66728
267357
473967
806061
823750
635781
64733
931756
431648
232313
129812
505894
818851
524593
901672
245879
219849
677920
530237
936810
583414
554291
328281
373039
152765
829670
328747
425408
559214
427860
396778
111751
159616
131347
681374
30504
573285
187359
262662
852893
182008
160159
225068
633505
589892
498258
326777
835560
377458
24601
342407
356298
426185
929345
507932
414086
445600
633362
475106
875772
813558
877177
10377
804830
729332
419124
864098
830597
955507
673532
678670
808046
65886
76107
387219
292101
326100
463392
932636
830685
268105
927740
982689
159600
25732
694055
111371
484837
8148
134331
16029
502489
371740
184829
470916
801769
877463
932101
131257
531109
554403
929972
605558
753450
188388
603068
1623
537074
279367
151443
863765
222949
59707
647612
916624
593776
177255
439752
294580
967282
208711
183880
683896
20980
934092
418695
521409
987041
560469
235215
928529
166899
575014
134063
978639
735526
329345
573764
429535
751729
206044
944265
279738
817362
606537
251816
822554
94941
454064
701834
95806
450153
41253
213626
342692
291359
170222
984610
241583
315427
104307
933317
68403
198132
865685
727540
92100
937779
433159
311604
832122
775577
320048
313676
350716
724051
13180
333082
740969
273286
769157
233018
832349
91827
624546
141241
962581
435744
580496
779733
116650
844326
560774
455762
993891
82204
290288
321867
633124
879439
593190
896069
929295
733552
227138
120507
504563
693200
483170
833111
225324
622629
74044
508882
507009
77749
757441
134796
532909
514328
32639
513699
818875
781358
207806
802899
988526
114093
480545
160394
459858
750581
464528
883710
435007
954029
401349
769412
987980
534666
813906
287152
299793
959628
607521
125470
987904
848028
400543
253651
276609
896041
154110
665484
510392
798268
257909
630870
851222
381948
977689
673962
223617
894704
54516
612521
859269
917844
172184
901175
345649
705502
3145
53387
625671
799118
459946
966141
673257
14592
364943
787939
176691
752384
919283
512173
248614
941673
655345
686894
414498
502207
191810
194977
957684
392391
286283
687405
607257
154723
475476
940521
138246
135830
766549
85553
654701
548038
904259
979370
101996
39173
667686
212516
904456
937203
139381
131659
702101
664489
877605
51105
505219
697524
369273
315232
836300
350602
248282
617264
720336
189814
704624
820249
215017
194487
980105
582253
681979
888479
413853
503035
734125
359398
736090
132249
976289
433348
130639
299862
363843
579632
39808
502669
436998
579772
386667
962145
902074
71869
685978
795834
296662
747233
257754
333498
941721
300106
858229
170064
191866
814264
843131
16070
233906
192599
748579
732469
36226
202482
416826
648209
453421
840920
56093
320496
658574
110709
496391
700150
308131
322302
749716
413244
545397
957185
288708
806452
683735
994831
797339
526861
530672
891443
56218
530554
481002
992356
334223
325990
74698
128974
139478
879631
172430
581252
529631
933649
14343
204744
142971
860329
743337
866682
421760
254773
656500
607005
343819
861955
533517
924898
546597
487303
361093
874695
89258
881352
561412
956508
556924
571699
242424
277857
191466
426629
550266
915481
927440
925217
434988
99597
383767
628969
322777
383847
792830
747207
753477
271283
229418
952529
706091
509813
868723
370361
211284
293047
653186
265238
721961
922110
187725
165898
164217
963206
981967
912304
733559
758508
764373
730166
183733
64716
833464
908827
4436
828727
562359
250972
33913
706533
878364
849364
382482
72743
858704
29643
543572
810101
649407
976877
638676
511469
23207
415588
812338
301414
774723
826771
834180
929287
620523
124736
685959
397883
149980
426425
107025
957681
113436
507301
118438
192957
758612
362472
440862
514745
821800
268040
9352
320992
635205
982276
890378
722971
632197
211287
911745
561950
803652
518062
192160
828214
806470
121848
448933
480576
52703
820236
93302
419920
374572
484920
988184
193243
770511
697893
874268
675576
414657
185373
137501
195712
834797
535064
407881
553628
623382
211564
795418
954361
832547
890986
650030
33325
356294
602890
503540
193512
319108
16845
91127
807147
470400
740230
661688
198949
982572
171552
817866
205344
776151
51297
416562
378901
297985
797487
927308
178086
467709
438544
471666
69517
931687
152703
879864
941968
558124
568620
556028
542891
865837
720830
155778
334536
97022
461037
315886
297689
489304
39325
681590
712710
199896
2168
529338
696776
46478
712929
384292
863372
40400
655383
492047
426053
103706
188004
682123
289025
981572
800635
680884
704419
315446
758628
348522
721426
412310
560247
819343
302427
179313
33518
989784
471041
641091
799144
590458
561279
848093
266313
432468
286283
448623
951820
203595
966328
972949
265959
311370
153988
281674
434332
942280
640689
110637
130512
889861
515074
675894
734786
68305
350256
797704
728969
427093
720398
780030
129433
536161
80027
98284
138034
694709
697328
195396
801884
822962
207660
302123
131518
884353
21064
583070
349942
347192
957987
291338
85354
192360
53930
308446
475100
610576
919325
247439
699395
979080
667850
945018
8670
149590
316003
740173
571547
223190
987227
974832
428837
270797
730247
753552
787334
382982
195419
277245
572447
18383
579364
317030
56996
661693
258593
326661
826925
218563
777087
547987
465803
989289
93096
124444
439057
265139
252118
173006
467977
210022
344466
826680
638547
675577
794410
830004
216494
157567
245250
595479
523451
788513
522963
509065
624223
512939
307102
489628
264015
218566
956509
284606
923408
707688
907748
998921
975022
402170
257331
728313
837533
724025
765250
744344
62
817205
553133
897102
108407
435613
610529
434478
749919
512230
886844
2600
722248
73248
500824
251464
220753
53344
450031
493875
610023
56629
122408
702406
221079
835466
860757
6740
839463
559557
62669
670107
377646
591961
331922
94354
326198
743876
952335
673645
120369
133391
851116
19303
695313
631447
524101
811676
105638
9694
190999
260943
765433
555082
321512
827472
375214
387508
626348
890662
55148
964516
25192
401699
986486
82181
519304
320623
38696
267536
646334
513703
721958
78067
702598
305531
822550
967448
599526
702322
550311
424874
394
63786
180433
977534
144070
449625
128774
675465
547923
375479
976193
303859
133115
485304
64560
148068
787731
52280
849569
406999
513828
55649
877213
308480
438414
714608
729199
294329
458176
129906
158246
950604
486619
970429
822612
377288
321525
257910
11953
654927
975234
545007
50413
757279
350225
66892
60789
141155
972900
354186
134448
487966
350518
951506
502423
529608
602185
995719
158682
310619
85892
836231
819413
335367
474
364068
702558
536005
66149
155919
320189
201897
646528
721381
94138
346339
699289
846192
972872
708793
515702
119737
347058
843216
286175
612597
735179
523284
254996
107514
190660
620781
280301
35599
759025
827763
862552
575716
551958
336757
688738
925343
251797
354385
746015
144010
111389
829938
268507
299073
870572
842575
641685
757308
295060
973664
900200
650213
883845
247479
74943
762438
579751
522842
609447
96125
817779
629146
36723
133520
72851
841326
360644
542061
769920
35207
10977
100720
118874
643162
731959
480554
378987
891751
549091
174434
13637
846196
493516
347869
721054
73018
301380
924400
120460
793485
231245
744987
451951
115329
881303
981699
399479
448569
516838
79000
442668
903541
47982
74052
314064
185473
649724
801815
909983
994017
526630
149856
869841
510278
266923
577824
997867
616025
489235
104829
953998
154881
57779
552550
131801
811067
145612
246799
83053
769590
826399
929168
994559
186616
737980
543255
109962
63408
339378
243867
681230
826174
920788
796072
760796
656875
482388
134516
832639
513570
160660
712631
532302
796910
825320
703060
146283
455282
924711
651122
2654
81968
396491
522193
980348
878740
388534
373526
661868
88379
893486
190040
806318
573470
335126
836786
382820
602281
214270
867735
848898
185364
582129
163800
471316
636810
427902
495831
12516
72629
390719
425303
450086
310653
789361
152009
632218
919614
456566
581051
913642
660944
870878
454373
627235
144780
280623
409348
965088
401664
386788
975323
738159
514971
723873
661226
376932
231318
573369
652513
253
209076
813481
42545
891721
300448
323128
402684
101981
176504
493068
851755
467763
804260
223114
330625
991415
965023
733828
685965
362708
104014
158020
159935
398767
220228
925258
840676
146214
657805
625488
493588
638830
938088
444764
244613
143492
870900
106661
273816
499174
828986
569816
52493
593817
60373
99640
343359
941172
462029
562239
837730
492920
711154
808845
135435
107311
477176
139048
313648
988
497861
122921
541547
94969
719883
55416
698706
799561
102610
591594
156233
838290
434083
916098
359238
786698
247697
102058
426322
735907
369759
972341
631704
249916
425284
33490
734498
60861
696667
228667
914267
197181
849427
609434
536282
659617
294698
755709
592666
769367
568070
652349
127888
699075
443719
757396
737748
660786
680758
377221
858610
815913
465759
143373
126399
833728
644360
251654
899041
946166
63757
280094
765020
365747
688357
181623
564791
526191
944966
993415
56394
333471
771912
849803
27179
483504
667982
598484
190832
477598
908297
246043
555661
867066
640484
27727
204019
293021
785330
39082
368985
545066
888329
297962
106059
673728
689394
300058
787527
297927
461405
154449
257735
145649
677443
757865
201269
618655
79211
992033
50043
681192
555530
463583
812038
251938
295776
607995
219935
363357
254388
758291
997
155047
245791
787604
630914
824159
521780
418379
910905
735419
313687
69554
219771
239778
7228
906737
9999
907141
70899
985993
804986
635289
106315
708275
201926
507481
460807
202660
711409
226846
409665
287631
720827
468694
572845
635581
848546
760139
354531
912379
329637
604798
397267
221480
907053
969278
136733
748545
328259
822329
213732
200418
890871
246166
278302
729002
639754
30966
325940
249865
282464
627693
531989
233975
173165
130677
607364
945209
575421
616523
554692
984810
820440
556775
678561
909183
986204
671368
326383
54415
483603
416683
783195
3886
782095
935982
99941
43850
188822
729115
102746
27160
551529
819338
994213
253971
884169
126497
666053
256191
151636
221634
457008
202058
154779
255696
916024
345103
142878
416146
559780
665155
895898
960246
238507
211941
615646
153511
399498
588724
847449
860813
505667
210759
727728
161763
20022
99231
285865
103347
645491
602790
530736
584882
27407
52689
992299
616633
696643
782386
98949
526321
786509
254292
514427
245134
170734
950043
93355
790981
589274
771002
934281
230282
955244
356825
151481
358665
361456
551590
533356
224477
916419
624082
864495
624004
86259
98759
335297
410564
142027
354690
572712
643431
597976
371324
728107
894768
528396
98673
883810
379579
271512
277732
962725
325385
161373
979104
850731
458889
666285
110341
851541
986628
403832
744228
202105
965972
312820
956649
681048
953116
85696
689514
216348
907024
660021
90131
184525
28045
871436
850889
102391
212475
708178
664654
610647
736049
344257
672239
632123
439970
13870
576200
929047
814928
965908
736638
36145
775388
822193
879414
734249
104309
583700
693596
767683
714847
539612
193562
389195
503939
237971
558724
909060
890039
11641
866579
75885
264558
396002
495446
474093
552310
113284
57652
383804
755543
923043
995198
403836
243699
910013
612582
536338
747477
714429
967494
55431
768307
333934
888156
394369
573505
912282
3970
530274
324688
771308
612587
582558
664902
917250
443558
963610
811961
959814
374578
274935
774595
30102
463313
106201
12300
599836
471601
665304
650860
889477
866658
246550
748643
887157
857352
400735
645430
66255
626458
854660
34614
681555
379024
123321
976713
760184
603557
12373
42614
236777
98459
119718
742399
174785
12728
95866
325082
498509
627924
997215
408754
530486
545507
547371
946209
344631
141726
326844
688519
381026
621462
9944
648724
829879
115323
408780
533435
609344
190883
727988
673255
956579
382410
835656
504630
175540
390142
810889
739742
836095
664079
258154
124952
47966
410636
875589
496815
849830
709484
874121
105195
182864
525107
685244
302725
763515
804321
84769
733330
966069
241595
617570
46230
324232
329571
877402
829521
499864
585409
898496
111444
971795
563413
77174
663669
146867
285031
469728
48667
1001
501176
78364
626334
638218
9861
835393
957490
25089
783506
133080
484607
967475
900192
613163
877152
419797
480694
962932
413532
510402
760932
942315
214693
867437
36700
46288
402699
420089
577651
650858
520108
736702
465285
328115
236150
385068
157623
847882
954367
634176
696156
187909
73818
247401
333442
821118
884368
481514
680345
854887
203489
417586
73249
56574
112610
347954
906411
387241
802082
372805
36731
756395
270012
359473
60469
997439
61548
138294
280644
563054
923383
68641
457559
326944
122685
578599
240226
751794
229351
322994
286163
425618
787591
429817
925601
656381
20835
457194
381314
236778
590537
952938
602703
605327
387015
182352
159533
819844
303297
539583
29250
30054
908739
212836
328435
837239
243572
836236
326026
946582
3004
225952
910528
713251
992686
977285
542082
233084
674996
40299
543482
787409
508265
23718
10144
947220
892440
460826
817445
883150
38294
524233
158291
508310
174485
974130
695047
304831
713810
949931
631957
399808
380463
626655
595915
627135
592450
26366
223866
964950
384947
216199
321413
105424
708178
999704
753393
932395
658338
943871
133058
165966
646846
145393
839251
424126
334709
819300
817610
401964
976179
774986
492432
734731
858866
598209
396832
347131
568441
828083
62966
720980
57545
710945
355962
886730
320071
753692
6867
442088
126350
644271
589100
557017
262861
250047
739901
390389
606758
312043
354763
325163
680041
740781
214086
187426
185843
409149
290960
509390
626727
216203
328889
536970
454143
784584
701084
998412
13202
331382
2006
280833
671022
563198
581362
887228
535296
974831
509733
828753
708688
10143
582229
445664
75300
340366
845487
84508
339288
480617
60561
621477
436094
2058
738127
480149
338416
193310
47353
996842
930371
706878
215856
205647
707428
765624
823904
886808
289473
411296
390939
831033
672663
616254
73932
782618
295456
574803
533193
49251
259279
41406
559088
492721
404424
388938
481107
417948
869209
917750
816865
950601
711555
849841
970545
559370
566658
168327
297998
98789
455458
638938
585803
939304
476736
542014
226496
576718
29513
452059
955533
623286
397895
166108
85181
9414
835180
570071
342406
756276
685427
295841
590716
739541
252693
758112
285308
47623
878881
496375
364315
218895
853200
346340
878121
455385
678728
797690
767036
561575
390391
181746
847404
330081
153192
562459
260673
202189
615978
41231
818447
728463
478394
100813
316524
539007
998256
545569
350176
465865
585997
679767
368177
595504
571783
730286
483556
903082
931158
494550
938365
895007
474895
952330
882071
746878
45969
443672
337222
873978
989935
594703
655393
175911
171921
649958
899478
522167
890039
836055
635652
228542
739073
332085
441816
293943
535160
885126
263425
247637
279022
516106
991484
223017
521470
899631
383003
382835
27276
628048
694988
856213
571924
227198
885196
631525
934441
795977
279944
51103
536866
753130
950069
776314
855284
537081
667089
695858
875217
71547
776560
234021
475549
205535
183995
128333
217242
495723
660893
858756
615676
456104
265823
661857
906591
936704
194356
298757
358738
227550
406151
737299
322916
173009
9832
84939
822412
689651
392220
94040
416713
309946
132694
976881
285187
651509
70753
766376
764138
706689
63057
819201
519111
736607
653156
170782
387557
903580
982043
851082
273226
265809
435216
399146
477736
702482
998357
106874
96099
237095
551533
961195
526599
31963
497654
815492
440214
329952
398490
154702
677842
628896
510287
400177
601688
768016
390291
880028
966627
340823
451149
444575
8030
996149
436489
704869
156312
264869
879828
944196
791418
670373
444717
336180
846446
443084
532558
383974
374979
812792
44196
820867
973540
133331
999060
163975
993614
483190
6753
139309
841461
417244
470564
804529
700522
486773
956778
668445
411583
2388
343756
576608
492579
247565
156131
74396
989789
274413
233464
267299
893885
738260
311953
511507
496723
493771
384354
248431
794654
663167
654147
801053
214248
768326
907256
829122
137100
776534
517561
237843
474602
242521
95993
397123
136311
486229
132802
756311
553264
387842
554136
797102
233318
29215
536878
59464
939861
379094
39670
323477
260027
918309
417062
173007
129789
120189
790626
377870
952141
111694
84812
389347
532076
667052
454424
303328
192572
168717
545325
585559
979031
272969
736579
354928
267509
405008
555870
869345
41984
452153
921553
553794
907990
219497
621235
258229
309594
207004
804590
333192
731778
644622
909292
708622
782311
399694
185847
670196
613723
227150
519840
336743
658552
767453
27828
255655
250043
88521
783350
630153
510442
369091
348453
919824
958447
467700
176641
981614
131552
861567
938123
99880
809108
456451
885662
267289
986003
722072
145307
67155
474311
484723
146058
407953
951164
127500
842586
190737
750776
936260
415473
181781
772511
114490
189641
319842
775616
811259
961029
621781
782950
90345
69192
357426
250859
138891
934845
75796
940211
573261
394224
285283
375486
272232
815543
393317
333777
457946
459074
31793
302072
372706
112245
417107
375711
309980
560685
91993
533843
48426
937175
190904
695994
233909
42262
961520
82000
178289
635816
10425
628990
665039
845948
620547
66770
426968
333266
493980
444354
122038
576850
433056
848043
922893
963918
396776
746690
496789
98584
619511
893837
539593
148222
340030
261120
600572
234277
448552
936721
370427
737870
998055
145675
713588
730493
439260
406917
461768
653534
421306
102743
505705
442498
359776
86479
281875
739600
193655
526879
929408
562662
310251
200868
574465
98471
182044
174787
859054
102956
819330
619361
875387
316521
746845
824518
301512
761947
68997
42790
966474
800036
126493
702367
732206
70477
559511
419882
608299
282221
740882
721033
176788
252417
396164
307516
216298
576243
65520
831779
570443
156585
299653
182650
353212
913905
408248
20395
346078
682229
736998
745381
148155
522985
741804
455966
276191
289111
222563
532474
134544
757694
820038
573370
105479
494805
250507
446468
334418
499033
358000
344547
604041
114492
875975
503332
113337
712505
355426
586756
559594
417467
328011
379733
786448
170687
399417
413626
996337
294481
388828
644775
350317
417213
855321
165418
410449
903515
572287
670537
704732
750604
377236
173775
454401
855044
389280
944554
454414
586217
945879
943972
665561
8611
20542
943027
384398
434804
41162
502697
242738
467028
153968
703679
188585
535550
674575
397672
732010
41989
293441
475590
74402
810891
569535
509621
971581
98845
324395
60220
808985
821015
584325
953319
806663
672857
159038
126669
644577
959469
332367
717275
507067
567736
783182
542083
497338
980402
169572
408158
299458
614714
784377
475065
679746
220963
503725
437005
227672
399705
199433
586797
857093
701198
827657
597675
205382
322924
343906
474009
920047
74447
138004
301993
444313
820931
846348
662877
135097
417556
446521
450523
351353
818031
658867
484419
725955
809318
898173
778319
146413
781758
891028
190392
514518
708608
976722
796035
544209
926907
600887
625517
240300
172756
903288
994992
983632
484010
518076
341014
263444
187722
161302
847082
15366
6886
985200
68087
431093
871546
801753
68328
824846
53925
422341
362186
694449
137543
90202
170979
155629
372007
921856
546938
142460
462174
76404
197264
172446
118640
651594
832088
126477
196088
262417
345161
433102
797000
542999
862187
928054
848139
914635
47497
766490
737360
802739
362407
831933
264880
290179
689057
776799
441429
318349
939017
809733
704804
766881
868110
236857
801623
773664
681438
157754
281011
238043
156574
346922
415632
24931
797352
66595
114025
986826
131930
541960
470137
7889
467030
718537
299363
991067
49612
773374
129804
327681
787711
119046
512037
585530
930758
161973
597655
878556
145259
772820
512144
291966
927107
967638
420986
828507
664914
351554
334435
37853
224033
198800
935533
985519
651702
334527
15294
664745
569159
356507
691841
127870
81604
610306
763930
806723
963330
536161
467717
798904
827206
788230
290641
267023
943455
485592
429073
808298
284157
788432
525341
814195
113089
460469
60059
170338
257231
86088
182219
688355
788419
326541
838840
616295
487173
62966
700059
583845
650681
87252
190503
209104
647390
694251
562417
616862
784929
345592
490322
685636
992685
806306
93678
978978
895011
573427
168937
136859
775141
398366
35692
346239
193982
220818
668701
423255
310158
195349
288700
49413
557483
194830
176278
891728
103061
892466
232483
822656
133750
39652
717625
398502
188797
923235
46472
542903
876454
684002
472175
381788
576700
85998
702326
3425
970742
105494
38349
927532
13526
737456
670806
719549
536456
999588
152629
94111
784315
822610
817069
370790
681297
748253
281470
417953
536934
828244
597194
52819
782934
190705
582183
929804
312820
986427
276272
7291
849880
97563
319340
831513
923005
751789
362930
850157
686696
295045
272641
133429
828482
950176
17186
249190
99229
448679
40667
883304
921402
911788
511160
597563
511391
983997
936370
425988
647402
513090
263464
933075
621661
66551
334675
477318
515785
248359
547399
30999
695930
607414
982276
931802
958502
430512
572027
750300
59384
816893
589738
192944
841114
914606
188589
551477
781158
325445
637141
521104
463060
753827
372995
952810
587323
366168
705565
327876
458152
525855
57379
353198
99453
946116
599608
724435
334959
139673
955154
793050
528697
799932
611910
323873
295636
121858
874484
141633
661844
6582
116106
228490
758301
567321
622727
999582
301766
380951
915308
113644
232840
731664
953990
705857
409063
199428
478125
768766
681553
592590
20158
766727
119868
227104
898741
171255
839149
970422
449617
764394
387760
468911
742688
848288
812713
525421
160162
451712
251510
67278
833160
495174
913
751860
873247
518568
784346
587010
827101
14628
431510
126986
300093
544176
474208
808867
771709
511726
963968
120628
795958
762383
905626
848780
856191
336382
792494
517902
104568
807661
958777
285278
92574
349385
189639
152988
902048
297201
671927
746148
193335
163142
112896
131328
908050
527494
904109
437654
655322
842534
884376
868861
515165
318340
178109
560916
747333
751465
861810
442505
105513
667625
165893
718251
119886
821236
225667
236971
788576
297384
634034
390118
236270
504974
260149
826558
840190
615726
913835
818375
847699
364802
402576
495244
49016
376300
387785
46473
75870
285241
625730
967424
437098
221037
945447
499951
861364
550908
201661
463215
552709
400128
451594
380051
264765
450728
45540
317483
905495
266456
7750
913034
189326
760126
285372
550800
254722
690307
479578
763879
847830
399170
233687
645102
702751
837601
573962
556332
339728
271229
60551
345791
572214
982680
582529
455627
757115
354176
702518
652935
311922
956072
465446
106739
824322
173018
108622
881938
366481
324963
20579
413009
818395
27455
896467
359070
199302
162214
205903
852059
273995
416706
527005
964266
657212
250651
3871
300750
813965
501560
6288
30708
734980
514430
485236
843314
460606
866878
181847
475220
372676
42127
183072
465604
795359
810630
852665
627954
645790
461067
755061
975047
156515
679777
970003
455815
937280
532217
795901
665776
65012
144588
861623
209018
869051
764777
573380
59738
915854
118405
220173
24400
958864
25061
351687
560791
470696
829864
631944
152769
956049
489111
337855
509891
835097
736553
412165
505334
600380
172763
250478
377049
266805
534283
887568
112023
4531
907376
693842
202513
582328
807974
403363
944057
111556
297558
50159
980232
757917
66769
405289
325432
40160
961819
637044
121425
810211
318215
817773
256055
214984
882715
10846
510220
121784
95798
710576
42108
903089
216774
593043
875782
598157
489103
779213
149724
620675
300906
890315
505826
100691
719093
699291
949282
182939
651199
588066
761376
397368
266383
102002
663996
104959
880923
155369
682768
985672
449093
295591
519222
329070
746102
118289
419698
99081
859094
224456
147435
703951
643366
825865
997469
769009
526237
834437
729693
294290
350760
908074
350007
259636
630346
387222
804422
964968
284483
449034
952099
220523
773384
504691
979817
853288
600
99996
189258
545371
521796
319122
508134
410107
542715
511401
353224
906935
59021
994079
445159
7257
436386
340347
893587
728093
524078
21795
163386
29805
963713
162391
578587
544646
497472
28158
713065
388286
88336
586608
303256
155329
259587
527561
590549
737334
816435
432620
248815
571104
331712
727525
853660
188332
383899
314331
614172
293160
549977
882561
229315
920294
166059
496941
241612
759511
287732
171262
742530
150517
245042
121275
461827
517577
214906
324955
695085
141937
894319
45033
970406
222269
307971
777909
977925
232050
500406
636863
167246
100277
359919
508122
880615
205184
617642
419437
431683
950018
875052
298879
662277
234432
399532
732654
821069
165908
547080
843370
953048
34135
484475
368420
467476
784223
525113
347685
164781
773764
379430
903538
353052
116878
91182
596450
833044
253068
696846
656149
816864
14052
544854
361711
537702
273117
261731
709750
350821
736372
36570
364988
29968
652573
722332
7866
220450
912993
722860
323123
882508
697403
541607
115139
558642
442391
807904
286446
644468
860495
182699
953320
780521
257065
669957
842625
751869
851540
123481
34422
664662
849970
933082
412047
612754
474991
138028
822118
461582
784465
551279
836241
390740
965095
462634
660751
990514
375135
58300
523438
687537
923463
304234
361572
386996
963063
522430
235864
63080
978744
445787
131222
879414
722746
247138
985871
581759
372898
497702
429570
371223
620864
172110
712760
105240
205381
92052
534732
465514
759410
542699
287756
275851
384848
659256
837743
466584
388859
734751
871633
425901
36460
940
285328
118833
180513
389177
395799
722031
157021
869959
514854
304717
274592
41904
583606
400057
852620
481643
452115
539346
268864
952537
608687
594618
360294
671598
89626
606648
479067
125651
811126
108867
981843
390890
792354
319222
511023
654753
406849
658728
505449
377717
601875
679444
121894
765993
689143
941862
408797
401308
677024
271506
610597
499044
34620
714190
839927
691786
872706
402263
643263
322613
173322
55356
420168
754950
227701
729947
447209
718789
175891
281904
430426
283368
422694
546045
554715
505339
893437
667398
535199
879817
27609
380772
402440
196819
23211
908778
600426
399872
941923
81841
855487
253548
388677
575593
4311
919755
340132
156252
51868
105026
415051
191486
913608
94477
680450
437075
54254
671817
103143
842809
150898
688240
913232
415581
960887
181513
800015
463275
419585
65979
617195
582128
547515
134464
515278
447543
383127
463437
370973
11483
34357
449760
64173
751504
729962
467928
98281
961731
250031
258426
292043
335889
590908
878008
748260
397944
46804
268090
309682
273024
651764
480585
272985
820846
564605
474808
313774
411966
388322
544929
129108
978056
767217
739715
135812
877383
849724
788669
603762
741640
957486
17211
775651
159875
866269
954981
597886
394563
329536
389407
501751
352205
541063
274730
900204
948310
831823
707787
74264
36578
86654
690780
360837
596332
695090
150489
450086
710563
403694
878572
858493
119428
826407
797191
794773
279649
423934
430541
733457
740107
233946
950634
535459
744895
902023
510862
35855
79478
569644
585078
528208
930790
647825
835177
583316
556886
873178
340140
150441
501976
912779
851422
873074
905047
858864
511803
661149
108802
565487
23998
397543
758222
65194
95901
506777
432067
395122
789632
920720
904036
333894
176288
861625
80425
321526
94348
101273
216552
312840
872601
56613
801156
440965
661737
266679
760716
479254
170061
855489
816126
994438
524652
573630
502211
431993
727811
260455
761530
869140
615803
437634
309277
59512
284309
672566
536872
716933
468574
377073
902559
282418
696007
311749
976195
171970
852309
135382
230291
944860
878914
952089
458937
837550
294854
919119
213947
625053
146908
309598
659222
220471
609833
408632
305065
612413
889979
458127
51253
589983
84274
740552
185783
855215
27066
955012
579092
554031
155651
493315
988570
91738
560648
107563
367698
340810
625241
32822
784044
341088
762538
819583
476711
63301
31109
49269
999603
516951
260611
831686
722778
796961
992366
717292
345040
661777
28038
339612
42516
439966
331264
831298
216253
205058
252847
429737
268133
177726
633757
86936
944622
85000
744059
36818
47551
84843
822611
730755
816008
426034
183485
600042
490568
963626
216641
59039
594796
777198
354926
857037
103880
67087
119681
760587
430979
797586
746831
39054
200577
988522
863817
754147
427407
208121
48940
654677
418652
209250
428247
726781
696470
864102
318291
39811
8412
709131
372040
354506
853624
412751
126606
919425
866872
148213
518044
741456
807530
797621
468015
131709
641586
281001
617916
721866
417835
498169
33889
349748
961359
880872
824116
347072
832127
661053
437968
770615
396593
1901
746294
238982
197385
892554
327982
42899
248958
191250
870240
229697
338852
497628
898430
102950
423228
648252
496054
221317
812511
189242
199194
636212
822118
533510
641814
879421
485271
170072
30748
355933
889061
671447
843819
760761
356596
572512
878073
340939
304787
189013
515882
746698
943562
805877
274452
238409
576196
578595
577713
676704
496929
79150
565732
70019
339299
762419
363588
778597
110836
829204
437420
203476
394032
638159
389375
765983
8483
992041
961985
757446
387343
484431
370757
642036
646729
877864
666300
71756
86492
856606
350736
265496
306022
775659
431304
943038
671926
293508
765495
823824
855664
364165
882140
412596
608654
256468
655538
803824
118365
921448
764260
652000
185030
154531
922146
144250
638592
435188
106372
629348
485180
497307
918296
308217
488900
625615
198035
596192
543970
503681
98720
5431
899902
305131
374032
75002
781510
864774
405820
266811
760730
532703
857880
689711
940746
452658
447277
6709
244866
892356
427167
87655
440862
878283
257341
20676
785627
804095
747578
663410
937239
5058
295015
819352
626791
250312
343642
571553
423772
398000
778518
741120
528681
654079
520224
934039
111307
916569
894008
241515
63896
539470
770960
685849
802961
781681
465517
253175
71277
678044
714944
449897
295661
303710
733173
946750
266627
891839
257041
466633
299152
711219
73553
757844
385839
674599
602439
457418
820091
527182
808718
886133
645098
881769
690272
725300
596370
982956
895047
917393
650733
644036
799004
147063
532004
463514
294610
248824
375335
140647
534677
692107
849452
249879
107281
154396
251694
256905
893058
622257
315843
405933
9179
504382
639441
383656
170192
74460
846988
359733
378122
202479
152606
138805
122662
2723
640832
724391
551038
922151
382187
715366
990218
887597
707545
591312
919781
929715
336435
25803
908895
884660
257906
803695
930723
663397
463643
694800
973547
141139
95999
602669
447913
698933
442829
297691
531517
703626
236675
603593
525111
130065
471229
163480
443633
861930
359668
275416
594294
228760
68356
718832
346101
147962
62388
95876
178219
15201
682904
987728
113090
516813
693909
296923
926422
137290
961105
355224
277503
995371
336901
527727
71022
568089
585467
493259
553990
939827
43513
630338
717284
327805
95417
242899
666505
292050
383217
7913
249983
205901
381510
533322
608219
257106
629587
842708
643424
630877
655371
557604
94428
178609
271312
128394
227762
61217
763797
934735
942902
114633
735628
837415
420176
893367
425710
175940
113015
602812
405277
209180
266948
414191
982634
928137
560250
592479
231447
636554
693739
607508
255880
52898
732671
665881
698052
551544
350650
883625
501751
430763
807650
109808
260369
692864
436490
682760
253794
711014
57667
706012
22461
429172
839052
266632
423774
531104
298996
227994
344945
672396
287555
566884
794340
219601
772933
175954
23350
92397
263135
657054
731298
830130
329984
223200
23740
414852
427045
820302
336790
509601
833899
772989
703368
910624
117267
182328
401422
447533
426329
233130
342530
901970
779052
669627
686249
631017
856894
61133
352487
189667
20651
16686
379674
103113
714810
28092
422311
288093
829559
229036
611375
345269
58982
141280
519696
784657
970704
919559
806686
619083
948226
207409
434119
907911
736703
84885
316744
397380
62360
653026
604157
69650
385744
281791
425735
986820
559878
387197
107245
654631
210512
25436
746825
811034
185780
968320
795514
541738
709737
55325
251937
381269
976546
106049
169333
49349
503752
482556
436994
460929
1420
814661
999616
20377
346104
483723
418811
49395
817992
591446
73533
348227
804619
375732
806315
450173
796954
351337
929241
543262
89724
744621
132373
363262
640608
325704
979039
599897
81414
280235
838057
14776
342883
825530
298896
627207
849273
287733
54574
945162
966874
99304
857157
658273
264328
453922
537347
340827
7223
930008
577306
353883
837594
586416
16027
337665
324725
628708
755033
761400
382495
499747
122540
525897
463559
829751
963275
966266
215368
357208
843358
806882
10467
16535
904206
183574
881102
730324
769522
668284
75056
84455
109169
905043
813199
160230
370918
217311
825464
100703
799959
356588
103523
734648
429701
701323
977868
213891
72627
664896
713708
464731
585605
552590
554522
631450
847551
717766
557859
935880
728740
881540
913577
865281
443246
917950
914571
909979
584414
576665
623413
736513
24496
366687
299571
516141
32581
768470
947859
626720
375505
596917
417086
245431
907080
478488
512149
330372
465889
738471
447069
783390
649996
762588
899690
495965
447047
915401
585681
575635
728719
799049
607885
841131
125870
143855
882353
310586
130087
489976
770920
242767
886624
278129
619518
597363
836003
449449
98557
883946
400053
682741
824960
603844
378461
105366
652915
97787
404795
566722
756338
208407
726391
86640
252929
335790
827953
483072
786823
734004
175040
840744
826593
250496
268090
88261
513869
984225
645602
551363
443070
488913
852197
503826
959673
193041
891909
181648
413678
939221
202798
708610
445221
806042
701111
659454
791053
777617
435864
155365
64119
497712
756615
459265
656826
226497
338076
710136
180194
845353
809348
508731
889511
324486
923975
101069
917429
608241
268806
465214
175797
508028
791545
43457
287824
819123
198467
241539
38272
524461
658791
191775
53193
710322
450013
876688
65584
430269
15441
47402
505096
581440
176877
504891
196241
301057
769651
972854
557559
146586
324762
878160
72725
533556
329368
944164
967778
843146
421851
112157
51454
617469
753057
307400
960310
287647
561511
208934
292381
283902
703502
212178
665816
913719
27838
423596
264438
719631
329221
501669
452013
787029
911072
180519
934961
576815
785339
60918
740556
610214
868510
516405
794886
273239
637962
437162
586668
703599
555126
456079
240496
690236
30656
384449
954784
621360
823443
363266
282788
895560
284955
443049
688869
543096
411341
806718
593051
383673
545801
735130
330468
546191
73194
358410
234272
861386
860294
11892
492311
94696
421883
121549
488777
429491
955559
6262
900186
623123
760585
573228
902499
53283
561506
74849
891533
864889
135035
798519
765152
511467
238561
341734
129050
485953
780590
924727
649493
848310
569823
459802
325534
784332
680145
864482
194444
303079
87733
589873
444972
281722
261447
987459
983983
598848
568132
797594
225113
432012
616436
416975
356900
196895
867252
493669
638221
679169
112866
632272
530109
440820
443614
793886
225057
934123
796763
609278
86410
28418
107617
868680
958968
262685
456575
59797
257160
684659
226426
730683
856943
812087
891999
840081
413691
851061
138125
400663
39307
253856
806710
462560
763402
25768
634254
745461
869937
8208
140606
160721
973932
408701
909374
886451
265741
702655
408877
