402561
370126
165108
614630
158055
598507
630024
949766
403699
872880
998666
483008
358222
416052
954358
880289
179688
956358
181883
959678
887419
287503
959643
521885
564783
148733
993133
867588
343904
516420
109741
791379
113847
445935
202450
375222
389449
540557
317896
448551
441376
101970
115709
15796
715709
634096
477405
681047
737433
170442
242416
639023
586914
705758
662635
815915
480263
374207
360102
461105
47730
670801
233429
887791
386897
446542
964398
426652
206181
368190
339343
48586
412973
459092
855153
47407
374268
461351
578467
464239
704486
83093
608749
349612
7984
99577
445778
288866
581700
696812
64651
540671
966251
71766
444889
264344
979323
968807
587765
989234
47458
53914
204738
509129
860875
433357
454135
882081
50556
777458
191224
622954
900815
287519
820084
54853
351651
994064
441982
43741
719320
463968
666960
14339
497734
446293
83984
910437
924449
253366
581577
565539
139595
843526
376748
729743
265772
69154
931740
252005
822376
499660
165094
144335
444018
637161
213065
623375
47963
394584
857904
178416
112433
583777
869501
805075
2732
309395
6193
733639
648566
118832
776644
368311
237483
61762
666740
438816
975720
697256
757919
408474
634161
142454
643397
794234
908320
108471
545077
448352
898170
782887
297018
618260
793793
394511
346331
158068
786650
885242
456868
175733
958557
571091
52667
452062
847047
548058
763358
477562
137834
896272
558514
957336
233190
481218
632429
461522
990084
264768
682242
927099
514543
710759
929157
969342
8934
813815
191081
640469
699079
661467
600585
885138
410559
395370
472869
147903
593750
269270
480680
827744
682561
890880
506780
175703
322146
444847
316306
168040
502774
582162
521660
433670
132315
425866
787052
340612
209587
760716
874754
369203
756117
475708
768280
398916
585741
990670
410447
30839
851587
817859
967304
669202
526610
999883
308809
71817
998967
625517
905154
919777
500690
110032
915470
120307
596637
249265
16966
19074
790160
907968
747836
891042
41966
449410
19759
168243
362517
809108
537923
689624
451577
228488
81236
852678
632140
235578
39630
922484
190769
622609
560149
412376
927783
528355
681634
884603
744204
913270
147965
176011
612028
632437
79470
218708
826921
934490
619623
917468
746499
311447
219758
391161
911522
223224
983678
352161
164825
943084
249290
631563
561140
394221
332670
78794
959716
387302
13944
916661
827331
87423
169492
663602
798455
6596
942179
152362
726807
440925
708407
593761
340538
625398
602211
138432
195550
547085
603919
563301
92411
932030
140287
430189
176635
908569
319265
916786
912719
666178
373820
382879
493635
426390
69463
710818
627554
131608
416493
71725
985356
476251
942217
706028
41767
336804
238422
774714
58746
175775
794252
430878
960367
470720
423803
800910
582466
196133
694022
619807
675998
900515
747561
225426
42076
857287
851522
90504
268461
314456
178690
102174
760315
423557
257222
261472
945076
730823
235709
274140
944756
790403
509111
399222
439148
630416
459092
264160
9079
397822
422878
625512
79901
189679
670079
62979
937624
581813
999148
930329
607227
929849
618237
206965
601273
820322
142123
682728
520812
569855
440842
809306
272857
961649
548728
224830
717760
374322
123598
628232
66580
545595
282103
97464
403888
213175
76956
345471
147000
745477
64062
631401
884785
485115
929406
965227
449131
660276
352243
917292
205702
768529
912506
591144
562845
235339
686370
451834
495217
437563
196743
839972
332551
476808
360271
739615
751293
42934
665021
795009
60133
432474
869907
27319
875234
970746
903699
131554
844505
705013
282225
85386
163430
970000
466989
451360
774625
384021
436611
862109
293730
384227
46943
664255
433615
763820
279641
422758
264777
396710
949829
32052
258829
402924
152804
693922
577832
725214
614390
624440
660527
491607
635270
427935
65759
822762
912120
877450
684087
540748
235047
889871
588871
921719
743806
480184
228555
271444
706009
276900
24845
268399
848251
104107
891646
485873
858221
60338
60036
143452
781345
330012
349030
968612
105565
955900
903613
975676
645371
657133
313119
845419
916849
655082
293522
690355
361050
503339
231820
257716
536690
878373
78747
278404
566176
440929
740975
490665
711465
186971
346066
328946
595424
109139
808503
689451
505071
229858
928444
349456
134254
662721
514246
477602
352729
65255
245493
252195
754776
257774
948811
117269
805539
12467
480160
302673
849060
670571
826296
175191
258840
526542
619559
132501
866042
478120
430191
773784
186536
248122
365206
750650
981347
588484
323406
384221
950077
293309
856518
222622
705138
279728
599466
309922
283717
541552
751285
821245
279518
457591
681098
243626
357852
187580
983232
147351
847682
521529
557635
880961
404376
754781
811334
185004
978336
565827
225505
662194
51127
999142
600989
95808
627635
256581
509372
674642
908875
844055
962134
414638
786395
544579
426684
499271
235880
349786
542740
264695
991412
28577
162586
264670
626784
71488
675997
818011
268856
261824
853182
718393
298983
105826
128923
443580
370631
191225
515985
600814
918558
226070
628361
367310
654728
630497
161439
634124
614317
326948
888583
985621
190164
311768
847557
759505
729659
859951
524187
526426
534782
363210
97314
876297
364040
934395
283055
4759
632330
643631
277531
986613
907781
752865
782409
177822
291351
650577
733741
564493
714601
816500
749773
750985
864085
909635
523529
343934
178886
710894
383194
937328
192328
668117
204607
845315
348707
677691
172311
656611
720562
499174
402073
738914
837161
251695
578304
18096
529205
262589
854273
221287
600610
281464
499468
702151
715055
937025
406160
845472
41385
699905
383700
414710
721065
397116
677550
693621
405530
320792
657435
640484
730438
721086
530568
288205
300029
367828
193547
65217
271825
95786
930424
400048
494621
906422
113309
134124
192565
551828
562640
197931
649302
60998
398538
749047
146260
479695
735452
691578
390307
496100
322431
48701
362815
741777
810967
420670
207460
561067
111530
994656
758241
736863
109003
415125
649479
761579
103726
903527
296322
881091
606149
682527
737945
856143
837901
920858
189425
180798
110185
184125
489039
154985
77898
4742
571944
620304
848774
719362
229146
596320
322720
294011
531078
349705
610777
248508
329602
744109
263519
969870
621856
374146
229144
873468
506111
550380
661647
376552
320818
168584
261785
507885
40573
275318
826043
372692
110550
100383
498523
346686
550236
266994
159766
971605
993119
700174
383650
940959
184494
796820
66293
429665
155478
26512
934496
965716
27462
7478
742659
181830
664423
98915
54118
376263
130286
396805
934798
433098
850678
669975
132375
648868
635618
945320
319171
630504
798023
64924
719423
253120
49050
714798
659754
374727
975972
878374
387981
325391
430590
145585
904468
49557
775380
150123
552282
850750
60585
456594
9596
199352
629695
308001
386095
766942
133691
377530
364674
774952
538686
893263
503971
203473
349300
139949
795982
846813
220024
381569
750941
572965
437933
306252
27459
278864
335251
85726
441807
237112
869575
662746
256920
145337
276034
685190
610932
660010
399147
99421
612414
432970
741428
296968
783311
762862
613298
840289
823063
873970
434642
896372
287617
181467
584005
468023
834350
640810
511130
517922
69000
530846
355036
331541
329121
609233
614370
905435
953579
959063
309853
390826
973314
639812
403333
976426
783867
70852
774232
775436
218394
103660
961871
663703
336670
752106
219466
493951
249887
933584
838797
585123
537158
848687
995604
295224
423279
530333
238151
875119
427908
626706
174346
701819
650022
253795
382482
179353
752310
822575
454801
109708
181121
941388
692386
610181
190720
712647
913521
286851
698594
641613
626006
823667
614420
985489
472264
59849
970460
770208
855807
94520
775943
455755
674430
645964
224299
370876
356632
315053
297343
497796
988636
344176
386264
9157
379119
431036
137014
77120
848045
603760
923960
359649
910455
55714
844395
359510
826401
548517
945899
640762
454396
530029
316064
699144
9516
754603
767689
147853
491788
385300
40526
116484
537327
658092
775109
167537
503251
359989
368460
274676
622338
297948
517422
3958
117287
466608
514968
356755
733423
367466
305682
182545
961704
749800
234727
567044
217490
121506
940911
47565
784406
929031
455505
739307
529915
308072
18948
38231
918483
57744
81147
455912
373396
177458
341368
430324
913485
361390
332739
316068
89782
698472
108515
834571
101750
140578
653105
439628
555
173471
45826
569696
959173
148056
158406
599340
287160
642684
41146
776051
261856
535276
499012
914027
503748
709409
563992
574879
572704
640952
349478
623957
229892
67061
750083
123163
763508
535230
431159
967939
36350
214852
711317
584746
106599
126414
251487
105447
844266
285144
616104
813883
735156
860545
158533
142595
120783
180911
877164
713664
252094
829437
987292
574801
165919
470014
10139
203177
952334
442362
851647
995731
432032
923716
697822
160310
443328
970000
949382
583658
561080
824000
306507
115090
922250
189974
302455
667581
785821
850396
962102
11315
446742
330625
360491
843010
426738
45102
861268
532937
465476
590839
300184
627792
220974
370960
634081
54080
949003
633519
362143
929544
532720
877044
469210
907797
238610
402253
839030
625159
458656
111388
750381
117380
249693
436442
508046
337282
220651
449795
570419
309684
372122
40168
985734
857201
546125
243062
237647
416985
761411
294018
26167
528754
647490
284780
933042
807332
725036
458904
383527
88704
994835
632062
823315
632447
821469
177995
495789
34253
999847
413086
343017
444560
458909
610651
28990
270731
77128
994882
881110
487378
65934
448850
801
737850
506783
685072
774813
403898
252759
518757
990899
621006
848267
73384
121257
608758
5621
480599
662473
635273
229383
959370
748184
14345
384744
8370
136725
440431
568347
328040
829744
84124
28557
101020
791752
853681
663109
425121
325774
491708
431343
797398
419845
90660
7053
779503
773219
9343
773104
80680
602533
788952
991288
83377
994576
694832
242211
782725
97488
824553
561413
934547
614489
236600
607499
101394
208062
192384
822415
312747
696251
192274
5626
892890
796823
612684
28322
756708
733407
841307
58457
552939
379739
748880
36618
161518
230544
262461
821031
833870
52391
18949
25325
531752
419465
796500
277744
163076
872011
632874
141627
804252
299341
642367
82279
522245
808373
142251
736768
712898
591581
858285
473957
61240
103711
299834
956634
465949
90657
190572
896609
684483
789199
22095
643136
478271
391960
217168
686022
515786
195124
11251
715704
194239
373392
685354
748233
817408
648532
82923
852089
600471
909602
413383
141596
615775
615398
881149
501898
747677
568642
361109
397199
621387
734070
942746
217545
142311
250926
225438
680356
407444
122927
735253
519842
288706
315628
72412
779231
857675
774066
162691
656413
950391
546435
535426
55011
529621
506206
937377
171321
620714
606100
479496
470439
824758
696954
450275
133781
314710
798017
202379
129907
832570
730619
570721
209301
610995
869849
409419
258521
971775
489576
237100
972630
591446
580233
625243
425591
95418
457746
984221
532865
501811
530049
514867
571557
321267
511998
443143
655444
589186
912519
97666
780165
179599
217910
411272
654431
42770
447743
312161
915591
663273
257200
49418
825577
954307
624384
254359
950460
750333
421859
158741
34385
157941
492294
333075
727366
353779
782426
790121
468348
85096
330755
272133
866595
400945
589571
855023
802706
569587
228785
504944
142455
892276
549063
374094
487740
272580
228183
744512
976434
822794
866653
971840
71047
170048
603136
153398
374163
942839
72215
201169
544748
499723
328943
995447
165750
726418
773513
153596
490255
44805
847401
832763
94296
247246
133268
856814
126747
16024
506118
382675
895684
152880
405391
772234
958653
387148
11760
718658
840953
849284
583672
804729
341197
344734
134286
979252
408347
226671
571589
366847
476606
641690
934348
909936
243119
609023
198332
645648
497599
562049
823702
308002
34554
240102
296981
414795
899447
95380
887561
262007
975712
336827
10740
860924
822417
83624
267367
663571
83351
54593
27878
214737
559243
629648
502982
470515
553100
366035
619263
669382
291336
62814
427509
590622
122478
560559
851191
876127
790449
373376
731564
756204
690562
718705
158784
362195
881623
885766
811757
281836
84187
43802
358173
513362
175954
904506
431725
132397
60859
748631
869635
129977
384606
584008
285662
904198
508994
29356
851732
461063
450051
747684
851116
988247
815836
980855
438114
720174
236759
575353
856891
470370
60223
927706
542045
586953
693876
266023
595182
154646
102968
861743
480399
298784
517024
583523
71340
320213
821749
898679
459041
172330
637290
612991
304069
649616
447123
908050
936129
907588
559417
686009
820613
404374
39584
28810
505400
335410
86008
945424
559066
42275
148964
447175
773220
652157
290248
938195
937490
254817
686432
566865
267745
51765
874222
326818
130891
168580
557886
366760
754263
98599
419124
557333
316489
478544
879983
302715
747582
46293
302595
570471
983108
260412
843612
829034
515984
406529
474245
75284
898417
368825
975041
887923
491779
111515
918663
300994
163748
300974
583649
255267
589813
17641
225271
779
406390
840343
619269
513676
304866
854313
62650
293055
673805
524036
39416
118151
76144
850312
17103
82084
474483
990464
916074
303008
966898
165625
310789
51414
143663
34243
323469
479137
763308
692452
341445
386120
136525
826376
101010
807995
480896
858378
664126
857563
226157
97520
391927
277974
466614
198695
175416
260209
192024
694131
96968
299320
393227
230139
788516
38272
219489
274461
813090
153757
539648
476579
495030
618061
942842
859830
893532
49608
298779
830581
44517
265468
566577
473862
815540
106663
959616
187166
453500
937970
968647
74617
250186
722826
283552
305053
282358
967675
71257
394587
925730
248120
70816
667802
553252
817211
844770
290346
246378
795345
72067
87039
97342
789460
765370
281312
969347
603971
190485
322695
45530
688095
847490
511763
50095
627188
667511
274711
914097
318311
376299
474669
375506
710938
777712
501305
802805
323325
925587
824322
466392
314322
372652
249683
907422
731683
874881
752454
737160
497563
969367
177029
215648
749484
850006
585694
413332
754881
11459
835588
380282
480525
245953
276535
737341
460055
180043
627322
505165
89389
341611
64733
680758
828568
946581
290742
165963
267771
83688
844142
236389
750959
107396
208887
253089
944320
728102
159533
207578
434569
290526
533434
902429
708572
149630
575618
250687
7696
756347
653370
297847
122331
223494
129043
753719
987406
859397
536793
941510
765675
930053
396465
470083
28250
334359
328491
613020
929255
540194
208269
174324
836076
787658
807836
900045
828875
896254
729079
124763
848421
127377
1893
172452
241902
133410
175488
861865
301534
570925
627101
441483
934549
271531
557930
795473
858277
551387
833879
873200
399246
65126
443238
680620
162988
818637
450670
668264
876156
375659
223765
143550
686490
280269
838711
110464
575972
658688
382185
656664
712935
90487
497002
678436
726316
8124
894185
891371
608972
504831
631895
721450
397626
344636
147967
629962
380131
211170
168895
206407
468127
283716
254023
274726
228192
360766
412057
731621
766205
889520
585634
342457
323103
222364
662230
197627
831570
343562
921999
732857
652449
102513
311411
829020
762679
559036
814417
958000
672379
528428
22306
10216
979324
991564
815803
945681
201463
509607
923334
579985
465772
321766
38020
969453
925189
168006
527110
985563
662892
133653
195849
150182
470314
614377
738904
354674
166142
525040
237513
677792
903940
94077
724551
165346
100643
159030
36422
533697
239632
422878
832164
774891
552313
552507
826100
293682
162221
3360
368927
200822
547098
253543
926194
354215
616036
368324
302192
298559
246091
667670
345939
315514
809913
784502
26119
320254
99025
949689
703650
87923
251073
727432
722225
292180
880487
132751
935364
101550
46438
493031
922199
932299
628830
646111
715523
155566
878734
638289
995398
207618
741784
814460
494071
885971
415338
387364
231953
142580
468456
877564
382365
25027
174530
729308
577117
896864
704659
490564
499840
592049
855181
115032
587547
449044
902489
210049
992574
964515
684094
835836
766368
942455
637744
34432
753293
106073
128843
896558
107141
973001
750884
774331
602982
644251
334459
367809
54117
954394
56678
186266
586642
547539
422879
701549
154738
276614
232025
581005
791613
892203
955522
32798
173787
190092
123524
271658
553181
166127
525063
999212
295815
9752
118002
253456
866390
862830
557470
602374
298814
382500
87597
220231
784473
310895
937956
50385
602642
197599
665995
46572
792397
753054
929271
400877
104712
353354
121420
790977
876803
283528
740017
711756
899369
672700
941013
13455
824141
799892
654151
588834
762311
891624
410619
653671
91005
566037
162686
474385
168587
263224
796863
161233
746415
516989
281962
573707
696012
937409
224146
946842
290863
88810
627748
765152
640815
896944
830658
112036
261222
941005
231550
279536
973545
526721
531365
215447
662863
962725
782954
440296
753489
56255
134341
46679
811146
80408
853109
759669
6241
660270
501275
523151
475561
21454
248074
350833
4754
16144
904933
566756
320890
988783
292448
663646
268014
942241
247809
741216
171920
177016
369011
395027
356294
380701
487373
132488
633235
540352
45427
944138
567301
297867
422587
670372
47487
404940
318100
824858
958715
434688
561183
922511
225682
646877
460199
952010
198238
754443
484009
544827
250290
361157
782032
292505
315684
43006
270044
640688
483341
933076
504103
531502
162433
607994
294623
888890
103566
571559
617441
251252
957161
369115
418908
477181
694506
112261
375164
702748
949168
521342
905593
717616
757194
681168
449487
886770
857211
272617
782766
23858
994827
980994
337467
836707
535961
228289
54261
840978
891069
470143
420537
159788
17700
295760
48837
813586
332044
501050
278535
78733
979431
981666
988027
828069
169910
829406
565277
59979
894902
786017
33980
907034
808620
665220
220052
219460
673580
704177
766670
36641
417747
11825
882813
659246
580858
689038
212873
10792
539894
162788
153284
143175
489465
955646
415071
855191
212797
626515
906180
264196
273381
791800
841713
754551
260148
541960
47007
789390
206293
295794
513294
421709
903938
436912
674834
455574
10361
764145
860686
917206
463283
112012
6519
932734
646227
322030
319843
175039
109608
548145
815170
178060
225239
815113
731859
86305
588741
347202
143134
649091
746229
627799
503110
607585
644587
250569
797662
668239
346910
280595
333186
502646
709939
388561
828578
386323
967517
564736
443034
395911
985164
311017
80422
570506
437815
145808
123379
804218
755393
360009
624095
610042
127998
264649
722186
877973
195948
505357
600282
647042
883526
636366
976793
978146
435415
608386
261435
37214
960486
637468
353496
977329
903248
336797
853882
134386
264076
348643
941398
302110
825845
842241
66789
523099
222875
10268
133224
395976
202335
482788
264943
366376
873035
641820
732027
935255
788216
785710
41517
766722
89837
635387
50980
742962
796941
278036
11284
590302
994450
45145
985862
240292
166862
988671
349774
700713
495571
395389
69097
521633
260648
934279
73246
165550
395329
883639
790602
633955
587797
611346
336643
606326
330628
357410
481158
957486
668290
866980
168742
470170
949455
449949
469426
862803
538202
780313
633660
806363
475739
67987
240384
655170
118682
662393
415184
816034
515283
280929
155972
347270
360932
491322
37012
608845
143041
542202
943032
740617
632605
183558
456974
977228
752552
35111
530872
947694
312012
509713
346414
120362
624330
261377
279316
821921
784864
440873
49955
246738
480797
794342
602126
60893
370770
497630
8092
957558
184889
506182
789688
373682
248526
892919
323443
470087
706920
142966
431061
940406
929082
808982
866171
724605
632293
120225
843015
13862
667235
578340
231921
732511
32570
212297
52461
284821
594325
599130
343543
6470
318498
110834
650852
685771
722949
421406
923330
423061
508826
320078
274283
643572
917937
772240
942233
478422
842476
655237
439249
819392
588480
939295
743670
717078
382497
377852
679047
37443
710726
903450
563146
958079
379070
626778
975556
381103
186896
659113
393630
419153
599405
386393
185182
544949
451766
878933
877122
111262
475349
167620
922295
57811
901430
751768
485851
34819
801757
566996
211367
682198
469578
915737
422198
427947
351503
705220
478782
997597
958072
627042
198187
582275
949228
12380
177034
636217
504057
247946
974608
351582
287836
558939
145296
301965
73422
404477
17480
773052
313431
595925
554458
660801
178204
562694
591118
18205
701063
805479
150218
247986
205034
584761
223464
800920
92674
909083
661817
892875
199599
558960
989408
598838
719174
807896
320092
639275
817808
416447
833516
706306
456763
337091
594800
429409
236930
779472
938553
261993
738888
492584
809414
873144
935041
927385
442722
879895
139905
951928
651176
351192
598582
646027
143076
402269
930424
163418
375288
928265
550465
47214
804317
737822
614281
587619
445095
853042
601588
705449
116238
147424
52451
343695
57114
696800
590196
773494
827163
792977
841506
935701
705786
607446
576881
677313
820675
829235
114145
109445
708391
750764
956593
483897
436771
986915
555805
155704
65681
50764
101433
336537
53629
322524
421285
132204
592022
608906
124552
940136
162658
888973
148531
478723
567988
447427
740225
541687
315474
143073
11469
729769
200085
70034
137496
626610
3746
111389
77192
214815
156615
227234
494720
802818
256983
476583
805871
692703
878116
735846
784830
309635
407379
770671
884671
731067
538150
435430
231696
343395
441311
911784
430498
951747
705904
665279
759103
875386
948564
647566
74334
503217
747929
882949
137238
613936
111688
778015
799683
121810
94325
134000
45286
292310
749974
413481
884110
896593
416193
62063
91375
31930
480565
953943
916805
245617
389140
954081
799016
112291
867960
960497
843482
614059
990459
186449
753849
942224
973205
551645
600807
222000
868128
265904
167104
176864
809350
171984
482191
672350
173926
662368
696452
325915
975966
193093
642002
695142
521379
809196
615122
758353
678428
16347
390189
429378
494845
547416
480173
72142
753187
84824
699406
66350
677050
612290
356166
175522
280633
394464
919303
381956
824069
702176
52515
493743
979737
148563
299890
541900
668161
185345
249901
726644
860399
447420
468524
846828
489384
229883
724245
602149
593724
819050
876446
170908
195853
458275
833554
595302
650375
952321
82446
248858
94491
335002
933235
388410
460904
665575
484959
416109
330209
616297
420092
428647
46641
17764
760268
687847
335890
490900
905049
261008
525198
67271
743200
417729
916917
777395
668068
343911
965077
230993
470073
673100
142276
127646
221564
59607
703605
617964
295503
899513
428250
882525
917893
617500
713504
737257
431739
776842
783230
594097
726285
352209
879940
136240
812395
750408
569064
649044
776252
133021
483795
97219
536088
943037
479883
62174
37480
960527
682596
723880
992370
798909
793054
924980
49785
530475
658591
730210
770924
325083
486598
841566
260187
604956
933988
550543
827240
303757
99170
311410
290339
366423
532890
514209
870470
139807
92637
110407
942171
67157
57555
465363
591888
615870
539780
284611
773096
786949
518957
105623
474832
385272
32498
363918
744485
342831
65084
711014
486743
87817
190068
299754
990940
85941
562370
351450
592660
816185
469185
901816
237762
516498
305218
722488
691345
681017
670221
846782
86111
172773
435518
101037
162476
274108
709608
341576
300692
451194
758212
479381
599221
851068
48974
125916
993901
454396
267943
288266
169811
914021
44023
423135
162365
949291
629836
575360
122104
649771
464488
415072
186043
38691
611034
160879
329390
732383
113919
556696
849613
511347
271060
639575
16618
228910
454955
797997
484179
22820
290088
548796
4089
26471
677042
188532
955017
86043
861711
404780
558899
764755
787118
53514
295887
703022
584541
875664
909122
563938
423483
486113
143387
518400
965944
206919
697276
158722
580059
402804
872685
9371
755578
388729
229007
857376
885418
959407
785306
398850
114129
427962
750375
696751
47327
200150
945999
261960
950966
955272
774699
814167
364318
24587
369441
194016
734905
506541
977965
983022
912298
799256
372498
802225
108407
545716
112439
662717
321315
903732
12178
524738
897967
603499
939894
323210
997242
49444
639359
387816
876157
239367
130637
957529
953149
381064
229963
20701
94787
365395
937962
332695
332620
733542
476695
975756
512570
406838
667537
690143
611989
823067
211893
795595
28783
351939
675845
340614
400109
911
898193
27776
352424
793149
113875
819647
408343
454337
236034
212949
981784
701127
544516
583422
666966
952071
298491
234449
545823
215064
413343
762365
495267
392803
499934
712708
59169
507508
689401
379335
880543
667955
657327
757437
795402
314091
644464
76323
463483
270129
881923
483166
395731
790713
677607
207067
238680
7792
790226
32423
836097
7436
646828
308983
723820
450776
790765
603660
461261
927270
350880
406227
689035
968694
271126
888420
496508
809223
76310
339843
806965
430449
968341
324576
490073
491823
967727
994518
179230
666169
649773
831950
384383
260234
310776
148666
345432
583103
959060
238826
784796
160060
99453
447846
731155
505047
449395
627997
486622
351226
536645
512638
604399
971484
627849
447306
827664
170792
644463
459719
75225
875543
596663
144135
995929
109300
489555
78021
864743
684799
108386
551055
176338
257323
284211
913853
440198
386430
986475
734859
569020
122362
299677
479368
884456
710828
867435
105119
706903
914185
867846
515831
281431
556535
252644
661938
919734
563554
744184
93929
63287
961128
30732
384887
346134
484551
214372
66176
135516
782899
384753
54246
982776
830878
468574
351217
943056
714725
127694
736705
198209
597138
458824
532015
38632
154450
67441
392195
666223
607861
76019
176104
231423
909492
183303
384717
598301
295829
232480
152786
225935
645354
993002
449913
904103
988575
535177
320091
948059
993838
424643
879156
731249
108256
109925
705399
584525
396425
806895
690499
151622
633060
607309
928367
28039
765137
886038
861182
444312
462584
43601
396128
567309
984146
283939
100653
313598
473310
775527
414364
241570
772821
942374
679945
301264
207224
307971
361410
185189
671419
414281
520715
900793
788621
578567
550200
988902
805044
774793
30932
874552
863733
820993
244875
297531
665755
654361
361866
674955
994398
865967
79914
378699
861036
560468
18359
388852
49277
683915
338600
128600
818700
741320
401231
808145
254590
492474
761089
374957
433509
642139
281557
194245
378901
501170
263845
396041
57914
500694
309111
832339
308519
430752
745417
513457
241976
56918
485930
304879
222602
239027
676984
803574
75273
743732
915680
946979
319630
110649
855945
393602
289247
599959
660086
596186
960481
758615
668156
641344
758240
415828
433543
228644
260955
628445
647033
215952
636079
281513
925017
360380
967001
479308
937345
525135
104290
788256
32880
919001
404260
987475
504288
895145
992961
21068
284193
93477
267988
851338
10906
83048
63618
350440
709395
66653
407294
856398
861900
65681
762959
824678
447200
196868
669556
438399
27357
166709
529589
988793
276559
918792
349705
333307
587672
48422
342290
937639
228135
334460
491880
598362
685938
840664
577179
519456
426696
997103
949665
209667
436162
154755
303107
89760
404129
950292
926005
416540
809165
537892
149643
609724
18138
345791
467588
890030
184729
66554
403184
881672
510539
318500
278822
505049
627641
311762
716078
594378
579314
605123
57477
120941
333349
50358
957919
42958
11559
436244
703826
872329
822444
811052
108367
317528
246938
819676
282975
768730
46644
547757
742728
423158
356691
410858
437376
380063
396193
802106
941413
620931
921604
86140
984604
648218
840923
710845
810610
328866
449666
96185
634044
506802
713925
684058
864526
658765
329130
354881
60827
698633
607566
87417
511621
476940
133729
190939
242862
280944
750623
229512
851316
675254
706158
796711
409039
694980
331176
643665
3735
679994
47742
502923
38423
487568
767631
889256
100020
610636
663144
114786
165092
532513
276132
789835
360935
804931
51133
135896
721696
974898
454540
383453
528554
426428
808304
511
825617
771989
745979
989927
70650
604801
855537
376766
259057
290525
962693
722174
102149
822889
363389
470888
961646
3089
448274
162489
690752
203877
375615
20868
585629
96472
782377
320839
365191
317784
119246
15183
838992
616992
558124
512943
876152
512430
333051
309295
537470
140301
4304
624702
694256
65249
220670
317331
912856
688261
493500
166406
135141
212708
751897
654865
103137
398338
546220
643689
451136
537278
324877
967568
991336
452971
585541
686337
880211
592748
216051
949392
588115
186523
244733
596983
885815
835692
713353
29199
190289
176327
514367
840081
12389
588738
378693
352326
888773
584615
931430
293065
958767
926844
785893
167971
280691
633018
211482
838394
896070
567329
951179
811752
479723
2827
927512
983159
432709
73579
237771
297896
354512
879353
733721
771489
708789
93635
265039
39514
981004
432907
929694
320064
898042
879057
297679
107358
622690
765008
536532
791118
590687
259687
524479
231435
334102
641108
625114
656970
960304
211801
413562
138021
72287
6324
491149
407526
985899
53838
488387
478908
868463
261604
292001
351881
838663
282124
496061
142623
777543
964703
726798
949431
607332
401642
355381
708376
167610
545686
796794
756528
618564
780228
384773
464616
805442
389503
576834
790936
495633
681511
331758
733719
196924
732805
847954
238485
808584
45125
92706
823633
462735
21717
499743
203718
184859
184778
656199
386000
918501
975093
396821
974953
811617
784270
637104
236620
258707
150084
64642
787417
616263
280209
934433
594788
50848
158555
362920
192721
78275
180319
150
185740
960418
100153
269375
979962
997748
539367
396826
650512
36983
366250
846671
131534
290760
403705
309374
976917
345424
576929
897491
133058
203962
368077
347318
834887
995949
365757
891490
187129
455385
66519
661926
206796
886969
443173
448208
596404
183492
644489
846104
132860
99065
297834
673700
962179
956523
471792
527658
659824
564504
725709
731023
371733
939450
753991
904275
499352
573855
180833
52057
477405
563363
73445
913552
64083
28189
842363
713802
743105
21416
533356
583675
408282
463622
704412
801172
685524
840280
767136
495794
350448
941975
509319
972321
950341
256923
70193
294842
594541
506713
326761
620172
545693
737727
181746
577528
491869
483998
864701
344
64567
419589
50327
299325
376566
513186
3789
244343
998398
626952
510951
704149
50180
504321
498916
204212
81197
449979
146770
610917
698537
154340
138897
822548
30759
4801
650356
345307
476995
424783
314597
883955
62829
644909
479154
128983
857500
186739
42251
137135
60158
951813
613987
425284
276860
710158
747696
13282
771427
974177
658614
114341
315363
203349
832648
99169
795466
699118
828030
530106
359248
527462
88441
963519
892723
403852
713041
920555
796488
158839
328222
880786
648275
471076
617594
79742
402274
124695
250751
777895
847798
778373
736971
522169
74778
344942
960275
982290
430313
290854
163949
421540
190284
602825
313316
726042
194008
971499
373960
227278
437647
81522
585628
611881
35809
518341
128885
855725
351828
714712
546277
292311
474315
398278
674253
408117
721395
753139
719197
45319
83041
880693
790619
943675
443471
414517
852714
840113
526571
448156
863654
635330
706598
911503
724706
493452
445717
262770
884960
787687
374926
723529
228173
606929
973840
658629
3159
117448
975024
794617
540430
663645
898053
890154
897253
625437
88737
249464
984609
765080
927457
946577
520796
698616
666533
660345
748385
796643
117115
459909
668319
759295
981631
436545
765586
410094
600162
525439
688833
160488
22136
824464
91615
631039
892676
306960
482282
294589
827111
82388
298459
265270
91602
390044
815700
218475
618848
349557
382072
135269
159661
382890
728967
551938
269089
373315
654956
530663
738669
376091
228631
305070
346521
736846
242578
712040
807796
664259
836765
53219
97273
494537
935307
373019
232831
116114
780217
177010
240158
730550
362195
604812
413467
32592
750032
270212
881527
719255
649569
552975
513367
888519
848930
94290
393991
97682
797574
829317
956518
26796
350295
328295
577829
969641
813803
896006
748968
337507
648352
833320
781873
595373
716704
436149
297748
331616
985097
779311
281998
572410
130630
86438
64067
535389
586832
255645
51715
402717
71036
539452
815819
496636
985197
139589
273508
233626
428966
731803
22703
538412
228887
911628
295439
802217
430308
226006
4591
78968
486477
269036
662402
790001
33683
243867
236200
115429
790328
813193
850833
335439
553103
617580
788995
238947
430430
686831
910241
353938
947276
761537
519035
568683
945682
882897
686181
931564
50602
96535
717156
685814
842878
365163
56110
499113
782814
333070
277019
952846
52048
731661
448011
864509
693919
764212
448508
66409
944202
511208
9469
544162
753493
142417
704999
482395
257604
949786
782386
988295
278744
213240
363650
62106
32419
821005
529793
519313
165716
23542
576900
981358
234397
818911
628352
220225
984552
401283
839901
331908
484233
355269
668126
583408
591185
884163
236674
262563
116164
143647
522787
417224
416601
386091
253167
639799
65339
450236
68584
430869
364917
422337
505007
78509
570308
469303
396776
386831
764708
39380
482935
218046
347558
151131
144055
596700
357548
463879
455916
206707
919156
28689
103421
731111
908676
162656
13502
8774
412459
860030
279747
123970
283536
830152
518542
929374
832940
493399
134513
475046
724062
941052
297751
430509
737293
639772
755157
778976
832722
665835
698182
949938
321779
818193
801812
218478
740202
336378
382747
940079
584560
837292
432581
278520
118217
868355
824268
528947
138739
412333
188566
562543
851733
550048
494993
535595
117767
653419
404409
690325
752961
799854
732403
292714
662397
647360
206609
124868
812149
408756
356310
370193
222443
636904
362895
276514
312087
163861
666375
99469
234460
40250
389893
811738
873118
27030
429420
381436
724641
50232
878649
41011
797672
428336
914409
563364
500638
821433
730947
870308
736945
875681
312021
657918
603911
861652
112388
279294
39766
113539
376362
123929
740184
567290
161006
385703
940767
800978
586213
235406
354055
934439
722258
475875
683847
561776
421757
871214
430731
374624
193828
112671
855446
321821
549407
781220
607741
960201
257662
687925
851218
910318
957322
435204
773297
542869
113983
506367
749028
650678
478396
744732
145875
180080
687724
881839
848697
361846
399805
112062
34656
431405
356652
137056
298289
658759
46879
704756
43382
654158
766214
557003
921426
238332
913210
977214
132751
205059
231334
826683
545600
96351
428943
843501
547092
200823
488900
38558
197913
852729
789647
78499
273747
810922
239611
881857
154028
308832
83928
15482
126941
247485
295459
293582
30829
520297
781970
532290
823110
720268
951640
481612
889905
585736
624235
328060
219317
788834
995383
794549
964022
728430
611989
902271
107751
472347
401129
548811
56858
639126
236249
869774
30352
690288
291023
742854
488446
802824
849168
981742
491639
155177
413616
3866
587703
915911
726774
426865
514976
523753
345688
449937
307673
874573
273873
539997
428620
46002
60034
575151
362229
793851
112325
33249
191698
296854
915084
321163
759951
559562
205427
681196
453000
72586
1109
419178
619312
927577
890883
992470
806039
455497
998335
544408
696277
844938
949072
507989
125611
208499
355409
504297
313268
182105
146603
486508
640563
177468
410618
709535
461578
675184
290216
497712
313097
595502
942891
394872
882518
992769
260737
668044
275145
312583
833657
308582
335880
647086
296175
239262
52863
979382
230993
803569
308809
783706
119416
539106
541758
324237
467788
460109
892516
814171
768868
426368
439256
24523
142774
160487
334689
133862
699959
880477
398574
965385
280791
934533
351959
514419
156539
24199
336528
311777
963924
69517
905537
335287
917868
149135
617636
993302
347505
213932
37172
929631
107018
412503
913738
272919
356803
287354
122818
23307
582363
317072
729919
834684
544810
374281
944100
78147
699540
32735
76294
598633
353215
911073
90898
617701
255150
547745
75315
274282
240837
948932
251412
498149
51017
843415
56345
375054
404433
530636
101527
10973
253338
773520
542405
938168
145121
275972
67465
27733
596248
170478
913263
530131
60852
48463
995634
937139
246438
439504
880158
126522
995260
489650
777701
776944
760778
550362
821217
718602
190796
41789
508843
477708
177927
870812
709160
647206
587942
535495
807150
497809
206749
232163
651269
755116
379087
207967
982961
698195
189578
921378
572884
521927
520226
933872
34142
169796
18509
14481
351760
856635
462516
836941
151938
177320
757343
894074
870344
457894
169697
815104
81836
348735
525408
93922
572916
514667
331157
777935
99113
30253
589103
106596
687801
841336
208181
153499
107844
147171
208744
389760
850438
338593
868424
218584
398847
30485
358436
128199
93665
943298
226291
397159
596793
480499
403198
620383
334236
549915
630508
399247
822719
342136
496556
245270
713773
542795
57513
473977
165607
587403
159232
547653
535721
165256
409962
176879
97439
988609
308592
390139
236005
271696
860862
561297
665332
444409
624601
320825
882513
878249
110964
695360
480515
670557
265350
783170
572338
961491
808211
768561
617179
614499
730999
981959
175782
794498
788463
224408
379016
873154
261222
649894
475814
211931
900549
63042
151246
720779
482520
211812
778733
89310
407201
250837
685360
647494
765574
750499
898362
648913
47810
240037
35336
113823
888436
735369
579858
680212
178509
553251
493297
512113
348984
730728
89744
169358
466836
972019
642936
566003
303046
679627
996426
723199
822951
810201
91690
60903
498286
969063
929118
834703
12150
806357
719789
354161
42983
686029
515280
836739
365654
315383
134205
78139
122258
933711
878063
434714
940722
555656
768570
207300
76233
927943
372816
980130
801874
656061
918537
782318
623829
953596
734586
678987
875442
503109
293587
283575
790693
930159
128690
267458
846343
913841
696368
497953
735410
436141
51869
159383
168361
686004
357610
402383
317972
315713
431379
887131
938114
473246
137266
671240
792169
918404
312081
658651
237545
206130
1530
810511
894231
137181
188047
27294
331202
746002
567704
182199
378853
10395
980448
9849
216458
221497
729336
409137
473773
767072
454223
77708
79477
918219
127496
705411
623230
487410
325848
859766
331249
240521
484342
973026
661641
414903
906869
60951
566441
206464
998802
381033
870388
620239
363414
165057
423426
418378
999781
475694
172413
936510
383190
816129
353343
331006
132628
11765
824099
801405
351685
97717
180790
972629
778497
236009
579229
767197
888973
442921
382903
111894
681278
737236
641214
866242
744533
104345
603480
11570
287701
256441
615606
355056
148736
265043
318727
707734
13828
979674
774030
263263
572191
495827
246217
483223
536750
536176
664543
896419
402910
489255
343100
109487
260615
654401
809241
753170
287712
893132
748587
848365
936013
532821
623004
38178
21894
234131
483568
919840
379532
267300
844680
954332
95128
422167
260070
617807
802051
533378
128285
458661
389820
392411
434425
105744
599657
698474
754910
697100
489981
548954
351270
550971
201736
257531
545301
810321
779622
186482
622741
610577
863564
95308
244526
261671
632224
280621
844769
265340
157477
815129
675598
281130
731583
649765
959939
642668
160740
814130
914780
904869
472994
777637
67738
7586
902166
684131
843330
949082
774649
418302
631323
120180
646526
769293
463157
909404
689237
27645
237320
806599
547841
614678
832767
836553
134656
419607
153840
991556
617736
555202
591700
675714
463106
838381
998626
26194
717894
303290
761822
222140
760374
847396
136246
299632
153995
385335
383034
207542
607521
163198
879458
649277
903365
800506
487967
238986
5478
743530
113138
329504
607135
523612
422235
232388
41784
324032
89485
477051
533849
192770
738558
682618
834020
162832
857336
350591
847856
175458
555420
40522
397880
798964
694549
521432
345698
677010
944052
932578
812126
274690
238335
855780
432232
572241
631193
379434
628866
896394
759369
953862
835148
307027
209282
44194
306245
998242
272272
135559
135869
639061
317939
581677
778385
780119
485934
73777
408408
397922
47110
157829
358910
159921
142070
983722
315456
47830
878182
841081
828812
910384
661447
744707
174894
407242
677722
828931
938932
638530
389481
935088
250462
811649
520291
691294
725622
928909
387740
834071
270500
689224
87461
832547
365369
486025
540998
469014
443488
58896
651687
424938
819424
87761
512575
579309
265274
223444
298881
265477
125204
775487
587369
542502
342808
740712
321595
897976
634967
230219
100647
322311
741659
717401
503120
805587
101808
900816
754755
987352
405950
560778
160500
970664
323894
741778
848320
195219
924007
220303
660587
331320
844234
421006
211867
51448
223744
386446
399151
492200
853052
809212
869768
473757
501773
221437
763842
907034
676443
239440
824758
223057
275694
699555
84055
578495
531931
121964
49908
893054
281198
632133
761402
343166
975089
406160
250581
154601
576849
150869
791024
722079
817415
211715
985678
272900
147117
841586
669084
582120
841125
440688
973253
610677
134399
26733
986870
834207
671255
480686
440473
575867
642352
614851
793636
982455
708532
164657
19408
538092
105379
113071
467088
597025
706944
70982
10405
581712
593168
752764
672427
128927
245101
609050
29361
507622
760525
648454
355411
266809
518022
517639
510211
431941
203964
417753
334585
348972
903781
55261
169809
394462
773150
840117
702990
678449
59693
954651
865621
607484
996075
42363
781433
678286
421333
296481
284182
434747
379869
551333
521062
430186
799828
274300
499062
561018
632207
798806
285062
897173
35489
288713
956567
881531
914596
303850
850158
934512
937385
548488
644250
98367
133595
489987
574082
271534
223947
795443
958258
545382
586897
392043
540379
35103
586737
778318
591766
815428
345215
511718
772968
640713
498721
875750
126660
913576
45803
178749
283679
939709
707462
617866
846721
346080
703134
983100
854011
895988
218607
287305
936527
922630
519185
340037
971058
47740
764100
498804
408827
791938
266620
710841
384012
892759
286415
1472
364591
48201
337363
71814
818564
977625
844465
560639
335561
511062
507327
808391
114755
825748
969860
947176
775803
115874
283411
305982
223662
154475
118031
458187
305940
157105
831571
280736
129488
438868
553509
46976
507803
144318
756850
536880
290100
98567
533756
929084
78329
461014
340441
878228
132419
407517
875756
388748
704021
436666
24956
542050
34444
749916
433217
479718
199958
723684
193304
657561
745112
151762
6653
709961
528302
831090
490420
592106
12406
661756
27088
537024
748392
638078
263086
581091
165831
129172
694680
562541
438050
821584
969228
333236
181925
817594
862845
983744
747059
261125
661172
509965
933555
173710
650135
67889
191329
406012
622745
471185
707839
493466
123718
876682
625793
375782
522072
930238
471238
867223
520694
124928
931033
714983
523939
682183
613479
781393
650892
986190
585256
878662
317115
536353
600100
642792
566023
306887
140859
157200
405276
667712
802315
632161
489720
39094
77364
939868
731071
35535
895432
73544
179934
609710
507286
652932
847576
171359
449022
197811
646304
908763
55382
255899
321010
751673
774673
921633
219752
974080
24338
627092
881463
355404
23374
1390
800772
493726
837642
429302
125519
498601
162964
439132
324011
414373
780968
976120
161888
307564
872403
468145
118870
279157
245611
569614
27595
495544
628688
99858
144094
565365
684992
255661
413810
51543
441727
229540
399846
175518
308146
243152
115073
848027
32686
289409
970746
983376
503507
151405
410201
184559
292411
708571
848783
403504
553595
12856
441923
413750
790041
39522
67659
129256
26902
211561
304422
31940
587560
107358
61829
392367
39869
375071
460161
644027
377918
406691
388145
739305
654164
957526
516776
386672
856528
363026
772927
399831
752584
41646
293708
298219
892034
335989
275228
539659
539308
255983
508167
320320
804770
107297
785333
770345
774637
354852
474781
842979
98019
204315
564085
882949
810289
202326
874887
451528
70705
936931
412233
196812
537008
587583
776635
179808
392975
989758
763867
152682
691828
329344
551145
705194
346573
365077
601561
143046
532622
485633
119376
506959
684107
191753
94453
644923
25574
655788
212197
23904
987654
274513
475533
825383
54182
578478
331009
336853
367662
222956
226785
778450
958278
955098
226020
477764
799240
813834
347773
389255
612673
3036
646727
995683
321775
757842
111075
954278
358671
893100
441790
261250
152950
317880
790948
529428
51414
3538
916932
656393
589683
227774
331195
941155
64791
369020
871019
557869
523086
198556
322018
178143
136959
269391
446524
681884
697914
140462
213463
472884
123159
496184
32769
833416
68997
742086
277753
784471
854270
583927
733545
762848
943344
343393
492122
328052
242365
671413
808662
671108
368442
307160
473224
335169
326676
349165
547818
304554
365929
282635
145590
630827
259744
352734
749414
412350
874368
356365
487882
762635
30900
51209
726856
760407
302753
882082
869355
666082
712552
66305
117163
300258
384811
578386
819773
165403
865282
619766
47065
156893
426439
449987
177044
30658
343370
465666
537006
24117
491930
951389
304047
940897
124069
183586
415491
308198
705336
445742
146735
734410
995480
765391
176600
860521
987661
983270
750851
421929
55225
99632
460447
490890
577175
117231
51430
713182
83796
652173
168810
123021
234885
728196
48787
668911
973831
397746
433711
657761
187387
428833
41180
842635
143682
681231
959144
531494
430605
265419
7490
116809
496955
113969
771905
863695
747173
432944
17502
653042
457257
627081
385734
348675
575376
945142
192684
410083
997144
57656
626822
757690
872717
679789
920745
996348
153241
267663
63114
623392
925148
515155
348175
232270
826308
875574
398678
869355
484898
843758
281783
306221
178740
471777
43105
781582
658922
849581
625309
730750
267415
691195
418274
978949
180045
596072
960355
942140
668275
713725
871567
24391
641590
344197
61259
113610
161050
242359
984858
969942
36945
561312
749992
897349
917834
889488
623169
274100
5458
483238
645755
511994
119507
537420
828463
613611
642899
192165
404728
646545
474328
699188
333208
144069
511859
564764
601253
376262
671188
315001
694235
249855
436647
249
759580
581289
228523
183182
82900
448633
798440
781237
438094
666132
870201
485023
343092
985305
833033
995313
627206
261121
657667
467418
969104
530183
522999
839365
535942
806867
891327
109457
254307
21781
61602
881639
410069
525751
978870
278045
751751
122108
971712
991073
912132
751938
194590
805576
696171
909698
335130
290660
653491
857516
243930
147443
858621
919728
1151
266959
82437
271717
189416
811940
978921
880853
458822
510029
219885
779115
336141
138384
429295
107265
546346
628370
440685
274044
329104
403037
136434
954203
254238
639794
55898
967130
456174
546656
68656
400898
208216
203325
427589
871044
104918
925234
340883
646296
238803
367165
907300
564402
429449
576356
629294
576709
674788
627849
355621
612129
677242
578854
71839
528770
24186
754815
418290
218311
582039
74
467261
15468
198583
388610
654866
224792
74889
827112
108642
229674
503424
208348
165543
166876
134343
597486
195919
110238
336103
138124
984836
103333
102633
784181
687739
987877
710004
407573
610425
231742
339867
780885
425571
90410
187368
562552
396445
96791
629246
43090
156153
427956
634965
7854
884768
701507
849153
397849
129399
459325
323652
433760
617191
33185
917092
412795
524247
536364
501702
860636
969735
197201
556798
468006
556407
898772
516562
536192
354358
100646
453813
714930
911340
147452
637721
630412
935995
939706
298174
225193
968856
462819
35846
894864
589431
507551
191011
611629
43411
192701
757145
447868
607264
360446
47492
942932
110555
912133
685280
692489
618914
134112
485038
834860
532437
225606
354459
677937
66921
51687
232238
617939
742916
703565
211599
639848
235823
127989
260393
642412
263569
299900
162419
449022
172588
540035
937169
730750
77017
345594
79399
846787
474497
66993
779388
287107
74635
865751
150197
892530
639083
801905
313503
1667
841294
640441
222323
288496
370325
446979
446877
833650
867052
634706
41428
58133
675645
657398
818765
730498
50247
67915
402411
609918
418637
466887
114834
908068
961420
434103
186129
175988
414508
37002
516580
606112
328318
198595
516824
985032
568845
238248
357422
518635
890347
368349
509559
796665
754880
404847
355990
138262
370846
826388
737701
505710
773350
898672
798883
643473
279889
288126
131585
654062
847204
496201
888981
331826
802666
894529
573138
284904
262614
273066
458004
207359
546623
876397
80286
610139
547175
813217
764079
114875
321826
780107
544362
610294
487019
892009
419579
339285
918281
238557
714553
574656
501612
564262
711782
89923
862775
525815
634925
91714
588039
292195
301357
940987
470668
975078
477678
801463
508912
993322
562438
372396
677332
242871
798991
705780
718387
780489
551486
46979
730550
234201
189966
186740
40140
491829
568191
645002
266029
29622
102738
750956
764395
272436
112707
255641
559896
609158
87618
54431
797492
29876
469340
752781
632099
200037
675822
652266
363701
108353
543606
78849
629385
862809
755364
416833
438400
763265
799808
586696
594291
969556
32475
209430
246370
472695
31
898766
59779
925341
119634
805498
561718
363559
543492
670587
168275
149391
330437
45345
44404
356601
456456
438606
477421
117948
234734
240850
600689
867227
939053
490149
163276
229431
631873
271951
615276
295527
158557
346572
888712
570943
723684
387948
198911
703678
285707
297255
106155
956895
8553
659731
88458
431179
771454
856658
348019
620092
123935
709635
462760
511964
594674
582255
948267
452364
524602
592285
347718
99911
928977
263071
867626
631869
866061
885959
776674
515714
56323
490464
650966
913005
367222
870574
881317
588648
502324
667403
122625
714986
727028
480559
522519
339343
481555
139624
195552
785030
333386
711520
575259
429546
251462
222830
210705
680920
7924
316934
757012
977384
77991
351792
13371
879025
527539
94506
11289
468707
479810
830413
404350
537453
655147
249955
563139
859490
853421
242649
774115
297455
265982
838744
461477
678681
73306
517765
222388
46652
442450
914628
601281
446443
808083
579133
460903
107140
54831
116282
331371
274271
59182
83339
285618
499787
872534
13365
301968
984537
697334
721058
433524
54630
565019
365195
822662
999072
616271
378858
975075
544057
818676
431265
47683
460364
181682
825869
949818
124241
709990
519804
236209
690990
660743
212504
629889
833601
471966
926916
566044
238873
795269
848680
954560
841068
302859
779121
682583
642955
430377
821151
278508
464766
612716
187461
406610
602135
589711
232206
448752
678979
76833
331016
459385
681084
268971
964702
889933
89209
632467
777532
447804
214457
912591
622740
555789
341869
