424035
307320
716867
448551
467209
67831
551361
833821
259647
839003
966525
626765
776822
588167
593876
675300
814316
419885
690627
524726
565956
647219
594160
490105
561936
243851
438006
878455
781491
691796
87945
814131
255889
107848
234058
40178
798745
315631
907645
59070
940609
682273
796460
985641
499251
177881
883061
68101
219615
540493
494386
409497
239161
723362
547822
130189
812239
130315
257645
243707
203844
858758
122640
505737
222355
616829
599507
336068
508334
278667
681047
799004
784644
143915
413160
688623
369368
343364
648016
925974
68821
609902
593226
180390
984780
805127
325691
299868
889757
478240
183226
745207
665787
436077
422508
100641
57988
27912
784745
511429
958604
516600
815061
201873
753224
389134
753491
517165
293633
334098
660623
168474
328200
762183
658106
381826
235372
752602
273907
455481
988487
389625
315529
595692
517368
204495
16118
917044
180410
915662
291319
867969
384498
872732
433054
918291
330361
321610
676450
152689
85902
197484
52657
311627
586488
897334
268587
931740
761475
789621
830103
182786
55460
861314
806280
576737
338711
37174
382586
167904
916159
677480
269786
105184
649517
279878
765360
239552
789138
198284
995452
383944
219804
197776
250669
621970
719480
646548
399188
661844
204590
466995
409055
368842
663287
178550
851523
483782
612935
25542
87273
671986
226517
823204
28057
372360
671470
667056
874430
161312
743012
828672
657605
248894
408202
491484
715788
473626
255121
89500
777332
911892
586401
146616
34107
16343
609913
757501
932783
194658
992156
922691
403337
667291
798411
267027
855639
436289
131417
987178
702075
999878
447982
268537
298631
49806
232623
882317
358725
669331
47323
176164
755825
131190
960200
863550
300181
564969
560533
708102
765339
525894
693535
888843
785452
349614
203255
395801
289671
96137
965413
198697
405001
666652
865860
478425
370778
815523
970956
119405
972729
219684
850878
913035
643690
985671
586003
123641
257669
778165
835989
129431
249490
38703
925868
772641
711656
940518
854306
163343
422766
875732
929299
725393
615698
855825
438253
825390
205049
384774
64256
398658
961772
830465
275748
436137
173485
73621
413494
952195
709054
750091
150284
342047
605368
993787
175666
134304
658372
534151
168551
418805
785981
62204
966801
897563
348969
981578
131833
165737
664336
135505
44780
43585
38142
927268
680791
303907
75875
68183
297718
220778
800900
102644
962371
43178
687228
297539
902501
376871
933470
728429
990313
936270
473307
363469
223210
301106
648117
467350
585513
983162
813362
611716
692629
256328
555384
694749
240049
280365
203892
533618
547470
636329
110794
240946
674496
132593
661954
646900
750670
641089
227398
68057
328152
304766
322053
163321
808977
982257
607709
568457
682820
771230
933525
683501
695455
614329
976944
278458
194612
317086
88500
175457
274214
127593
897700
490251
192107
851931
466250
41150
63861
560271
616798
967925
354682
739433
203794
410455
337306
237313
117710
179531
686314
381332
541841
769500
828617
672324
603876
682734
235751
251754
61048
720209
966196
492418
116177
731247
220018
25285
113784
949811
908901
625825
727778
620632
966604
329837
863967
897235
846255
296372
957746
573030
367358
375226
949837
21239
243093
659456
594362
234831
95860
933249
31015
919020
910805
992404
220091
509729
166937
54955
329721
761406
664788
475438
110941
176727
724241
204871
194313
213989
621973
241224
647691
917675
885752
587789
791991
462126
51095
364854
634032
679539
346210
210263
82665
675991
889173
774501
19361
438907
737450
316146
333799
115759
497639
390858
926203
229335
434412
2198
531381
153278
915235
181163
416177
136096
963193
818822
3153
748155
347664
233123
770943
279008
932604
146411
701798
601908
716477
614743
521327
432773
633543
561682
91041
404910
47842
470545
460637
663994
247558
54105
269153
555905
368046
444659
196681
317305
9550
588468
957226
201082
878457
90424
302541
979677
531921
188974
70237
676507
228080
596547
158562
643432
75624
693266
632495
771340
215364
904473
11661
53589
734539
306729
584074
66422
336256
951250
488736
583193
475521
506279
40909
241162
167706
57984
196676
695807
885954
591123
326900
48358
111387
304726
565013
117092
769936
726818
823912
295250
613929
538764
301857
362647
295137
894116
410386
863272
789954
51972
732090
810024
198434
690115
481292
459345
646780
514525
47853
470453
317516
741829
324587
659763
692878
990111
492062
947972
368548
450180
441321
14104
814165
295313
652501
536889
190760
219318
718180
267730
469202
242079
131116
778866
756735
512210
765456
939955
455208
478491
127189
851514
837820
676783
424821
616654
639792
654253
896550
109570
391125
191619
870381
349212
205559
568419
264735
657367
829824
522633
878635
575841
932437
937153
547024
713917
767869
992483
44375
163403
760670
66925
417803
663239
540909
658795
609328
162723
336003
69745
465326
3966
555877
246278
125832
985279
451318
697287
591226
374329
259232
647881
500418
559698
309754
237169
546879
235534
713363
768296
371698
913555
43251
918922
73534
64601
653136
184490
523099
878990
939520
525402
743472
470268
204577
408865
37168
48932
403889
36229
772562
702237
943809
331691
303416
323716
689102
224765
87397
757041
156574
30780
955851
675941
47533
988408
55011
936560
831298
722333
926650
292781
351286
624501
552932
544468
532582
977278
105479
939730
226934
570077
565222
755421
341057
226178
442164
835355
835277
121949
510781
811455
15874
591557
324953
345526
216523
246974
326359
721377
987003
295490
979479
506418
960802
836814
54469
443272
748979
403650
220508
885612
566884
479872
725776
860370
378799
911138
414951
933964
345835
694524
421738
307036
667426
825026
204767
386008
917428
741543
329022
948257
321623
450831
866985
788529
101263
366415
383812
67203
479219
563779
245656
983569
878715
153139
182924
992781
697558
12061
970489
437322
109321
174846
626112
300039
663633
933983
936979
190178
74705
849590
535939
989406
136394
568719
369642
887656
795736
326732
371849
496032
369667
947909
50475
318715
149135
571186
807665
252075
875057
418826
952841
671818
676876
326592
862890
824599
432484
35386
840379
965359
928737
203471
370035
314051
100369
833059
425041
516511
771020
292800
483846
99872
867241
535636
456865
548363
543704
130868
333720
367402
695324
484620
680066
947259
840488
832682
277539
406547
552390
39531
967809
210847
444251
632506
571936
457367
311642
325462
102274
527726
791842
306090
687778
30499
687276
744661
132489
769693
884656
407146
113551
885268
432124
263283
173124
936445
776474
59228
815572
746779
223074
264507
898732
967378
951158
248884
515694
49096
190924
140372
213510
364270
631983
306095
324270
496604
750216
484660
676758
470737
89779
841978
799139
127231
866982
28006
474183
656525
806941
304686
95365
149076
429924
351682
640318
383922
403130
207757
76434
636476
914216
607261
201429
702185
920332
497244
447469
788006
182991
204293
129024
185179
313815
674103
396351
683237
100312
975406
220855
950178
128857
802758
266754
813142
134045
617761
915905
609973
147394
495039
232798
917444
463754
865392
10172
331031
167675
783755
34165
690465
814453
397974
558
572186
717192
15871
19431
757046
490423
688448
371474
127797
745080
922483
594966
261773
985060
276613
680389
700372
297861
260584
601618
367422
712956
710282
700929
943739
582803
181816
153623
693270
381109
477185
905865
210656
112385
161278
525879
935908
485860
209087
74638
759908
68204
747164
220084
181567
952565
234745
898588
164497
433950
171191
637085
222300
471543
545431
527834
820947
921673
610808
939173
660298
362460
911062
214422
493569
205483
888871
349669
788390
627118
897735
793503
229500
541279
36045
123410
59855
111003
38344
405450
20771
635038
507577
684168
862740
748912
277231
121588
960651
362990
5823
574840
770212
70092
61222
606354
226367
471455
787874
484991
709462
132608
819425
7725
885138
355736
410493
831835
314049
367505
573694
121569
358484
439769
210540
537281
884535
811971
696428
290938
613140
445418
430957
164759
464982
759466
450180
985107
901127
274323
35523
302796
375777
153516
171383
592786
516184
412196
379078
16017
825558
278487
611003
427316
771041
290066
597193
410457
364217
913272
404948
599688
362501
749366
944870
615153
276039
875128
518342
125989
986311
172154
365154
243423
373072
217638
199512
180130
36891
952380
777881
151700
858116
195685
918176
255310
654391
999187
25515
799734
902617
218900
570108
42259
515975
601751
198604
283672
738952
921450
587138
868324
784125
683728
949511
592483
782258
186783
30108
910021
68667
431386
25288
428466
920087
403732
453973
603517
567585
542499
126785
645588
671165
658270
299818
50331
166075
673588
855489
997669
182389
379654
307074
52579
728308
52297
799248
209634
2178
17392
867351
996490
260485
472514
365439
442027
799268
396911
577184
685756
200465
972857
935442
618898
175291
726163
87656
641472
814377
520436
201912
340494
289189
336202
964335
410072
853832
935053
906111
190561
84991
78810
720420
428444
125323
462625
258850
165404
230427
256251
611516
440835
388795
725282
793909
569392
673209
668672
699765
48344
430367
40070
448801
403671
814697
785091
877946
644897
913546
269517
95553
18159
565693
626174
207068
20594
35190
846822
231721
891872
526884
451458
641628
865611
366684
958618
576307
292582
994852
581569
16198
534503
364550
987546
521810
628985
481908
694083
628744
954268
307917
345710
122792
180533
411734
356660
992397
646622
663714
605836
933542
288132
715042
309218
771891
986580
905746
208289
848973
995806
107792
44646
937373
909243
704876
72696
895262
532477
517864
420328
283944
711717
693830
531221
12662
859851
744369
384072
829404
918724
992065
820250
130223
817332
26618
906026
16697
843230
282241
828242
584763
800391
188056
95064
532790
151919
600301
597294
875557
522466
494760
827188
251250
856058
267166
702936
89065
19633
726579
750157
637157
128028
446815
53695
10595
640189
593538
893057
424595
229440
545176
51556
648200
154696
667023
424159
62132
45436
625733
452740
879080
559114
12806
416656
381858
317082
385089
114594
792218
223219
978416
622995
311092
555615
960763
308182
872650
941554
794882
547450
754490
665861
499810
331538
108804
938499
91181
269462
415021
30439
127128
557799
30989
716664
122918
159139
784311
929484
782370
411975
585031
492655
651081
208129
507853
806628
966776
39631
548551
593847
98111
993407
555663
792254
249842
852941
229701
814199
290352
66076
93497
919135
248998
849178
248547
344258
633283
352123
138962
719413
401076
145629
616513
815292
496855
917476
843449
699051
255364
977144
994968
587160
738230
373467
255848
517437
579466
779967
397688
245267
320072
459718
215512
567134
52911
351843
474725
251991
89142
846131
763091
598773
108513
296442
422689
186260
496787
748020
783490
749059
150979
107270
413737
828997
30741
745812
633142
739459
458222
256007
347965
790356
111834
247881
177646
558260
406951
122981
589674
146489
519217
569169
581166
936311
77078
58764
733167
748198
350778
321337
888865
386413
949844
52642
223378
48424
511662
261515
688457
42206
815578
397806
804406
548144
57436
369692
489227
381586
245870
445539
53568
522284
977386
320724
834176
407665
941186
638523
310717
629228
467054
608563
446635
144109
913512
594408
798513
174262
272402
333934
743280
126533
555763
727550
707493
223781
722318
610427
209762
642223
308398
922135
729861
223788
930170
11536
361041
872619
754834
980891
666177
172888
822965
76929
862405
511580
478293
936749
116449
411398
583665
840313
791472
474786
690325
464432
598643
735797
809903
624982
17757
904360
429901
707707
845063
227232
564169
263116
294639
280626
120370
768568
43477
558800
18166
374722
19710
633406
273432
578155
435555
853227
971152
241829
27776
12446
579236
259704
13008
815750
308452
369789
805617
123523
341760
608398
69066
578693
344235
593152
516898
672331
610025
916187
115995
862331
209554
373803
865866
75628
107363
607101
390
812016
402068
482442
522553
640666
656139
645277
555302
833156
102554
667552
780755
398964
847292
279685
720198
625308
245846
847409
376295
675376
926344
449482
226697
657716
564576
740200
622955
306471
364249
989721
134338
331762
596869
764720
343003
450976
828469
164515
933496
375035
38291
807943
457958
466987
4688
163094
498007
226513
315107
313084
540343
837037
223714
662319
432360
259826
335745
351998
146504
938819
290467
991513
116982
117142
870640
209039
158096
817678
829775
707828
283878
554927
849652
730738
830444
279587
405570
7188
236589
788919
856630
652798
730258
737894
457342
24196
752879
670734
290372
648269
664847
912991
291963
928355
519796
270733
178738
409361
114858
64335
286904
156166
532814
41427
891897
101176
840751
110936
290174
643151
580735
753201
638135
504071
357531
688071
312759
280735
540451
308842
951715
15165
671742
279449
123209
302801
325393
562655
220708
998289
473281
988690
805145
287101
964984
694914
572314
652903
142203
693645
551310
135116
747984
199048
130615
840616
745633
332246
177445
131955
71904
338909
586038
96560
702695
767921
667665
24464
216814
226228
440267
203647
587126
953117
226739
979439
36461
88508
531940
407848
504619
415790
404275
388163
599250
280112
887004
222129
974230
299365
22756
672497
333573
268694
49384
916801
544716
157284
17326
684297
453245
553176
367
656980
566811
760694
828200
651993
755416
751260
142011
71295
999524
827393
282104
841342
56075
390331
32808
362074
841503
799692
405820
335354
727852
555813
43969
787311
623325
498405
60842
595093
544749
620970
357784
309745
383284
885423
211020
824637
477771
86479
797103
808898
411778
375950
984209
233648
141392
533839
662299
392716
466801
586369
408299
144882
458922
27115
627547
440425
105631
832627
929033
360485
963409
112058
101378
685866
590832
129948
350226
112878
450684
890728
548932
638656
747032
798251
940793
800938
843944
288503
617516
664183
799568
395074
258782
589907
466459
1556
866410
743679
301689
184933
667664
890907
554537
272802
162930
46666
568832
117013
728983
267712
89142
479578
101158
626891
342180
292144
894927
93241
809899
207765
942797
506491
801394
985477
338106
29869
13727
273256
935899
460218
598779
578084
362483
883340
510866
201678
763264
48210
63624
922936
822358
792495
969287
693048
57755
14127
231807
217469
733314
882921
536758
130406
798197
385665
996311
163068
818780
429042
158868
613443
55249
123525
804200
945443
675424
161743
354370
294227
632012
151018
600379
92960
376707
255318
182329
969179
299577
168734
388203
614896
918227
970684
305387
125222
781678
769551
306201
213810
467449
289470
525918
726807
619443
498040
823776
386600
894044
950369
547412
481383
599456
64224
744486
449243
251369
765329
644708
272856
844191
155237
914182
944008
950450
233000
896444
890762
542848
334827
329390
301769
856882
890981
150068
129306
250855
350293
927693
281164
658300
965232
397211
930698
571064
913240
418735
483393
379906
285197
488704
580485
837002
715718
784096
5664
911836
360810
540890
158118
411791
777662
580380
995645
278035
745028
269744
163651
258580
136551
241504
650287
185830
642080
899593
227850
565341
29369
611779
760424
776541
822019
652001
915259
262077
217368
800365
887365
399316
911411
810180
415689
864859
169613
465259
414276
624522
181895
858415
982321
675691
677039
767153
633770
235612
281591
89306
171502
430411
502060
403817
279204
823009
864140
365728
766468
710425
855684
392865
222926
847052
12605
904320
585197
378066
855158
822526
354423
907864
380917
314309
730513
349047
737505
545549
66659
231553
309568
13453
449773
706075
135823
12542
57458
925802
786477
601169
452305
432176
4524
876451
517821
914436
262974
388403
338836
313856
264469
208863
880924
173193
783592
363718
210703
64961
616170
130508
340812
602641
941692
842685
544602
758535
396697
358259
879019
947238
961813
303875
757631
44927
715971
486345
654927
884946
386070
979782
661239
619870
398839
904438
72470
773847
752615
204199
243502
158985
546891
189355
468570
298432
291440
988274
74681
43035
353921
19500
498188
883904
768702
76369
203274
1636
973048
911651
162998
369347
37550
842541
195177
897235
499661
316496
942974
193034
635483
169598
777235
223420
420438
271240
394237
448911
443259
148319
272680
614574
909495
58645
781798
143114
916521
501556
610393
213931
195332
369998
195702
181199
509085
433344
854571
821172
106239
874763
297598
821434
953226
478328
50915
346281
164553
331042
563153
701561
749803
123245
355045
785698
205547
988694
127863
904018
975829
391663
333529
213110
178034
463
278133
811976
638894
284429
693882
873315
965370
986857
783167
491813
30626
198113
729082
218749
415154
60284
507495
13786
939182
226548
529373
908419
110012
354230
367336
665586
354191
375104
330199
713873
299633
31219
271935
688862
252969
72516
792356
20092
904118
816702
483456
575112
523156
976027
515493
873077
114074
656318
276843
100035
348639
659026
422961
361235
835750
698105
90538
65180
580252
929855
756912
976585
957727
11313
683591
605620
660077
179844
137656
512894
341540
341520
268061
821168
252662
243543
354928
722195
646907
536405
78489
935187
284119
952772
788382
960630
368711
256750
115766
858109
813129
960315
593679
126368
952933
181803
271660
3275
766764
660255
969688
399943
507041
168603
554971
276672
63675
395928
140987
811328
852329
452275
411058
344148
922141
754459
864575
446963
240712
337629
813935
557548
931974
837583
954957
596202
527679
789890
591555
550901
432383
738098
769134
112338
265452
642937
215173
472624
614304
900983
958251
406926
302623
12871
650750
763055
822795
872766
920757
338511
187429
609367
406634
519266
602340
72060
755467
622353
674382
752519
24558
54399
411899
725386
506636
242177
795831
970038
433057
190541
575335
943137
799208
654586
866546
647748
232107
173151
687318
527933
993037
389944
307807
225981
618265
232585
432462
405266
156019
368191
475692
229812
538164
818807
953743
510363
352330
742852
416384
910436
404219
361572
71545
745035
89830
589607
271629
815964
172656
263213
438631
539687
705400
139716
208793
557533
377949
952742
835947
470693
255061
552382
876798
369202
850921
94497
541934
37346
592805
157884
919986
910993
980301
180557
128832
537623
449981
350105
510478
417568
39379
567739
806792
246800
613325
696362
846017
220636
444485
308527
31176
586289
180347
711948
908274
378470
489533
601165
599095
767955
514581
639501
640751
463579
111306
249103
298776
368611
733932
946750
65505
643564
118417
123388
143208
497792
181959
53215
404620
432174
85595
625370
282706
772498
369910
849504
350613
815792
641687
208208
467231
480448
346241
52033
384891
579494
912193
395208
360081
321338
441406
547940
413630
972017
771624
331643
564983
296059
840397
593584
90590
950288
61970
851359
242437
905384
607045
365035
185654
277840
694933
19320
71374
675894
961842
540834
210442
890989
905878
386335
623482
238085
400170
758918
710729
410087
698106
446660
475533
346336
33457
289304
916928
732988
568446
674134
772951
451818
857166
60685
82231
535699
134594
180918
134374
347267
82159
370216
343239
221475
526877
360808
749094
156918
430941
33193
517351
252931
295676
796934
349073
819216
865282
985771
541435
312435
704319
766600
484582
994392
822728
446320
466077
375254
522993
986426
854675
654279
214835
649769
14022
834532
178712
270783
308122
967353
320111
700440
409444
813833
789684
734237
735198
656836
541206
906050
926243
24714
652651
199500
321391
214913
26739
280425
223693
429717
520511
737344
855212
886129
946998
460407
354753
418098
529340
81634
568685
472187
886974
854534
5034
889711
140395
316681
870604
747708
359940
489058
699884
328158
870846
229997
557970
939215
802976
600895
543831
613066
436700
108365
770807
286818
836976
257022
145858
842457
416368
828039
664521
215882
108792
908935
112772
501020
432631
228439
620513
503844
172791
617986
684389
561691
707185
379350
805882
362658
386095
97333
345294
465521
772362
150836
407028
961426
730968
168517
335620
770635
843428
529954
666777
771685
628690
745574
745877
788380
225844
899103
338577
636863
189529
105232
15662
142303
995256
31050
842243
534963
189686
121748
898242
444765
224348
107265
163010
390521
994089
535415
830309
434772
148498
978358
383955
161944
300178
882511
855895
74462
633513
815782
751255
984001
304108
30751
361730
688151
555303
554711
793232
384231
197504
338144
433354
462488
664199
58964
903634
458765
141426
509172
283869
87003
287142
462890
585455
444216
842388
587889
952444
464933
782972
172709
982253
156198
416584
808246
321475
504859
193436
438210
256321
293442
315708
311749
721279
690476
4072
301640
768528
7561
684678
644408
120413
558383
968604
47640
901451
153595
184842
975184
419392
489123
43295
36345
744151
662448
388805
690926
140640
714453
686387
763432
414290
645031
793298
807417
107625
65284
738406
955724
240149
443051
754163
975312
537859
232873
599530
981273
334052
340878
981096
591963
396884
915299
254161
723090
388554
925570
197107
349996
89313
285368
504759
850800
8254
888993
541870
492637
235123
923154
828530
704302
159445
545891
97268
124556
299884
841168
482721
357284
462730
366338
902398
455159
577787
439210
676344
196981
483258
785243
895376
748926
904738
927205
221903
369558
389339
136014
215455
891874
723836
512798
562312
879389
703419
311432
797775
453803
60779
931689
57204
217144
293213
920756
442892
888408
696259
496734
233554
338699
715265
703078
981488
994322
762172
737635
539597
717327
385332
481522
774867
948411
854136
936161
218247
448586
838610
34236
186334
16369
102397
317807
28437
319126
754608
295846
93304
241605
206207
433153
166291
541774
971419
428844
492849
304712
787244
389938
780291
733404
49929
4321
280547
76805
936803
895687
186194
841681
124107
608015
262969
31641
188473
872347
225509
825063
873174
429698
398765
205071
941974
115652
186199
275059
385817
189168
171521
936009
337215
562952
810810
893957
850402
195242
938838
448868
292036
394572
205567
883888
236906
315108
496896
347716
861855
98590
372760
812604
772288
937535
235191
253595
586228
804074
385626
227565
557917
920146
166357
892409
928414
91080
695358
203760
46350
418980
944748
386873
96569
397110
619062
525357
60838
570718
944692
985085
750068
239650
53019
984074
804912
919511
173973
598807
247804
589409
265722
201334
955421
645913
284536
456476
790604
970721
350763
702027
775408
162967
384346
206706
557330
983215
563397
893540
855932
365142
304411
609355
136803
459124
801701
794926
34784
584836
941581
665656
881915
376225
332617
607815
61575
377542
105129
99471
730474
937310
977074
602138
296986
188127
27723
611245
686697
304657
875026
892403
259105
656196
367795
200781
961982
591777
152618
153479
215248
683252
425420
231462
158644
941294
640544
735693
638249
525485
899381
410019
837469
155297
877666
418552
50034
135367
464772
48226
11543
934242
173537
91474
342386
314746
119406
530264
510698
280040
42401
654872
451928
964152
587449
848229
853257
349125
35322
946346
968736
964724
996888
170347
476522
728316
29573
156604
782051
477145
106225
351118
629757
741988
805986
603193
725351
282399
691972
570730
712465
273110
479834
48681
533038
368345
915994
924705
276726
180265
988527
494218
588267
447320
410701
155649
582887
115073
925307
720369
897598
485044
366345
498870
857556
960606
669066
994596
279622
296017
860031
327443
851180
56545
903643
318646
143258
562002
664507
906906
30918
86931
404069
116328
150258
321961
328538
615529
627395
518967
861934
877366
443102
685438
153053
356695
773639
405238
979102
182785
978053
425130
992926
777775
773904
578328
414678
144687
125829
793671
874984
102761
640828
763741
171747
18716
198670
74686
343580
230125
490174
104362
5715
60515
522057
935198
487706
214070
458744
2251
931560
184815
290386
229237
245561
317881
485062
682772
985801
102354
817559
204603
694012
376652
48407
323013
497982
930536
781784
640026
542125
651825
774538
201229
392744
919225
362455
413781
688410
259140
742473
885743
432731
776021
325523
694499
736323
694828
747551
604727
79884
852429
235453
761816
652819
855103
323722
397594
945335
672860
923924
875684
825456
9419
204262
649588
994378
434072
736327
456529
447186
717798
913751
242515
695676
21074
861172
580146
347781
340464
392010
599575
852458
294001
153272
303522
743796
78642
701544
767874
620193
825457
508276
51834
495777
983952
869869
868836
338448
358949
411547
415377
151799
744429
193428
358380
77487
766548
825773
151713
854556
452051
438811
793733
615638
348819
764712
275703
901046
89680
120124
118238
772172
610139
669868
546035
639538
846574
881061
153537
985740
571617
432679
318784
827376
788174
527211
922708
825504
614730
327978
408313
337952
707257
181614
327040
783032
193720
509607
765002
313646
646352
896872
198114
543710
976296
495879
97880
524903
879198
256083
6567
932954
128377
17480
215023
776806
256744
100678
148440
289093
959692
520606
948191
217159
171256
359570
805294
733666
107195
605262
428244
412804
624884
539776
562811
935237
989781
777342
649385
494945
329096
29412
44415
162745
889306
64134
557281
590031
694732
868104
939994
988071
429423
316083
25384
481990
58996
413360
727427
233160
859091
68999
316744
132068
240929
92054
682284
503812
13461
772881
551101
678242
584479
793925
687052
504520
250999
223055
741455
447965
877863
328298
119794
32635
861253
185834
417442
645641
962675
290479
952279
494373
440876
596067
538598
232829
413706
523715
879925
454495
618097
516719
717407
32931
83607
843643
516238
236045
935885
727387
157057
90158
250447
617715
991760
168556
522589
614799
453228
856124
464521
182910
935104
495122
309663
234178
874768
538491
903777
292672
80103
336242
298203
788849
541287
590820
705275
822002
540711
234938
351688
927131
398260
151801
986950
173863
750185
586606
225622
454985
444999
599082
821799
826164
519847
612616
153926
145758
173006
748085
379811
916692
186949
641075
598120
433093
62241
393541
479596
806817
609896
832443
21241
537320
499181
636056
24404
809000
9816
104603
763143
344748
25098
777837
43286
854072
488500
884402
506020
336283
757305
873143
58546
805545
550807
987094
307081
353589
3553
145540
61773
907597
592986
786874
105562
323624
69701
621990
576889
919602
307718
435837
610457
161221
449245
138615
619049
496231
589289
203584
975306
66005
131501
128597
87353
509804
917928
636795
37206
15571
350994
734321
10616
338207
710777
957598
133319
314017
958465
165445
407503
478980
522235
589532
41398
781947
191510
264529
896501
701982
730078
328401
871473
13565
18993
999417
321433
316915
855361
757161
4617
442928
129057
476382
64790
500115
5089
148330
503405
431341
121277
827450
232167
555660
660982
417762
768581
709870
411792
983063
764842
752108
149279
607082
16586
301089
433794
838548
501232
327412
715534
819884
257469
725373
675741
110601
606167
930453
435114
372120
132685
67165
501242
159847
891577
316821
6410
405491
46041
404634
254538
172089
390771
138286
866819
753333
463630
307501
660245
424282
743387
543111
82853
949713
443972
495047
201524
849853
943734
13119
420897
894827
671784
588900
284280
813938
756013
196688
150431
134546
899511
858764
397850
461161
639402
665169
830871
346863
106731
802149
31519
948720
220724
822557
490948
51145
362257
643565
87540
221919
288528
569579
26173
699980
929671
667306
885173
242136
55757
532005
715565
28093
914678
315073
8733
880305
53495
135569
29946
759803
731448
82651
137506
232512
198848
228251
714665
305800
963693
962069
748148
580590
725061
75979
192277
309395
243652
362772
78596
107526
923328
28253
407059
146672
402987
810974
387084
261710
867347
748219
629395
762157
868637
245176
585837
411976
378233
518857
176094
109910
501723
548707
198682
510237
796826
70496
28926
100350
508394
953483
543510
646232
911296
219932
593728
764239
73522
337039
803074
856985
343087
619228
361800
958688
567736
743666
579649
267878
146542
360357
357627
275264
413526
261263
883405
706694
676848
646840
318303
296934
636125
964402
755052
832545
982108
936086
883145
618290
206012
303033
68439
344329
403842
931218
624111
616850
446580
547339
473990
549027
458920
907023
53116
859716
98239
427646
8099
136183
97873
719973
736683
468448
782353
210507
181537
805993
802168
285431
975525
707565
654409
878819
976177
163729
801368
818296
588921
369208
974618
898447
778981
617238
571898
259641
949502
220737
88560
788680
139238
555285
36941
967078
100170
57517
460349
982838
6500
281500
790991
462121
439110
219476
979192
5009
5024
665059
155224
376901
204724
251687
684804
195199
558549
751886
838643
61507
798797
240095
641569
641819
654424
359348
702956
123905
6044
63462
752708
122803
154558
41422
392253
312792
124114
345666
958486
750957
650856
478547
805627
648569
131400
591530
211135
862572
219468
468900
333727
532857
266008
761563
334908
779752
748989
653881
305386
602588
622080
163470
803824
389796
593871
303515
447761
103380
261469
452032
203092
463658
518196
715903
429410
775753
761172
374983
457154
222070
342679
789273
17909
433877
164089
747950
552596
235066
145423
261557
374333
750303
242759
117507
309559
102152
171051
955364
792037
472121
949788
765285
261190
219968
236310
357723
891651
380769
713393
666652
958937
229204
896475
638896
710783
494999
784598
352017
160316
568245
435402
45660
732267
859786
424805
672773
719669
471157
897622
76251
909694
471190
194200
703945
642611
939712
957193
431445
659618
811237
26231
253144
808297
793713
515952
172893
859913
205857
160965
183643
658066
218927
248054
607518
748558
963763
965327
167330
272493
371579
22347
152374
583958
771288
223938
436436
263212
920334
204953
439182
121865
653398
398895
632584
924792
137432
770967
263353
135188
329389
232122
569529
339014
386980
544307
293486
428849
710286
295755
203361
991912
29923
202338
318067
983424
921431
949369
237386
984268
570103
331845
482922
375037
268316
751176
817832
49535
356532
212075
235729
242201
490585
339252
886192
490646
324969
763741
591869
787689
714612
800596
963822
106617
862543
866214
929634
844368
360000
897596
324936
126449
304658
349562
112112
367403
777261
429326
10667
140286
165627
182989
852545
562832
988900
723920
392270
586743
197374
996781
467874
539937
259251
296924
345184
794647
667409
323239
992195
613593
475536
388470
845361
739788
303840
514951
126852
843531
209817
396145
893583
236064
490960
11191
724715
24413
872380
394237
278525
192721
442440
123039
977025
471682
117687
629084
236602
777360
2370
49953
336734
395216
991403
147376
137883
472467
257464
428067
929664
509070
689792
307317
219321
399462
492140
392342
201801
951357
928995
443951
370880
258168
30196
455661
686402
116017
383605
268051
933513
863015
104195
416288
975727
493468
233961
248564
14260
688439
893129
376495
340885
849977
808572
550087
683246
933936
290368
561630
668648
267177
269597
940766
120478
962227
370002
498158
916980
498489
416878
860515
172529
623065
947868
235352
775816
477540
993548
154236
375885
237729
723469
247432
717709
506862
892337
428779
204244
536770
283749
469910
910160
991707
531785
895856
275005
653355
566940
298698
134828
73478
274802
796548
319418
865633
557777
811795
352017
638463
683291
793839
853440
411458
744570
962147
900646
34350
114336
816017
697603
584874
843828
530590
428297
865158
848992
145141
823609
88318
565563
786013
624740
282291
438216
571691
264984
551104
129413
820947
463958
140981
773760
468917
254509
642149
833528
95341
691927
339980
198555
593709
512615
740327
274664
762537
576621
855414
462984
77962
949663
656569
452250
606415
773663
408446
62177
210228
969103
34798
262143
127079
975164
906171
748705
629951
45842
69534
233405
744508
795910
148494
275058
478929
545738
928945
71273
976144
379255
541534
409112
385817
291878
991736
143075
950794
495381
149061
530017
587637
78415
420207
606002
300983
873940
51097
399727
326618
913111
975200
472077
624527
26990
865959
136459
89654
990480
93089
759750
857019
901174
371032
365857
999592
493634
482582
108564
760744
532383
328469
352279
275311
9732
841792
813404
172283
654702
693210
641070
69531
16250
82005
155650
353347
721230
329377
288600
2352
234318
907770
209448
762419
838136
902422
401077
646067
498987
589874
989445
834111
415361
886621
388884
206304
202900
85736
680530
607707
431086
923268
250515
278703
864243
264449
283082
593430
112601
751381
596446
510081
604119
405767
434077
443938
93884
518992
901572
396180
102626
671071
618876
628688
931189
358451
341904
144683
537206
650136
625568
761152
859775
283530
473100
353427
478390
251167
111780
395066
169823
831140
796207
354990
540977
715340
772503
661423
171342
183283
708673
11993
680791
143288
141206
331805
906186
129829
496913
803803
680566
93756
236782
197608
354304
743373
167332
962702
447812
148741
728453
781640
54904
796088
975692
94801
879714
69496
178019
853380
897272
384170
516253
645165
5781
153402
516891
660920
734671
743412
671376
551807
967933
520729
175796
790598
102022
767292
292563
497690
549136
426387
501538
120983
103506
115906
331755
534433
611495
688740
750722
351273
160944
445036
229413
45179
770905
774200
60223
777036
771546
787652
892325
919079
59925
850578
363146
507831
969255
663955
85231
187512
65176
527543
984453
143661
229053
944880
569278
861147
815139
542319
541713
955618
388187
148713
677110
219098
239092
423178
447662
407363
937248
361153
189238
414701
295785
339083
655452
911307
778535
185619
948723
836181
449183
107952
719003
775572
482627
750837
995802
64281
651994
874716
439116
116808
298773
90699
530634
552022
434151
846715
233019
973678
697123
369677
708333
378918
166909
218017
477927
105331
410569
680964
435164
295188
173792
730757
652303
150707
173616
239095
277006
465709
974997
817666
177468
221311
447160
907873
624414
535948
219286
213751
505784
838368
757694
757635
780418
715118
676582
501398
911235
605762
357833
454475
201074
651334
950669
398196
978666
159118
981463
985637
858979
474152
651161
95524
387943
82915
718456
771320
375925
919060
899589
4913
505367
11675
527311
799114
100832
439597
676736
67677
911333
334499
551342
93811
666296
829817
650181
181332
600160
291663
190503
876605
643636
636261
327561
74732
170823
793284
398891
714097
897109
119072
101499
192024
365826
24661
503871
335733
660534
618106
416020
106572
394187
640455
152071
396747
284387
904411
801986
210249
849890
49197
698033
481910
821168
436438
23279
699974
389523
802049
20407
610104
590548
483715
212797
490491
16560
522180
801377
569951
911533
907112
956556
488413
581797
636149
252026
65172
513660
785395
684477
701876
388267
726365
81221
400817
225705
464541
956523
245578
317287
991513
744213
745154
77076
896186
659352
323560
912315
805108
816299
154009
578909
300194
355217
708103
113835
873772
48206
933359
741883
397398
468428
628455
378255
546128
868728
115513
257218
294869
563609
478032
117265
430146
180247
272089
435469
123380
535072
842705
123743
739617
428025
317164
749033
80398
676602
831964
86968
87938
952076
352669
514790
325629
251014
353828
461802
467134
1051
91866
181997
546246
824608
211286
129845
963638
974399
891307
980184
95068
778959
539991
761846
812703
167371
189524
330869
851183
429504
200585
669973
333567
942792
757056
461356
376342
329373
123400
727996
239271
131766
307569
838698
17895
14327
875243
657214
162809
261477
948631
631691
743028
573743
500321
750853
454375
293582
190497
716788
549059
133240
721946
67989
686567
903217
189316
844826
721885
536005
110146
635780
756398
307583
932585
466972
628962
29867
729863
524386
135286
800060
881469
262386
365466
774976
294917
732892
324209
665093
381404
983188
604359
575634
560354
836767
190847
777091
347527
266933
487895
655386
330986
482880
18230
201089
877995
410138
202500
270399
444982
680340
287269
410484
170132
821985
402313
938331
267004
109643
388266
77490
191724
458814
49656
35851
933553
17633
671820
265655
51901
795330
403014
441211
581602
541541
812505
239866
476279
862700
880376
271371
766079
50460
729622
70238
811025
685172
825241
50775
34773
611815
635803
919689
703877
543945
942104
339975
891690
405965
778052
455698
359952
398146
826271
634994
77062
653252
23545
531609
37135
569214
567944
759531
938986
7957
517053
68138
419609
80811
137936
337932
136835
264471
647935
732646
898547
794247
286743
351752
475437
389469
504429
894283
49032
761344
706633
157528
440697
658350
743427
259373
998770
511396
220072
956593
475022
135853
394602
113659
31439
177992
198691
550804
503865
837820
579374
483956
956279
378111
350192
929088
356596
890590
177029
543868
778491
655825
297096
319836
605935
714813
450394
252685
426388
480335
320408
740968
357798
849197
75603
351568
912637
844963
532236
666170
801469
371793
590726
933236
362203
251600
292010
801664
604879
850260
209637
94451
578170
926484
819205
693509
892368
968692
77360
489488
187635
619560
713704
685454
251866
593803
436868
716606
73930
365722
605035
444775
326995
416862
105963
794537
756007
508668
995514
177992
465548
808921
555043
698715
314633
708571
61521
493678
645699
489785
138235
516636
240141
627220
254554
749962
790432
920594
717280
83424
664663
168616
359883
143799
805476
379133
5099
877056
113498
306049
8068
344072
358344
234694
436215
706327
536737
528317
511139
809096
726155
86365
615580
995330
475311
593336
869888
470001
611628
559425
901476
425472
55692
788215
96231
890230
417322
213355
204792
885568
805507
120415
306703
153219
393770
419841
417120
407775
202013
459081
227362
860763
283026
341291
544422
823336
14735
878208
369787
430216
447355
897741
375687
680349
594866
556198
349237
3111
526258
279617
595924
360970
592084
478624
252994
327726
203252
596346
820896
43326
490597
387409
476096
800594
953451
816480
96905
504249
477014
809164
789514
50863
385961
920106
839521
673167
543009
938161
469941
914683
675853
507005
459092
764257
914921
906402
366570
87271
408018
90713
176037
697473
574095
628681
340232
359130
373089
174965
652263
195296
773166
40102
856513
696496
782421
107879
988375
795727
752221
827063
813099
139554
642378
494570
252814
943997
419899
615657
816567
158985
587240
12829
454937
189822
250601
896502
202297
420558
183998
576511
477825
323251
973367
199263
19291
136361
903029
822310
763135
295345
125496
558078
265493
460126
105243
406711
264872
287553
960170
445551
291763
176035
992343
980946
974978
774222
851464
33134
293000
146939
132889
499680
559578
7006
848758
310581
107638
329619
697009
644879
642365
982315
305220
777561
624726
199043
378689
935460
577169
536971
239613
624078
696184
715555
846907
401032
457138
874994
72601
220212
3411
638319
187416
423240
79788
619829
932051
569909
682604
550406
316141
278659
127713
814482
148035
198595
214304
590145
20563
734952
98658
435990
516958
277802
336742
20193
843662
429574
119201
478600
715256
389878
473939
732517
525916
584187
443859
148655
955936
82638
977614
673891
979642
546589
900516
340394
801743
911878
40593
691517
155826
677691
720703
148920
817424
70588
858728
117209
453653
925988
51623
401406
196122
733979
516289
40823
716350
406376
379393
159747
399343
59920
492043
970280
523676
999349
922943
359426
150227
275005
262128
965936
306674
911759
710955
630965
674252
779615
358786
170761
226458
874736
604860
929835
184187
243528
958369
220106
471352
235983
438333
571586
878966
227979
67375
316700
952909
473234
131752
443242
571104
452850
297173
215043
121544
26925
827007
444493
434537
477160
266534
168874
438233
489867
119113
367827
512471
113066
714724
972791
35960
941774
288327
548255
165532
790073
362917
803398
728300
983037
921452
269323
849961
23295
480919
214140
104642
754172
980355
91762
380297
569952
902095
315544
143251
404752
905382
220118
233227
464399
865641
38949
849112
531198
840272
362642
741193
783207
34633
382942
344268
309538
860696
922840
974365
540234
547939
743396
740057
829929
396275
637262
620537
112031
404564
950340
989654
557127
699409
112275
786716
98879
433543
589619
893896
950344
631016
84014
528239
325989
642351
251650
872175
714220
762532
473625
199767
619887
528481
226596
425503
133069
85589
164220
445886
848030
550065
796634
326619
593669
734215
281483
989382
391203
931706
572045
781675
100735
243285
323759
656490
945824
418472
178771
536968
964125
166184
533335
884466
341173
67856
616794
856071
683232
873843
956820
778343
103221
61517
181484
892041
604538
856282
726580
645402
790056
253344
968788
863427
937697
763646
897781
457094
200838
882414
551879
828794
936066
710890
170276
528101
818692
644779
758998
339544
796941
760533
876650
244698
893036
364956
560640
532109
460300
819100
608591
502230
383340
243465
890202
762335
603030
926286
191378
932491
472184
679437
773261
54311
523324
384658
560345
575291
902409
869610
946179
94458
29517
474378
25564
525138
845556
374487
309342
74725
778655
142444
218399
824518
755487
681753
828022
629266
41517
836918
415384
133881
757921
305967
780607
399295
444565
68650
329578
392041
910059
954861
911573
3422
659440
459575
348599
169860
575590
754663
141580
545619
506977
92659
924265
485457
554554
732135
622891
84617
293307
143024
163921
817243
372798
681036
954784
859545
481852
315833
76500
47650
233103
799114
485169
500427
204781
651197
404885
103233
679736
372158
699674
85962
74556
127083
243132
173664
978472
914927
592477
174319
506337
438468
388928
340060
374430
237374
552148
46785
600418
817909
364040
988182
463064
952433
77157
362633
468931
422137
912817
54742
782020
643167
299105
76416
133671
720614
853276
360172
797596
144603
762530
194100
488203
457797
364019
704355
885688
539982
153972
488681
688804
460021
724675
338968
827908
748372
64888
920212
606146
177275
37448
615438
549032
529945
732010
293264
747240
469372
732887
307794
788946
237582
866361
662944
119044
834938
828308
990602
302667
312876
549123
586723
185398
547806
101774
312323
198509
158549
975407
732415
914754
199301
166926
604126
950115
169713
798226
778198
74825
367869
88205
791598
873451
403035
460358
403122
194726
422586
773959
99870
466694
810561
772666
699193
972191
963103
666736
34864
67572
665358
468188
117248
15798
916145
312399
351179
390483
44385
201290
299666
964950
353672
372590
317458
450710
48337
97177
494573
603773
46018
904552
699695
812365
522281
411066
272489
103882
46333
384320
580933
99470
244469
827122
611405
131017
588376
328007
421265
146604
643346
272219
836902
132697
153222
754310
324636
941079
123995
290664
976585
406825
448802
892576
321504
451546
354295
214984
836123
371966
583541
173254
879650
990264
708878
556347
410014
544953
171905
604101
691885
883498
326350
79381
358046
506093
238346
122800
597140
71597
807046
447186
237669
591315
664227
652253
878301
628677
892361
159306
506749
279957
176769
860990
661249
646678
706817
55181
814722
657676
728910
16417
383399
508305
331172
311404
663031
771374
789583
416354
136970
135547
995586
680908
724556
833355
254212
547260
652562
8792
956484
273781
695840
167352
580937
364638
549319
299899
854211
569091
307898
722148
629101
625319
335950
678839
720997
436835
72817
390221
208299
902391
280563
968805
87373
121475
938068
464839
448409
511011
400205
481598
18615
863219
20849
708845
910004
936011
633043
87262
566093
720160
207523
554890
138732
251199
152589
310652
462305
548035
10202
233636
688032
129210
414151
193849
246872
250861
864578
486408
538419
723342
583869
95935
290072
35809
953357
35443
757916
500406
558932
16668
756254
448739
514770
168855
367522
954425
390727
962566
441042
440836
797284
658777
963233
723377
758934
325007
171259
358852
178018
491896
871378
773854
148141
504845
24533
11981
766222
769930
945598
883551
913588
639191
756347
945437
726280
436610
822189
718757
238563
623468
588786
572656
608820
289431
729869
413132
201460
859842
15601
345867
780674
121220
708137
405061
314315
29298
470357
84008
857667
301746
665351
361852
13919
999605
115152
284680
105587
644952
653975
563617
845612
236112
524132
255101
3871
89842
71030
749790
404021
794374
988893
92243
586238
62151
844731
902431
31412
610744
829707
997220
832520
692456
583238
821165
463330
574570
642086
484966
489573
314229
930881
890928
70705
706722
795525
294290
706199
637722
864275
218589
624076
963277
691345
166258
167994
704850
219202
441950
59993
144296
744897
615776
328371
261493
411899
508859
755606
251076
315236
551867
744990
368231
812043
212029
301642
977819
416839
988741
604804
105845
809814
449371
167750
620908
196153
873204
653696
561717
259495
5643
530715
306590
395867
771557
605541
356704
177068
298501
707590
928170
299152
536534
346065
131178
437028
791418
626683
226291
753908
971093
823
872097
709501
839138
247857
878031
606857
94316
866758
669309
614338
584107
840690
252594
120373
76646
54233
85963
349120
407058
27823
362861
628686
30626
587919
605386
632156
307309
994109
980133
514611
790366
253064
178976
22714
558768
177495
337642
689207
759946
217103
816058
436544
404650
916502
580686
688915
384069
425832
458782
508290
782594
525954
224077
858525
448308
789485
57368
367381
345860
91996
831388
15881
378130
420614
384960
538623
390634
496842
465406
857489
684009
437342
639568
582992
886489
595645
549261
627024
267377
745142
3615
192363
23871
40557
250550
759382
233966
575265
976596
856046
151857
180942
344752
641677
209914
11183
423302
199917
268956
162317
252488
608904
180484
566039
307030
738869
96995
121710
396309
645166
182948
133169
780641
751101
202276
748094
298314
141557
867884
204352
535401
608259
141279
495785
391018
448098
487512
496211
282365
795142
52320
819452
652521
233416
148655
173213
9474
406941
74159
706823
159642
578994
583320
536489
30772
731570
237029
691169
804435
396774
167181
572165
218119
271155
701595
797042
80366
280920
344361
944974
902033
452946
378828
258568
925345
782702
104894
78790
806001
665395
440127
409636
224851
897609
683504
337071
73342
112049
248457
972084
133346
753346
617293
207583
371959
309057
425276
524003
673304
8583
526302
766416
299960
797023
477924
25124
519113
904814
214982
580568
534119
839479
550554
971409
487648
83809
696208
449976
220744
473084
508700
571935
793349
971586
116588
74781
329759
621762
518353
672804
261207
31300
771973
109640
96639
630961
83985
590311
59797
79540
524632
5752
969871
844805
753173
943300
134310
366979
134912
464215
722767
810051
281515
969325
919656
230813
229118
229687
805084
383074
245777
429037
961771
708686
299110
314920
982660
532741
294915
325772
251361
614739
202198
276464
74749
631040
85574
833472
537452
667241
533387
940010
101118
175479
462917
895328
824958
727248
212737
783792
356986
913320
795524
833874
525727
972840
440037
530756
559604
862215
380579
31976
67056
2147
56774
625712
706121
319207
590875
589890
903577
317489
360773
423980
78489
168423
229849
193157
627434
55406
795232
802929
674704
653597
131863
738499
766050
252253
862561
360963
342268
171679
247310
566230
588660
802321
655947
397671
223602
358122
973572
135156
58838
302931
219596
714842
442751
120772
196317
667949
127265
472442
772577
361235
435398
785065
731416
958773
762339
470822
368857
7837
921580
595389
794485
199181
392135
708339
661974
254929
185372
389532
996372
237528
598124
919513
739085
203097
646075
310626
503189
770417
907728
624750
697570
954337
971507
288240
591261
631880
187595
898114
575853
403829
747669
407518
655148
43287
491988
635839
709772
61629
908809
60337
172890
628663
84166
979494
659462
332725
950486
793870
522056
351957
660895
755737
394742
987699
387541
945102
891030
242192
8819
50802
330752
677547
583144
209884
309991
338907
720478
820716
149023
39636
317596
45942
438001
42455
77529
132404
298616
167681
737005
754849
810165
325004
173458
34685
281813
437572
248416
748205
167928
323057
655655
485334
546935
287553
225861
687871
373855
793854
715995
994123
327911
837135
585131
364949
507020
754532
232795
662022
367287
377441
979815
309603
689588
33572
498375
90377
117489
75089
972380
79116
838435
596408
895568
134725
50794
795540
779016
922364
900926
925523
653950
757869
786209
118535
165264
770335
63462
185975
912794
348223
58362
733724
118333
618353
824030
311407
399361
652237
659266
59992
974979
385141
785206
813974
542154
505184
984471
413694
923998
426152
260863
398294
188289
242170
170475
636419
193919
75179
945387
489654
728836
966583
263788
26692
783614
997887
185494
514553
404299
863385
227465
414864
598114
64665
297665
951586
43949
454469
699969
2680
961831
351231
848244
526343
684347
803767
691258
941478
963201
216070
794922
991017
813508
300139
951647
972860
860405
264567
147845
719578
371709
838470
661915
407067
302546
321514
431387
378491
50467
731503
850120
465636
80061
670832
811767
325445
345763
420092
481319
946159
854248
791871
992537
649999
555368
479885
593903
359546
972328
156667
643937
275203
958881
54003
506451
547677
219475
312345
74036
548028
197337
560040
971528
701886
217213
690670
997233
608535
613210
898893
306129
860289
265726
317905
702248
893373
247936
304894
360917
624846
978328
334035
584926
385675
868787
562847
921705
87324
416757
723564
451827
603244
271940
513292
206779
840761
882149
615974
164041
449286
270489
758927
232886
230474
24703
93612
475066
967717
154046
502945
810083
116151
723648
225236
199779
910184
273485
527758
482826
184853
543590
398054
883688
579194
450049
109698
229613
541126
291733
96921
653529
890993
125914
510573
926944
984900
219250
282627
698774
808590
844431
131102
855214
373840
551444
443997
715145
958206
665055
261856
257379
132817
183681
378569
696714
642545
999879
962948
374045
670986
624619
692071
678395
605043
773213
981145
662446
439749
424779
107941
537022
898293
190859
658543
35466
767094
609479
705522
158328
430819
593920
380391
252520
324725
695902
996715
626875
610965
518034
991411
548119
551504
306170
455088
713067
631760
510333
827811
919054
730297
689301
448824
853300
737729
573839
508215
562867
572323
569381
410849
332688
489412
419539
30508
673267
976174
771800
913369
853443
186604
14948
36927
514490
2597
826640
677646
852959
167556
956809
22526
658118
436191
197319
626827
844586
641776
897082
248118
681531
927329
318115
798879
832046
196367
974191
563065
110284
486176
929259
757274
269242
85372
493519
222274
133648
846976
490902
747563
545638
543819
326694
271807
772714
494597
616655
681690
374274
97234
694766
377068
822744
788785
455596
785634
869031
657210
427315
315737
782520
903753
622324
502341
780183
899691
233732
715167
904763
18570
635854
366327
944614
387309
364671
581296
46460
185183
982379
496809
339509
518892
5610
932491
91820
615967
313130
509341
644815
734289
335786
788452
529157
253000
126902
24086
106552
324134
907789
68309
222443
144791
776350
70129
54691
184643
336554
676399
901424
15795
798262
843745
359875
365869
81825
442907
887881
537847
688779
328354
841614
609261
324890
593179
145019
167898
627957
903346
479816
591200
340731
262908
554717
273903
754809
65709
263871
316
422915
217044
349451
480542
169491
735559
31177
12234
927539
705096
208814
392321
43769
344948
957777
245698
957846
715116
749757
410362
574134
447860
892976
235702
743657
223310
954685
401712
526231
6496
88660
449821
844880
475612
769205
76888
233146
398744
844619
682892
119108
487442
716592
191276
176471
93539
313558
61427
905061
818342
197582
571945
968419
460617
541526
813195
278153
15759
126675
155375
936778
776449
756632
403131
555502
916584
512750
229172
938886
838500
906375
792671
186108
39783
381502
247888
779295
1756
442566
280832
584417
823617
904099
345572
188032
394871
380243
146758
91591
854700
27651
772105
139236
281549
359143
397235
312288
824668
949370
740113
807648
8792
29308
152696
64613
574346
124798
105433
325626
383311
261621
672782
714610
331602
688883
508679
158149
881205
733194
507382
903989
92730
190163
235351
484450
644423
400293
721430
434594
26267
355023
680859
22699
505505
514145
125245
361563
341891
150344
797969
882378
117717
601145
531492
370253
298838
362048
354835
911238
810745
351346
443460
219876
597573
335409
56012
973348
516117
777506
490382
899276
630033
940951
935976
941152
177012
135404
530196
23041
448635
863295
301999
417242
657033
154141
239798
9626
595789
461196
635090
108799
251420
658672
361436
177829
23265
248764
164905
534428
248137
209863
168401
44891
646658
45798
488174
359941
369690
126946
218526
421361
612731
592688
36087
36996
134415
438303
27718
629713
986065
853838
106520
969623
696144
434852
615983
688259
810942
957758
610150
553104
30316
217282
857566
788009
859965
213520
426225
872709
747707
712267
835100
520405
782426
32971
19639
396363
477404
403950
962693
265631
95953
427844
520319
242228
108030
128104
587731
40518
23880
86857
856580
307314
648631
675612
55548
142551
492919
747896
852602
193444
913039
594217
980631
348654
215044
298446
123432
280493
69844
143599
656771
949362
216536
68070
613722
839087
312683
929858
350448
161072
690433
603687
580661
532893
26086
511541
749068
142283
944668
852562
396108
127964
382659
954183
931777
930689
957591
78218
308935
218963
250475
170548
230692
760119
611797
249341
451296
364523
135428
66674
472270
4955
108502
547709
169257
512816
281137
571096
772139
171503
663249
957146
189094
842806
170530
127067
588819
710029
633941
735463
693726
521280
636061
941062
286054
173609
776914
861428
489320
334966
822784
906847
680932
952914
547183
220721
822197
539289
825258
931772
146814
588090
881927
829337
302482
524754
211466
622678
887057
963216
180205
453880
168913
281449
879108
371934
999481
888307
414732
235427
899892
593406
644372
645280
569706
77478
298160
751825
426423
119238
497918
4032
434614
473309
427204
3224
455300
366724
224058
505481
114938
613856
636409
277435
573109
491280
741764
855565
299590
331050
389289
465310
957575
771580
314125
388472
615050
844753
386165
730438
209232
209239
331043
27203
391750
934811
121503
17625
417710
717076
340074
68134
905557
639609
844488
458309
55249
52527
627994
732290
452173
735660
558952
968503
593087
638083
437547
965195
23206
952586
317424
962635
965140
96055
579775
513887
744099
622700
283903
911798
682946
681552
305674
562511
831400
845710
264218
847505
60115
3820
935839
615761
491765
700045
342232
282066
694208
313544
670530
178943
170690
183435
261483
333353
383176
18886
970039
77122
546928
334632
25224
586482
37268
296220
356361
473336
345139
266860
448848
261649
903643
580530
447276
129950
387923
684903
292176
54486
731054
861329
590050
232191
684080
317867
526618
739671
135552
989331
123447
568664
20284
715530
80250
260275
591857
294451
781489
511339
662991
691621
357028
695114
566224
609110
850761
920918
614405
839794
768805
457160
654788
515636
768195
577887
89271
336501
335566
927462
392230
48452
38914
285989
382800
145243
105361
236387
180036
581171
56977
697238
103525
282481
617978
899193
777475
69620
321981
908414
579927
932006
897351
633793
118058
129239
930802
126528
189724
991734
136891
911174
827696
890614
293116
730159
287414
474022
594349
513659
877610
708033
282062
612788
665786
82190
429598
823145
936675
337233
153866
4923
159719
285207
388971
333844
310227
527556
321906
845485
488238
853028
13573
926563
205649
145528
574864
562470
810481
175001
697963
78610
829183
916218
822998
827974
415896
639452
347033
845363
235013
935178
899537
928489
350254
258906
206747
647402
871982
399099
981152
397658
841762
271441
783889
297097
723609
353764
335836
612894
189753
670152
313960
652185
419882
172525
207087
386554
199216
75186
981227
164479
854396
384380
281947
791705
349320
753103
346888
886421
94912
509721
688265
915827
642769
798061
834658
109994
58904
808306
594205
290574
41541
452638
233000
947121
522229
328367
558875
490605
19049
583704
577656
400855
661535
885496
699328
658440
724764
806829
615872
720605
984870
752956
925015
199665
884724
701031
961757
997524
837858
283919
463306
286156
64897
552111
912525
925105
817760
46365
368971
639131
756115
687147
871047
399175
501601
295149
241705
431535
593076
602074
329945
33223
263853
718549
821440
433551
268171
710760
426881
432921
855755
84834
623811
661104
232149
1757
83588
571706
588289
684638
114666
446197
171763
118290
796228
911204
639209
201228
532192
5823
608460
37766
579438
748856
91030
748694
485204
690097
122716
24911
940661
259380
990418
246656
462330
324322
350267
186764
540131
716893
21475
817708
61019
329548
925917
697892
967582
443199
503028
515524
86489
915802
46525
272849
423402
736921
747168
486722
547959
353431
769096
164699
117368
693433
13883
17534
419532
455450
362039
843672
155708
667851
556833
262986
689236
386838
126614
590540
929541
863823
454377
182809
548415
340253
598671
664525
517890
553634
584084
68360
15408
356697
97840
514596
121588
465860
701940
904958
295827
995519
955970
639379
297474
804771
679762
444447
736256
666963
513224
945212
245891
788764
809137
548501
640394
922432
199555
709469
735008
119688
897785
885792
500004
319840
825572
797876
559408
137749
788211
513782
887259
572735
258475
501516
759010
539603
938555
908247
359017
292169
228884
104190
50081
629335
756551
386350
105511
456390
9917
351501
260517
878803
86360
175447
422804
826204
65097
464652
448165
853508
62804
161016
55862
522064
343724
715858
299528
132487
3224
331945
443192
677625
581221
401825
459918
512287
93134
612861
168599
584945
794359
256474
840446
717638
201075
944284
909480
798094
29678
975123
350085
189472
166051
160889
763547
539217
153186
654167
975788
604119
253455
923129
454088
298949
36605
555261
671121
515949
708337
591108
737707
413273
686503
782295
629074
806282
626849
316027
167248
561863
913323
651748
864755
71657
560876
59836
129340
547566
135137
464046
308866
223928
282198
326769
865056
471354
727616
450266
248946
798238
978319
442207
103901
269313
592328
318382
358660
458497
719862
631302
942067
734468
100208
772736
500061
651208
606025
478952
205249
964372
603202
438734
169699
709556
430838
182592
705226
350788
498030
372827
760825
634609
844187
435042
33470
524797
465056
902708
5919
3416
476066
826265
72056
780397
381995
717157
937165
231154
401912
485804
211193
87193
760638
63553
903019
565322
184535
650729
62387
64590
216236
729313
531672
925794
293418
273194
655542
188835
528913
879513
566533
298386
250488
577852
852123
20433
513757
994256
135202
353761
677176
750370
701497
874132
275767
482884
265076
735102
446412
74178
882987
985017
831433
518729
237785
927982
617212
287966
581385
54521
753143
535044
372257
528410
862571
340849
904156
761298
546603
715306
835436
157241
39168
572661
151109
857235
401541
171273
768304
98896
334603
268583
438652
757067
885921
528065
762340
365231
302341
422900
327961
724280
232800
793969
959668
425894
345106
982511
54526
675884
197583
352341
335984
908556
338579
837964
184263
363579
214971
138204
455669
894574
935476
678483
202524
533758
404641
404337
695602
395153
724052
96046
663424
228343
386246
453619
315204
269399
776364
136324
323875
43686
706619
955363
79892
238638
801962
86080
297852
669978
713726
698000
120052
673322
398974
850828
247015
289384
84966
922906
138856
426244
871928
416837
971950
879040
174771
214465
111889
553
73039
381684
354855
227149
40991
799875
598734
316378
222938
449537
825961
195409
199743
185642
958800
868577
904788
764792
87296
597037
524069
508605
925563
192263
546539
239334
481699
834918
85596
104456
724512
152935
66017
943500
210030
830073
938241
879811
26317
429911
509901
398597
35597
686233
49754
778127
953932
89170
599431
418866
834892
531202
739514
864342
639406
979547
914448
141790
49985
845681
965271
33112
774228
862006
91040
762585
995076
348588
810357
341434
480205
497188
800057
314476
458462
633325
944568
561510
443000
17821
871142
68852
677518
894599
62147
948749
661274
723642
608225
63483
706509
534853
665503
256848
230509
709568
239656
802110
152072
72877
42480
765788
538276
223094
938330
507014
317787
597550
172682
11394
695506
434656
478263
222206
806344
75869
309617
273122
202127
998088
279004
41697
418080
472700
601929
981714
961480
625706
614157
478657
745837
538496
557270
139470
685375
383719
413164
68606
345632
209048
684830
804871
339516
44413
294364
238849
582595
145837
260478
942879
901202
415830
439991
615956
462360
693644
981513
50423
740313
565589
51743
814900
646869
247697
713122
416577
858546
72472
538433
388600
723530
928355
282545
198005
992639
727807
902202
558101
513676
279561
713743
27575
636004
698293
38999
623634
793722
346868
628820
813022
601776
647138
49177
831592
356578
188558
348779
277461
570128
250617
947857
995837
950571
59038
397607
951438
197964
143146
585787
513428
546147
574512
671888
512692
462008
651604
121537
886948
520742
695288
811526
746943
707289
585649
617819
334078
187599
5972
208923
107489
686517
21609
218443
82527
461244
188111
319769
750979
786505
813209
228148
64312
589662
987768
148399
526374
701554
711961
120885
370141
383588
365576
74198
342091
761635
378132
18933
678033
201226
507325
94955
438370
203933
887316
575903
584801
48505
384816
759370
310540
429217
684821
9083
478791
464903
221133
639444
158562
978203
491871
720843
786293
9625
314364
164369
746164
256829
34734
175848
63979
682053
772189
11018
57441
736131
703648
935876
490581
642448
690629
457298
780061
262672
544428
119533
539292
179063
497986
430710
843869
937406
712435
256945
831727
223737
620880
243049
128652
415368
949619
897398
402823
756958
802991
550910
837092
857314
448907
333979
679626
467739
285193
384724
133847
260243
749026
766925
147512
736715
569478
559886
882565
585352
857363
608427
529447
376883
245586
502890
889834
750858
193146
830749
426933
917928
975922
247534
554836
243174
365697
758665
806167
95576
154535
11838
273863
756294
47580
186985
153005
930480
701863
259557
88642
442267
420705
11250
759482
434484
846214
862542
60657
9866
763176
61682
630486
894395
124742
169433
145954
702125
84767
687729
688681
225120
16090
382332
315528
54906
937718
63952
608129
42679
118072
298268
837046
848000
647191
687206
379111
137749
343742
415530
262742
833679
280757
719000
195387
825450
891442
215079
958317
32278
339897
990243
268794
261344
887729
855090
342896
986179
635443
845198
758567
200974
401774
959308
43700
462824
39339
889636
558577
456693
485830
76101
981013
175968
291779
297522
996705
880497
518507
487471
994200
690638
614950
556434
9236
674150
652052
727871
619553
730199
824297
59466
379538
187173
839217
449105
792834
691183
424261
778451
941813
32631
106036
43518
52151
55160
794448
268910
584174
838268
933239
680631
653551
792660
117354
185832
425501
833681
429221
895052
868453
531350
853160
455865
167866
845067
830930
112164
995434
319246
672662
77081
719917
428099
862027
450564
152226
764243
625811
8727
998807
92000
625509
544077
221784
894529
559507
41614
561094
773415
896915
346617
2980
985126
818500
296682
48159
914801
830069
938496
201209
804085
199202
246871
548537
159239
586620
293911
569645
965187
375118
366851
696416
236752
135388
723012
835035
258865
336826
409920
880
334667
983221
189170
746460
824245
283831
854912
983339
429924
163854
958200
389036
862836
19079
513380
743504
984539
954245
610082
54878
839723
74620
764857
950894
571327
434867
855983
861559
342758
933296
333837
926059
769381
469380
335566
226568
421750
560729
139378
294377
980677
522696
113213
672312
702659
679200
332049
615319
369651
576802
850717
650318
658646
142088
947754
754178
806159
187897
691528
499911
901333
93791
818786
858258
523217
802899
812307
731404
244810
176375
318859
351357
569008
244863
389571
614648
74901
805645
197053
513039
653026
541494
83836
18316
566947
430645
526152
168100
576619
322883
856443
566861
949954
135914
844689
323710
795756
971877
44965
759020
228297
22953
534657
387381
748342
532695
185517
583353
630099
547163
307943
888908
940778
694721
225365
937392
128785
107661
873349
263942
727559
219578
660550
29541
599294
451112
157370
606914
444734
558613
374752
705069
586054
88076
407993
960763
275588
839853
362252
296708
964866
749377
213194
998351
912418
373114
250819
74528
52789
369369
383980
325611
497274
687613
200081
956002
541886
146664
829094
727393
541863
395172
657376
615323
940696
431585
703441
830381
887594
326852
44949
782125
614524
320052
516992
143993
595812
601803
665449
968883
57936
486492
146725
506359
536986
103422
635176
943613
620181
680879
503687
424484
913319
134025
791978
715664
289342
927868
988078
172660
50554
606686
453219
945102
197490
306530
409452
523125
114572
492117
67624
377876
633521
253008
316852
872753
482199
967807
627343
611450
86318
75731
975442
436455
754050
824691
805777
278006
529770
836740
592613
869382
407535
890882
346281
958372
906398
133446
523859
324912
876751
840636
229949
625520
98632
233613
290866
400203
184795
853381
577178
567754
501862
121643
307049
614321
256498
403699
910582
227770
705518
412084
60735
475146
277906
442593
632634
508044
206029
695018
484464
780604
691511
487458
876576
811301
321812
194861
12863
295197
345798
370351
372190
70421
465364
442353
325028
971520
98372
262029
387919
90677
38634
625134
927548
379980
981073
427021
97915
641021
774293
309746
34511
669045
947341
994542
20945
362108
620967
739310
830426
639427
917040
730403
589553
490612
668870
272986
202581
870430
555507
582972
851482
965401
772130
847258
224609
719103
117706
352132
535937
45680
514582
313248
786384
85804
651079
514208
341205
178911
51798
875189
648820
690775
691524
114231
412184
704941
380090
384146
135102
243712
872022
661973
623487
972081
416959
401514
386182
48801
282893
557459
835100
113411
365590
69351
241880
242879
89002
259502
865104
274526
866545
912945
941923
13129
38647
49367
897868
342796
40338
62393
387385
310067
999831
458589
647052
723040
138185
817145
461591
205872
511874
313568
58571
566341
391085
459675
928647
377827
46913
724544
627377
956121
25932
279391
542678
454781
364257
330248
307535
765188
325869
556908
633707
282630
189446
308219
435876
627002
788725
279322
336005
244039
110491
478857
448880
605845
700134
502665
179574
965820
850532
176141
150418
104912
659174
171236
77322
720035
445509
108308
253104
722961
167665
531617
565578
778264
191927
102271
848428
713362
826679
545024
922867
569325
44366
904938
141089
462457
270245
955018
68939
291114
643545
65937
521130
275314
742699
673615
998067
560129
612152
841175
338991
413824
533516
663454
417053
678281
214926
218893
266235
194867
668151
410528
294816
855364
859385
336577
236158
348939
694288
910467
284811
777392
327739
613922
393931
184170
535359
10953
851401
204155
814191
17029
449198
665719
554337
503136
214403
35597
725087
922989
271080
527963
121121
917123
324461
404502
277491
151789
369504
463761
460924
921196
734132
785168
341541
227505
974253
292418
813241
725640
310609
252446
168311
5184
502646
820865
19134
960509
562059
270261
34390
761525
834190
878770
213610
627261
251678
487580
49327
348798
726570
77309
597345
523483
308974
459325
414925
15605
760564
158072
703867
382799
33157
674155
705093
481371
660133
454811
495504
957045
439855
368768
98954
35779
438072
145149
746878
964613
130737
100255
50326
93560
537635
752836
45663
310315
367568
887631
474381
850481
940915
364026
778681
2978
190415
127777
655686
43938
667721
295138
706748
68626
505746
456174
74102
716013
831430
560608
550175
29393
508016
516751
311308
224084
233351
302524
951570
919390
357560
577270
333728
115919
762760
538771
774413
283491
728608
746570
169949
386869
399525
138122
616962
973034
972593
651288
942721
63306
231466
760867
792113
138703
713682
98321
366896
394298
164336
829411
673971
985038
335469
94652
905035
648547
150121
102465
571212
785983
731113
221600
427964
830832
843925
330210
58616
302060
154900
776445
170322
667405
130380
666106
112923
608167
392008
704470
315452
954753
106724
22173
158140
274400
27796
897945
353454
50162
988581
173221
650167
643207
294214
91485
693457
385918
207910
250766
71964
71656
903382
611411
485786
293848
104144
873988
796540
753888
350366
249020
642802
956816
586948
163568
82484
588066
781159
520313
552692
1877
272346
971961
680154
165436
445335
745597
78726
226009
39666
25920
880039
899247
576808
436562
824095
457926
693917
75860
152086
667071
68023
573799
236303
363200
43364
694847
16569
402926
235530
122284
320502
592259
256389
906966
604039
704953
42706
93076
549717
889812
199799
469906
81660
926816
432209
796032
980524
330227
316577
341659
548474
104122
321874
83221
391568
351089
252055
839733
637547
690695
866037
742208
216526
805787
501748
832827
19438
822764
181335
750523
801057
570051
905625
68247
910924
807769
267563
976732
123285
732744
875467
995025
568416
240894
820270
630747
504209
815416
320133
432750
472185
681328
967817
209411
297452
798848
661604
861231
221050
643850
431175
466619
766281
618738
250290
578375
504495
726835
217105
183084
880696
235046
727571
714351
949152
891543
517053
928814
531710
83780
596624
535914
33661
20627
893876
548159
184219
712149
628480
536950
229465
917569
732858
301810
489245
454306
45298
599652
422665
856930
45006
47036
245029
544957
128430
185979
425936
998856
448928
540961
18783
193232
245353
394491
894666
928360
434715
313549
733876
324912
687840
665119
600477
191280
701984
427158
533926
509572
376192
982517
471017
497691
675665
358389
84432
611644
605475
446758
289692
443897
113171
851599
943750
590629
