866015
247210
547876
700451
500231
607859
362779
7148
407933
897866
873827
925229
3598
350707
79407
200675
70044
437303
267796
559751
809647
998015
725949
20545
413534
41854
652859
495837
631311
336969
83641
567745
254384
187552
455573
626697
842825
91999
703367
174801
511726
240097
1248
535628
243282
344717
234894
158859
498402
276005
383011
295466
551279
398600
497014
176313
333278
462883
574887
588712
861491
331267
930637
77361
105152
677107
420495
918403
34100
803037
510927
841734
917220
166420
967773
505825
231424
237921
441384
111862
315515
423228
285712
255363
820069
239415
10782
17922
134380
283387
119795
88477
271864
364836
324921
416425
807014
614698
572100
215455
434466
314360
770660
572352
29119
88841
576259
18029
544423
575517
794484
101008
171377
734385
988744
425132
413955
728869
346446
745420
296829
308586
614422
26872
801593
366507
534381
398119
995766
688994
840888
354773
414459
936728
881582
786833
156559
811168
450104
542913
354346
27442
483541
284965
171810
13510
907044
997231
118323
112010
607100
81585
593793
24526
311914
272428
526846
978012
486776
944499
518555
343123
868448
598472
815782
434195
551923
804913
246047
290679
826977
376297
543285
665064
267582
18979
618394
559679
646079
218712
413213
470136
278583
635195
989928
855695
821955
720964
207083
237925
740221
122479
902934
181828
221664
232792
864990
694941
913764
958974
787712
908980
950839
77125
962775
686127
539951
90378
657003
898122
266284
565437
424993
292940
667917
84895
889560
23064
228888
784709
115150
660482
933348
340170
221883
76945
556096
452927
581257
573451
492779
99778
95793
853035
115261
466188
753611
133449
351294
920261
30690
156024
405546
961562
700869
435755
616106
254932
763341
320020
690701
936997
936656
366513
960810
839254
185205
925190
870798
78310
689644
743356
929389
580814
711810
718595
357583
918587
421761
545549
851659
283382
935353
878071
168801
47286
106319
987170
573574
918321
845699
978214
530594
825844
290345
456715
408216
147286
923551
882878
427705
669198
891953
881147
723975
775380
682771
314130
699897
460787
690715
65079
953882
601435
536844
72376
537403
557492
569516
356653
541727
549990
580145
668629
899535
947806
274478
804816
304439
835520
629414
578412
769839
714326
800376
72161
991809
548155
353604
478776
721508
449105
106103
98064
587443
157161
324855
410532
942532
10546
552173
13556
17746
85314
610607
626945
958664
972039
703969
38066
78451
644645
137302
546855
90110
731417
815994
306795
611310
748955
514263
912864
37836
178610
441723
287636
877333
692263
706300
831789
752372
438357
935594
884071
495607
26958
300094
773636
684537
597260
564660
133151
659334
934908
704899
382315
614353
373690
402926
405557
707498
770709
186235
305172
976469
804887
293627
754436
324757
569161
217777
307783
562409
511428
569257
845364
938105
417812
407633
151817
222637
835184
686011
493864
670927
195157
259626
736097
558710
694246
514589
295288
958886
367738
253971
724560
335707
107070
327288
262691
817382
820720
968523
573834
962147
511544
323624
6264
305989
926856
872001
590627
126913
297949
705191
910488
472224
320235
933586
194459
280265
95243
20281
715508
497229
727056
358316
189116
361515
809485
973493
859821
983987
454625
555274
647734
469716
885741
427178
56898
820499
242669
367920
224089
699497
676307
123503
951570
673746
178863
376327
302528
34122
720498
10649
622900
825279
558573
588964
406470
664789
454371
499716
354630
603106
981723
774067
6115
795977
735471
749466
94194
807818
549603
410438
106435
459493
943271
326316
56180
104197
956027
218021
284592
330786
374933
895958
116095
768737
426568
867565
60832
908557
388733
645990
38513
252345
848640
791955
154299
19711
357673
953590
544322
133725
86979
655465
632141
791404
344454
568188
353900
785438
85223
10328
552295
537712
28384
261882
221989
415340
834540
160000
722784
413374
186588
246200
764254
284374
600158
129046
470781
461327
976985
516850
216265
483568
846012
765450
253588
357133
368752
491420
422493
756819
300526
754576
840589
993422
373981
415803
729086
959675
520226
957782
993807
572371
6598
204211
4727
80303
495047
182406
413627
659511
33018
148381
228953
772040
172970
535673
485957
729343
862898
217801
189120
763295
66604
872667
637887
352053
969934
970439
489606
532944
891433
153809
952736
1585
81483
140445
737534
140424
431674
649077
890044
135434
895043
850896
512937
205043
225939
773889
623031
96179
920519
616350
513945
939202
4259
836406
537237
649337
957155
163583
449869
243381
734771
600641
290458
311477
2547
265620
274019
723758
339393
316962
933876
777272
360162
548517
81685
410615
821951
115044
790594
429379
767667
381169
629261
278153
167964
513041
770558
893639
681786
401448
833706
944458
412817
243130
253321
492414
247967
170195
451409
996753
324320
407411
3198
285939
999281
440010
784634
108440
648878
529966
98225
414300
446992
183711
39231
610350
977196
838287
499497
284866
773267
119015
378915
624656
175725
383964
581521
338869
619147
167134
597935
142535
167979
337739
657211
635005
964077
241785
727325
961867
127753
462337
262266
104172
822876
64213
875443
542537
943626
559781
344726
549960
849884
859727
622035
542490
322567
849726
456959
556585
266083
957531
471811
756669
443220
711900
656042
946201
352677
246726
45040
327562
141841
462637
157549
520400
876731
620841
886166
273055
480782
116845
195857
289094
833115
543127
595534
92835
171213
600641
304520
895274
427364
823601
892215
402013
32782
390188
750826
169708
541093
28696
458974
505569
501608
709871
585205
517743
929213
776744
732672
684563
969086
241080
480917
403659
195847
431798
717271
634510
863694
98442
708945
994691
401013
858739
257235
404500
375325
817130
736441
867391
302771
598321
443197
245950
985964
85649
719624
609198
714865
511371
638026
435936
199885
948514
685011
20186
977725
903314
437566
247159
972845
336155
315579
888232
164545
182378
409027
897657
484059
359482
565487
210482
326808
460435
896584
398708
512100
742939
566074
582256
922253
241392
368092
195007
215678
946451
257886
294340
743411
509628
943638
695557
553668
427138
513503
587950
437665
601838
226833
840814
144768
557038
984446
901275
815238
529693
909905
416180
982037
431765
400615
729727
89490
571925
724215
773627
159409
829559
205611
684033
301859
533406
624990
805650
130840
918753
548302
37735
205698
358435
674922
30530
275661
626954
616260
898175
852690
874336
380453
237032
944276
368562
679017
42781
856888
345600
589363
58624
645375
694386
116830
420782
718786
804185
73053
515446
114783
587351
168180
698797
136386
87173
584453
801729
862615
259730
462955
373835
687430
756710
254022
711622
899582
792343
870589
69112
145105
994674
461711
523735
824576
765542
867486
634261
438416
826104
945875
381279
379064
956533
598879
793733
755550
285601
2661
631927
854940
235590
136261
985657
414862
46731
892348
748712
904450
284726
475380
61494
154643
833908
21199
553411
956004
287573
933233
925813
310357
22382
869131
252276
254378
416828
445626
586194
331643
910677
342906
657245
738382
88831
986461
436314
433166
597961
317233
914829
464310
810588
338554
369956
674334
484383
321681
369793
148277
127541
640733
687749
274617
17908
317698
562365
696390
312561
502386
9374
349235
952428
699550
153281
143408
775905
178431
925500
213418
917804
561000
467444
278798
90204
500014
431711
121452
604627
466387
523966
835932
176824
508824
661019
353594
258353
778345
671422
124170
232789
385645
892889
568452
214619
889914
610796
4368
824548
29422
559697
324547
301043
102054
467461
42639
365093
507689
701668
304651
128894
61805
314620
650195
539710
507948
336200
60188
747918
580254
542569
372680
842474
388452
510624
909556
692917
756449
441202
881168
743276
301152
747449
528138
831699
568068
406206
229313
206881
332557
80054
698559
877173
140621
786715
575151
122794
680763
105756
778681
898979
845637
215641
790050
688905
628430
155622
692547
104664
945984
692344
840265
745089
34714
453422
795823
750555
366337
148645
307363
346317
478328
463680
302167
651104
73689
584760
315830
233630
638829
963772
584701
185028
562100
477616
772185
468969
821612
157977
404622
264040
312976
222968
337614
590699
585028
137613
270509
701203
10517
782047
6062
629818
89052
903577
318844
482556
492649
46071
451951
646439
252521
944944
271544
670730
968878
62387
470948
689787
700813
274322
85124
912296
675682
466452
460172
663024
895237
338623
443022
661963
640762
521367
890473
672633
79798
79490
527951
750291
689815
56508
962440
185070
62883
69521
755522
816130
202260
822827
185262
129812
484584
35715
309660
95014
23017
962363
822808
175203
941347
488297
708743
714552
257096
468618
354618
853045
413201
955871
721815
970978
337938
424168
474950
299424
933287
511796
1718
182087
986640
69072
728858
609735
165698
801531
579281
935347
2747
543624
813509
556717
876685
666781
148190
155811
503210
275906
736782
675016
870591
814352
240842
366746
762685
480833
902497
107587
472677
70097
477884
559749
308495
842272
735411
631170
448216
461597
419001
723689
221929
229949
299455
464070
43750
236661
802691
644420
745287
27120
709059
41784
859362
570506
307064
428013
198896
573359
834964
190913
661317
881345
266971
17773
862650
961688
353902
704754
754684
764534
344308
831473
215052
538292
708569
512533
71944
620760
872316
860889
654552
408381
634153
240656
507660
594916
79640
924107
112473
342241
611469
305814
884304
609866
810091
313496
17757
908884
308756
98336
284997
100827
444767
952111
296937
211629
429904
589431
828028
953193
767087
175025
666531
660510
660287
97499
872745
595002
89919
126032
70203
324974
265630
304329
927424
673590
405486
574371
538033
413662
650920
71554
941616
659429
703532
866072
249698
921857
103905
319833
441635
9551
294367
804340
842024
174011
122472
495652
488803
706318
487248
323588
241360
379056
165286
961460
234460
412861
995854
414194
820110
960449
855633
902306
396058
992908
17472
755031
704752
505962
285271
894938
349638
202021
191568
181435
213047
839257
575149
335539
671556
771749
562994
908514
867897
112213
644395
992763
365048
45535
652188
418962
78566
687856
772691
172263
437043
326764
870273
687813
712871
74289
218044
460569
169181
761585
263588
704502
423432
399367
333369
505400
474007
866622
2375
989248
225091
120644
325869
809443
631370
370228
814624
544138
151745
810482
33390
90292
133375
25071
993026
300521
535909
677503
481952
65254
946880
553852
730683
470649
300360
18323
695791
149333
980166
110884
14938
883160
813705
360343
738815
685552
654747
789641
771116
192785
438486
222847
983100
952893
562938
316455
930818
500427
435188
878140
779235
44392
25118
307499
467437
448175
594489
145582
892212
563832
437578
23677
810810
871944
533862
732999
388563
61884
191355
747191
730751
696320
668614
10555
659847
179797
419006
769175
747412
202788
630728
680890
209270
630352
19534
660511
121724
119154
915358
77709
130810
91292
135957
317425
910906
835462
669677
787920
473546
187142
992290
678611
8904
50588
201607
385747
437069
81389
560457
492614
248002
801647
729227
865256
312010
339384
530591
825067
481504
425949
895514
547767
78894
422873
455838
896386
842579
651569
514401
748138
472679
186949
722113
108343
204805
198764
611355
225956
268994
294119
792898
744225
851106
548081
418440
141357
124916
573882
717231
571875
384609
8574
255922
157098
988852
815092
699202
838112
198616
365290
960736
737073
421529
4928
46670
651855
374063
901849
538011
324969
991463
430029
657802
725055
205128
97907
405305
59856
293895
656285
113164
452321
262531
327690
784046
604685
82952
3579
882353
746210
3223
761899
444728
747912
333315
885717
322205
177583
395187
9930
395972
696311
161089
548629
926353
939900
767928
771735
875623
463924
845445
74267
610748
645251
740647
486658
439597
913938
352785
992758
621541
431456
884829
39098
520881
822876
169328
982204
862289
454893
280562
767998
23650
791413
560320
97025
825610
41457
934431
793014
102907
700261
436557
575886
586500
526938
907671
536889
811685
314427
856790
526480
845957
686860
989288
59284
120146
886616
208275
970345
778506
946347
7000
923261
479595
969010
898057
498362
969064
354888
786515
39957
714605
72759
498886
133900
399732
768220
599576
802279
857152
238966
834801
527840
681224
620390
142962
471201
587872
793950
520862
9040
587281
55033
535197
313306
315254
660679
758245
703974
571728
55794
788907
27800
839454
412209
893065
318060
263808
788485
232907
36000
857720
924694
811532
127345
878124
754629
765031
164253
593759
189003
669301
27312
256492
56849
894741
747966
810503
933311
568500
802917
43477
933100
56391
182840
886810
929025
269163
401686
102654
318489
356525
519140
331482
220408
725353
428306
137844
316449
347333
816970
280550
194290
841631
431583
569803
544814
105796
233815
664995
392519
975518
90059
844124
593941
369369
277649
765794
741149
582553
11480
76481
147216
553336
227966
683914
920163
985324
972548
569270
704404
607502
881717
861013
673532
141348
337627
810431
326716
293638
328023
640439
487672
364107
277331
999373
472110
644896
590487
720760
12058
42771
576992
218804
799563
579034
737698
93867
152507
361150
967967
546163
1150
155174
264765
970983
997866
374002
307437
600582
599274
789117
713105
540040
232288
436424
681279
13191
958689
988504
662296
45831
182512
57799
41455
932094
132331
154101
334665
594592
892448
58476
908038
329281
729416
830705
278624
33325
684629
387342
721716
421807
195041
515582
580108
391587
475872
817534
292521
697574
198208
376674
721027
300668
830299
326414
669708
608163
537098
987039
469636
699927
618327
14056
56436
240523
246582
58274
637267
206682
422326
957654
95034
346714
518609
244863
518575
366243
123481
215606
927297
168790
831964
325204
397479
219916
44734
625528
757071
562401
737439
988111
578657
795292
78713
595372
537883
163106
736711
315695
234326
481692
900243
338920
671021
579618
638904
974220
47941
597394
638222
257145
817665
149740
963882
683691
736560
92526
954646
155673
372129
977732
990801
757139
770802
531732
968079
329766
607509
51241
261491
868150
586623
244035
319179
943318
984324
25310
21869
969015
678196
673455
55569
109948
942044
259952
131738
247117
979049
690739
741667
665832
665940
2923
42926
433312
951986
461425
25460
356215
496880
259350
304234
829774
210359
672223
507428
418857
413461
167013
257638
115530
640296
726362
680196
249100
522968
910888
190728
642493
793080
168143
661445
470767
706284
754971
795053
815959
175140
998091
496922
368168
257049
464161
753015
633145
436515
630018
531502
120078
724804
709357
109972
89817
929379
460897
964755
188626
717209
792462
747044
697366
12498
250718
395773
342818
339890
355548
442062
557396
18864
293747
914208
410733
964678
365739
732428
507094
689563
815358
640789
791636
887418
91276
2358
791554
629586
277453
802044
918625
443048
495979
799758
689089
403288
661130
549835
147400
535189
53266
158995
433402
671321
93297
256061
399822
877445
673441
662084
294014
3180
220732
701376
402675
985490
229970
553833
976977
368526
890267
219619
519025
111761
726576
95274
876736
389059
112164
124943
289731
886408
68246
252116
28848
8696
183197
672762
577010
949967
199450
271687
672090
230362
431399
490926
639674
641508
440117
862256
977897
918577
770712
394119
650181
730456
510914
632205
54432
669222
858445
573003
176161
484213
149677
357016
274905
568455
234659
701372
458699
470211
62016
791833
739372
593585
734795
533032
235083
410197
819324
502642
253406
983043
399482
51959
119499
148474
278573
422310
575449
909880
891924
396764
286031
179537
195875
282930
935742
300620
423276
526679
468062
778321
435995
94071
660667
191141
463452
755382
45233
913690
295571
382
393913
775376
324729
861904
524083
140885
164548
574279
866351
533001
966133
46871
389601
948439
75135
781611
118850
15882
592349
252253
224664
5494
273666
848534
105127
371499
51144
1314
57783
342711
510537
123403
147506
690957
645063
165568
596947
588276
654336
7512
14685
959860
662680
561687
811032
939727
163769
521557
439538
841316
999763
328193
932043
27150
444404
748263
326988
512199
131152
998783
607983
13465
458094
318123
587336
3883
73420
816019
10461
74352
886393
84109
522181
231235
667739
416371
289881
77482
692461
988813
697892
246897
356680
2213
239016
739409
490012
908892
988450
876235
888340
827084
345816
5854
208878
181614
199345
200214
40854
617441
379375
809952
386476
903098
150813
105724
444223
767068
158549
233083
646661
187029
443737
244077
618476
808305
467003
299319
423624
68785
978759
713527
831345
784109
245723
700545
930354
838871
58418
294541
251026
386235
593894
842771
884540
447625
97435
687237
422356
587210
410225
60875
627519
232366
709756
35492
255901
286896
291995
492221
742448
586087
510709
868572
630915
795674
663270
973095
726514
766853
955092
635601
686401
692830
474528
478633
215616
119059
725646
516137
157366
944559
985020
564478
565215
20038
475221
121093
405484
709178
570151
331471
738017
741519
27615
600649
271205
169409
654774
387215
621314
961556
409015
504559
273906
342062
724707
46429
404746
503704
363922
91005
714419
206725
140151
683308
229724
269378
191799
251649
433609
319575
935059
599139
906482
884181
234434
330057
247213
387660
236932
438326
905922
94073
432435
418986
871670
345685
734554
765955
489261
528785
707698
771922
605371
663584
276226
94665
848948
89050
930926
255852
996870
563246
666718
773565
646061
673861
126092
79549
550636
926573
974912
233263
826912
271479
804031
586355
99926
489744
321956
878613
66330
510775
468751
288993
644704
275496
242508
369634
515426
744955
384349
858840
778189
871411
992616
889632
398538
788256
548079
236247
242276
407768
75640
353706
973669
894402
149992
682239
244767
63774
58195
346497
772379
458531
722381
691968
931545
277230
748437
339413
325919
622242
745042
976892
670252
659334
805835
389031
716976
14655
91261
8913
991009
783298
93658
498886
279378
312353
862466
115053
325383
157443
539732
730398
128358
729227
701993
259492
213988
840633
667703
49264
466980
451410
821063
786085
474810
788795
276117
632394
827617
552444
412238
399169
461499
874413
920841
182615
165116
240129
653640
996470
71777
654994
473271
702645
924020
378797
589871
992534
472251
625376
354405
160975
336749
214503
375945
270300
29790
913262
475321
305761
437919
432852
509027
522496
49924
120659
692300
368335
492310
714424
247699
794524
220223
945231
385847
792842
986377
384656
21355
993387
788076
263332
306950
495230
250589
475332
704590
134180
46310
393179
68472
700635
970460
245762
981425
12427
484304
197372
269774
964713
865716
375352
85750
772039
414925
759634
868771
124618
840285
819274
952196
882663
316364
641265
522134
481655
746935
874705
645253
148466
642986
704741
391372
264152
127163
579326
425922
195625
822854
926916
301517
503639
239912
421420
1632
509827
105239
210267
612769
524847
431961
731624
231467
690603
539804
511754
833362
385695
94278
293531
702660
331356
992396
525581
851481
444962
824008
241887
915987
309916
268990
108169
796931
136448
750678
725037
9204
318626
759794
843061
625170
364616
189145
634948
814735
614347
827370
919547
650014
122198
823728
915996
321452
982122
666341
486419
99850
611717
771663
756497
86930
397889
952028
230476
441211
905177
464395
608112
228078
223323
507760
854708
86184
168166
547685
581850
457043
650828
876077
264215
561955
929866
360432
426249
617132
360599
95748
491842
736977
572488
913791
44821
402283
439134
628319
87807
123937
55208
848510
927141
818947
757667
775266
957844
248921
420438
748631
631790
399326
18551
65866
776848
977986
38623
369177
59779
225325
525866
842546
973826
854388
408265
887378
13347
675376
140016
843669
659994
847741
470095
87171
575413
117061
265718
70944
285880
455265
733660
445445
649225
760796
982730
561497
16750
742673
421659
905769
420743
991558
18262
257732
363878
225210
797616
312017
413026
758568
349090
727540
687413
344320
182360
658809
678568
951222
234474
759620
996163
851268
602203
349580
949628
545661
540357
434125
528929
157210
474376
811008
257274
673127
876983
59339
510423
622649
693599
20846
254441
563799
138471
432252
349854
806855
491757
276490
738528
945961
149254
613714
103237
468973
492562
551909
377643
910409
985308
487919
483598
336770
453603
371511
301388
619021
355305
237580
527385
639424
854643
431060
764520
802468
52454
183598
135832
722165
604236
9480
488555
431228
192997
728540
687364
143458
311583
432577
503573
827680
835140
674788
377922
961334
869890
733600
530445
719087
764965
939344
431885
463014
354841
375972
481563
581544
680709
958163
213868
431333
238201
647926
827302
561237
31286
452283
717767
969935
73458
552022
3712
655368
167796
235245
929303
787274
879022
993576
442339
762947
623012
729276
91185
857270
974726
62457
230989
968131
859783
85976
831275
853801
355853
889417
300128
936118
580160
363443
874746
435580
66520
61156
960032
127852
780004
578213
300166
66773
805383
800532
221739
625077
830549
474265
497084
36912
560138
451146
754037
485313
885088
877357
340949
987329
573953
397676
440081
924859
839944
80297
495094
360553
12830
52781
370239
242585
356120
772680
756349
584911
573116
767941
243537
801438
735792
743538
55447
194988
26884
477957
690570
576961
371317
487629
482967
22586
751308
158486
421608
352246
141387
774551
945658
657844
539482
80150
600673
814713
343901
743646
960138
464677
500187
61020
441271
672785
705245
466354
425592
522321
814132
694944
920523
154101
316439
390599
685789
173769
997383
188983
385467
315026
197969
906676
814079
214880
788570
151126
204137
625743
552530
845163
522314
336835
102538
415612
595039
921736
106560
7205
499656
898132
957790
963876
840897
194352
753871
820011
928132
163089
569508
107481
208297
67391
799717
518311
38333
987019
103620
95429
177095
143747
883155
924549
869090
862468
353640
911158
661700
933990
910282
518855
976131
857758
29945
190825
498615
453384
849069
609153
99136
82017
475892
397159
493411
705220
417882
375910
424012
857686
923620
977087
499798
941648
608282
292142
690432
677586
985750
330918
424417
587977
730510
824320
859020
790910
275168
252652
15721
606389
765683
27591
712132
257253
303984
91935
910273
391679
893059
182266
744326
814214
283970
302192
739682
742494
868718
641544
448179
707911
968352
133783
622370
258425
40558
259491
787125
906733
753817
189600
900474
94653
68800
555128
937431
376189
531665
90957
226235
384539
58182
995089
799932
197065
405963
517864
867395
322425
662463
923342
371478
600392
389442
585977
496701
304524
661518
966739
897711
203843
204594
966170
922366
180343
135581
657988
784057
630798
288015
880475
342329
657870
443996
839934
990976
990904
816695
619314
126104
50435
269602
110605
604503
843380
185830
345679
115918
580822
285551
187691
31363
60325
541249
545737
936150
796598
304748
660067
95464
42861
918251
596617
314326
872687
852499
895435
888101
23196
135487
416169
814326
736414
564452
449309
651440
258580
609853
25702
476661
63519
782395
620156
445489
324390
889339
912758
385501
586806
356611
950112
371126
576477
238369
722447
43000
67804
66628
801617
153452
527967
947436
696974
446962
241753
772703
472799
391060
51836
281443
528511
700389
707305
645670
171841
656615
222395
511181
667887
221276
527010
87844
607076
262702
821742
614541
570070
898245
848468
810900
974590
799597
237429
344135
642134
352670
575512
454231
400354
620930
906355
163157
1429
451790
177870
393689
348059
317827
628353
372186
247361
267295
872561
733843
701229
363354
791964
766145
203849
589483
993891
710854
234267
968496
789643
300779
691890
375706
863847
837302
207750
362887
804376
949768
864737
229340
10574
839232
454208
756342
175627
652411
770317
273079
211830
741166
154543
901829
597143
851648
945537
568436
774395
446150
564553
980335
467215
250434
282957
85652
689935
457204
3389
238124
841569
865297
769409
299710
976068
906362
80605
573550
132883
345209
939351
205872
335627
663617
361197
35654
645803
767741
755785
78873
879108
292092
752044
547244
502406
459456
736404
277546
972300
884278
488769
272912
958759
824138
311161
854005
344619
710331
84908
283260
755334
838187
655832
437882
251385
511085
733708
135977
510830
193465
871466
855706
332683
150419
467168
161820
25891
612003
142637
90616
156659
242899
484705
693039
905563
528449
255667
862762
713885
5880
939823
318505
500946
45584
903622
948913
848449
806728
477773
7670
459583
108542
732231
959645
536123
657379
658182
614356
782303
882013
313169
381470
335915
422787
377777
353711
829497
401465
29995
645077
712388
848282
511047
167366
145026
112564
777814
901822
810165
420514
704698
152631
320226
136156
689700
223713
187769
921233
725821
540086
567577
626396
49235
215792
139442
506814
469749
2585
167530
199829
469134
890632
577727
320521
864198
967581
55562
302361
393652
522093
586932
885642
160747
243629
753644
201763
317363
54279
575225
257850
295125
800458
529215
574581
127513
452701
242715
571720
559039
6019
477553
303533
541948
924682
405778
997864
282538
885174
449020
173502
669215
10507
723050
732794
382106
982283
645573
511780
405024
546023
783931
546912
652513
211215
880068
482476
754537
766495
296032
104110
350451
157697
784713
430310
948193
55156
546507
636495
528293
921767
355960
223443
360622
922289
717686
184297
132886
387335
374717
317083
586736
40509
448910
319951
280249
673795
39035
553159
755483
419484
713455
25052
344162
293528
481803
303548
526821
601046
448205
61
872395
581098
984464
406544
409494
748714
403802
609243
667029
237155
280239
818384
515140
244038
237660
253591
460158
139778
488973
585993
254663
367915
303041
79419
746160
972878
358994
620485
719780
504358
312399
67873
302666
596487
559361
95014
582573
88054
819612
483882
336251
12175
297234
468601
133704
982822
782760
8557
758194
940645
287198
927681
817293
663271
715464
542624
331971
610534
742168
910393
106979
549700
172209
269295
416894
302805
926246
925419
557374
809231
948588
316965
451506
660860
359428
437584
41472
468414
567991
539805
353003
347308
373911
696642
719523
15713
484326
973409
248412
501529
360511
572253
642054
456917
772709
686134
372520
587332
492243
723641
738044
215275
229387
466283
908521
309946
290512
553842
704155
17260
924169
865213
402035
530400
513316
548925
771804
228647
944183
710953
804380
728840
216755
527389
250245
428414
363812
333755
698428
181929
539129
973936
555454
428221
171300
663100
969409
945066
911848
174640
244519
908531
711430
445749
856349
598230
249309
438170
887735
561343
428346
315669
224688
838344
786338
63602
387538
806431
797915
510234
400728
101971
674175
780100
296493
325126
512468
463645
420256
219771
762859
220980
269366
428695
971515
40605
377581
583321
712591
708142
621940
297573
869056
581504
477911
628470
782926
946987
905321
794309
827780
858150
656020
843368
111413
146449
648628
530174
53432
526916
56335
483102
559476
680409
759927
736391
275893
411882
549174
479878
492075
45144
317237
844396
428502
815585
665134
97301
21456
143526
312654
341336
16074
335431
440283
278274
530080
58507
485492
837511
426137
244729
397747
452728
893300
463109
618113
708513
860753
332115
726690
214309
935602
75809
700516
752243
882341
192684
203115
459447
698463
143740
750063
432960
133167
971989
726750
409522
475358
561702
563886
909275
291969
701175
558177
83597
913570
268488
963699
680573
223966
637329
738421
806407
950521
199086
956284
197576
878394
888166
504048
96781
168490
90745
5734
604309
528624
476432
440399
852776
114077
292377
53835
470449
493199
428134
888543
613308
52729
871417
539019
645267
971767
696193
98521
912741
631004
769345
467801
124257
606583
40464
388997
957643
934122
8304
302209
709836
746781
411733
92539
85740
843147
213855
899270
694259
731717
996035
658194
362363
652857
805479
122954
216313
844008
168828
947540
278453
159765
496709
275470
276936
743788
817900
173746
294275
277886
476823
575270
415135
719063
697644
324204
197367
702404
831559
813211
784451
74349
272678
541836
111616
915022
203007
659886
899871
309009
105983
504569
712848
639181
974527
453705
844535
568030
198844
790709
358134
196650
587996
437005
271876
235398
618324
353732
189957
271298
536182
342182
344400
506442
560038
98325
804367
196661
172635
280848
859428
931474
62178
371986
356479
791437
342370
342777
772757
747460
589034
598771
651981
602630
402026
932606
159849
90009
883915
999149
851990
602937
406617
283107
576193
657908
43961
403110
818261
964280
821826
1394
701786
495552
261641
38124
84764
361913
553088
68022
950829
440740
709474
166429
259603
500763
749829
43452
67386
944798
807694
631823
690371
941478
544928
626141
803954
81924
482843
781989
804343
224103
764790
287109
845101
215827
372350
642723
367136
275579
578115
309006
471018
721155
79901
574494
377998
246408
787656
193329
540015
826601
600793
97430
176811
499229
234915
261998
255832
569839
678768
971789
528516
321262
779500
744870
877570
249726
647731
243013
311883
222777
94931
721570
357249
744437
310744
652958
823474
939526
904890
654874
504678
517678
267512
362290
624340
362947
897162
353224
417234
777091
700711
359804
260612
831638
169292
836987
147391
576117
113933
533950
346981
503987
438252
584411
391045
279905
464763
580444
844207
961476
288573
823334
981992
815303
854154
983083
646850
583847
854541
924904
834894
285964
690299
437360
932413
687347
410482
107284
505998
942581
779103
381363
406555
477938
723736
17070
967461
666103
364922
295531
755259
646490
5001
524337
130787
390305
508859
901469
309692
310909
572012
702779
418987
263208
776156
553588
862209
953635
874064
990409
50501
181358
829916
543694
732190
687405
121937
66335
488107
462915
250942
231426
163108
251781
235859
220285
256052
763659
800274
35129
413651
242414
627539
45464
416339
716139
802604
598048
509422
770196
280525
387560
912979
749403
361314
906620
541205
944740
790055
195875
635287
14381
306460
594620
607974
723635
648630
922206
189238
427936
710775
89030
704214
792479
989126
663581
628222
90792
633166
141047
184222
791425
211285
837333
831836
583077
328464
181829
886766
871358
18166
353113
546004
12427
71923
968456
222821
919263
624139
6321
665308
994527
440254
421673
70680
639705
543048
530341
728992
213253
967773
820598
191134
716341
366952
418704
406152
369117
104583
233833
732186
639906
458821
970925
624881
939670
976353
534353
981468
299150
421855
671082
82222
994188
296954
914321
547447
352010
624056
60886
150689
617961
688125
536670
809933
363662
87343
94973
686040
509252
427093
581612
901813
948189
47919
63852
360577
318615
807152
205828
369047
33299
140412
368272
812726
258905
774073
605277
822617
160688
575052
169798
810703
968833
633763
316007
79128
570448
47249
948407
584486
676773
432527
530218
44295
950464
413230
184904
295354
474784
59876
305923
390930
832212
932545
391480
854953
900691
162913
939751
224639
389327
239836
216214
818692
611628
825718
116360
769825
362100
722870
993399
964886
946637
529430
785994
173870
967410
297588
504692
50942
369135
986191
984455
787763
729421
404499
314391
365970
214969
948516
629829
251386
31043
638209
398588
571454
92020
554255
513150
372308
857955
788605
32249
817812
720920
152286
275766
135280
535913
683715
412787
918231
852450
854984
848652
318829
348922
523238
23600
423460
809056
64985
857928
624694
44863
291647
807297
371595
527472
1102
174839
923351
397558
82745
296602
452424
203814
355793
971748
123398
156794
653084
430981
949728
918520
455654
108888
646039
911660
42802
735120
62542
308231
313000
171067
631350
848566
192244
822298
194468
718419
746522
990488
444271
104528
240039
909608
300491
336357
545515
244625
235416
245420
457845
320704
342633
66166
912693
519780
693622
159375
810924
14120
501871
585359
172247
517211
77213
104724
684527
258245
584322
957572
638020
550901
548716
716891
166577
915727
118177
517406
715330
207197
595159
109609
767674
955514
959976
970845
497175
919694
855205
565871
759660
379491
948084
817126
47090
793383
305956
272914
73036
665806
462106
627262
11853
338798
742473
748615
504924
470627
755148
558170
728744
652688
178913
222898
982898
174693
865004
140523
676408
411355
866492
49991
199020
283531
70491
280518
21845
560195
230403
878763
709978
796545
784788
362511
117430
791425
242826
198697
724469
177659
727364
189752
247644
698510
777800
529669
421172
472265
636123
582957
530516
416544
111758
92975
542681
257759
882199
546973
430187
995182
213630
676126
555288
63393
873145
854424
801615
647436
238373
255631
48502
596123
788793
782093
502906
406872
338407
208355
244539
793273
181608
673604
314016
926723
301971
51639
352049
436017
608463
535925
973225
536467
904800
205502
518471
833689
988596
59029
311726
39476
40077
866889
463091
49633
48481
990079
317081
98038
42730
405500
90838
229584
448732
777292
42027
758515
164655
898035
25204
940639
808575
11931
822057
134649
761230
870746
683271
436824
311579
984086
656884
318692
928633
948781
170595
326181
808056
862866
122652
6264
535007
256862
570198
727980
193357
479582
506537
70082
80164
174826
418231
146282
492877
796978
888787
444303
512219
579005
555996
824037
66659
774541
916013
893782
596498
472369
21216
43288
852621
567935
860036
871494
213626
500540
228164
689698
314238
91286
585596
32973
801266
258433
347317
430915
925754
229268
711106
767271
337356
236593
436560
239520
151606
194042
585849
505230
500760
691084
588201
900738
759924
384923
537484
81394
283186
296747
801052
964416
927157
847961
553968
539397
518178
61061
570356
567788
175545
47497
443692
508110
45690
1166
606901
238337
473204
614347
589605
302375
680637
943379
457373
220736
256234
662997
9288
213317
784225
25437
422756
248064
733020
174469
457776
354230
42798
92616
144847
914266
263212
444895
782871
208066
391588
547840
616868
923638
88436
334379
299254
410617
422999
163025
496465
858844
229760
291256
407105
778291
276142
884808
442230
380428
506790
196871
887564
44689
339273
351502
889416
611927
89890
9679
326492
935284
832716
781509
650945
565039
357332
894156
726836
378571
838100
50643
858363
950787
637460
731203
891144
520522
163805
555478
633272
86318
894988
867007
623778
227764
885066
996220
678063
217410
22957
715599
832927
736780
348800
608212
432837
24819
667008
583164
743139
950041
74089
390892
454037
840689
458772
391413
498361
880274
783462
62580
150720
48653
660574
271038
435637
211242
53674
168845
707060
665865
884210
605132
295938
432329
635819
412439
868212
497036
447896
157764
428714
747079
556058
228452
919898
941204
521237
921480
316079
725966
452495
656394
904111
903520
956089
971755
179076
653264
357878
729992
642739
242404
183955
500648
558009
397646
144224
606775
338701
29656
66637
587567
242346
705963
371788
563455
45342
915862
564970
360893
542438
590572
760624
900150
226816
197826
142830
756621
452792
100923
415973
460039
831871
925789
276436
522396
45578
63734
333418
21848
832401
49951
304252
858657
447797
451205
98967
290386
378068
390492
553296
616185
500843
853373
484282
910725
720145
819573
191966
450498
557131
721308
283109
704218
389762
50139
305148
923620
495878
551100
156726
357771
670525
823607
975838
330372
350710
320305
793288
662847
597221
485911
110955
784976
742523
572693
437168
850960
275643
104816
677987
146832
853694
73798
274332
141223
120135
39681
401509
918180
64982
606152
480421
483915
419167
891440
992887
432212
455363
3642
342103
569297
256530
109127
378271
332837
528384
373105
203340
519902
483935
380166
782978
952290
811425
308844
307636
766825
410627
463519
970460
210975
99949
725980
483346
31526
508197
945983
185406
356742
819809
285997
166828
321584
778981
522569
350475
777473
209407
480514
202249
531306
936739
38014
64825
734357
644703
184978
195451
603532
662761
893276
826448
620498
943463
59674
246821
747572
358953
469656
799570
854022
539556
153824
726288
750744
53395
183599
596207
875818
380689
661184
891744
484670
476725
610830
490547
353310
965094
768598
256681
489230
804496
835430
104221
331797
786913
894977
808625
262713
219642
263987
759110
597334
21267
62366
426905
72178
124285
997742
15324
96565
227272
610487
584844
43550
456712
617752
766676
821063
930621
18490
692080
567219
59446
990154
25874
307774
799422
268714
220075
159105
10529
768141
382642
466421
178285
938723
935930
426612
996361
347552
846057
930256
851676
948980
226429
255167
128700
671569
634478
53913
436430
648705
236372
809901
399740
503749
923423
866330
999208
848491
924059
206134
788648
603418
4419
919805
353223
439557
63817
779740
241921
268299
656369
507214
627035
638309
356278
278687
348882
308539
972468
539040
904794
470473
540816
589170
72046
737185
488867
334885
207521
873763
643410
500779
764955
275197
837897
132637
144839
775507
673308
431222
792725
315090
523258
536422
26154
920857
169298
907225
316663
618291
537313
220164
524110
974327
919342
766224
991351
973044
971131
857460
282558
46019
333141
143846
719323
811391
270490
328087
423387
67606
268659
29892
38155
10418
939219
947611
91820
818263
460676
125170
714887
282730
894245
182179
860612
475387
623920
320422
166708
353744
30779
656280
298474
995559
827494
334286
847194
531978
966207
362226
989995
727697
167098
886410
43276
446017
816826
801762
499145
306558
368194
381276
774305
368476
24028
548712
972610
369244
991393
956569
207198
863619
379448
328639
197748
671049
615615
770098
625120
870360
237306
932077
961961
60276
915735
791478
821478
554377
8126
933012
283507
82822
891780
779678
138993
967882
905714
212991
548247
374144
625353
420900
424952
129559
493785
965706
335553
717560
849766
575269
326516
133179
87643
283528
222429
83049
484562
805770
147538
395662
777759
10620
834463
109830
15076
91147
21185
732849
72652
550795
972312
475476
563328
227657
770241
674998
926588
674161
817580
654651
335152
827337
256579
531042
664805
927866
475255
183343
485731
488978
999629
808357
687
563528
204150
808981
850556
687178
459756
971914
863554
274196
265483
548993
434157
812567
535630
160857
538153
123457
968556
476419
406729
766468
209039
448079
788674
919945
425986
343590
578535
710460
71937
621688
531489
950689
422711
466073
505702
851010
281892
906537
182010
120023
75964
737071
992010
130755
252850
690677
338945
735102
250088
123366
736478
3896
416925
242764
24704
904313
749450
545868
977777
692007
380506
643321
25397
255218
776564
842296
63418
390839
707996
999294
814745
854531
516028
282569
620397
513504
896312
660785
692468
298489
630226
865710
22934
687074
549729
914202
896478
820852
588919
72473
245962
668656
369677
814849
813746
441689
640020
31620
401692
529066
278994
628665
234387
825650
182255
476835
642683
128158
59143
506583
69529
73933
73879
269703
873212
576030
103766
596096
710974
673565
823382
769180
941606
285644
579475
476350
463279
875572
813267
198077
864247
459325
173328
59455
732991
968675
306342
837117
403680
743013
705422
904751
300145
808885
197651
180724
185474
125949
470736
318302
171963
285326
685185
441856
885818
398346
288663
769181
379648
455857
74463
297181
554625
552636
478378
279181
836075
353883
254550
202945
462814
765209
6055
286015
596746
552945
824269
738903
12389
748825
200176
794325
665319
245504
651495
784962
81109
230912
968421
2192
489908
49622
147970
286395
366978
366548
32575
546454
621717
553397
347189
415432
253388
868252
253949
248348
512794
714904
289249
416207
392802
320013
777485
224339
357076
537029
456341
361034
570781
544417
434793
319430
264349
468757
343404
443505
634698
888449
358095
520539
982078
883836
348007
789714
182659
412237
911479
876573
634306
125681
457720
387227
955471
63352
961622
928632
3562
116022
985226
904380
81614
804797
849613
268786
811944
984468
277846
635658
603800
707066
579712
508331
109430
551549
756591
80823
797059
573023
990239
814643
901717
797640
791930
979767
576032
124003
386370
525095
119443
68693
73510
914069
919857
617589
71646
85386
233426
99788
60990
409122
966943
278583
28473
950757
609032
16342
168087
462609
395579
763798
553626
627005
71517
321716
279575
428604
109116
337097
64047
133089
228671
189769
450141
900190
119719
966913
606910
53704
747471
125396
650108
503861
841842
811777
903597
220335
884322
423940
515019
222756
341092
582126
183633
209219
1871
194744
303040
998418
200432
718894
820422
691252
646349
868146
69276
864883
46805
990398
742645
251998
214539
514471
284020
868296
734173
252747
606
960542
717296
315863
327123
933595
349976
800502
986315
882888
167667
231097
106035
930957
597806
497381
254208
950142
415409
599797
15547
998164
906671
615069
931915
114365
317755
289863
997459
250950
877747
281515
594812
925393
710914
405913
858413
19499
865829
683558
984221
636037
291194
427790
616224
232264
448957
322748
753268
311507
611088
244110
289088
30105
671062
254798
333037
333578
805143
958869
807859
818409
111955
318348
625682
716141
54404
763388
982599
942488
873481
886419
84490
205504
913839
295981
132881
61240
141609
927511
575706
3568
450243
725893
682942
848966
250663
166412
334712
500864
647266
768352
756037
629747
99640
729984
540075
572643
665222
116287
964313
300689
87234
445675
20493
606575
823566
139118
582496
758926
621162
763336
746873
983084
533174
436642
810541
809495
658768
490214
161074
204997
680985
988657
182071
276493
448405
720111
817803
522611
201993
594092
961157
692728
598798
515419
387043
760034
980949
884325
680771
79570
19420
153545
202861
730218
271078
554085
140807
317638
764223
825786
761437
817684
388409
264455
931173
262286
71622
119735
830655
477889
228453
369050
786953
619795
863480
737039
408082
679087
434261
899106
670011
389697
221053
870596
726590
467320
390198
74103
60799
107312
73971
127520
307936
860645
495199
170771
441748
215220
142658
231552
120503
45265
355942
437003
739584
621658
165841
418760
55825
147465
357915
463104
788482
751901
278422
64434
838408
898086
234117
976275
983778
66851
665403
647257
132978
278981
738691
610195
302528
330349
580575
818001
227720
418621
933944
751019
808342
498951
656017
741033
579531
946888
840781
958126
911268
476
86690
585087
911623
193205
630421
672080
772530
502085
56435
999426
762988
763447
895853
40862
190447
570016
330305
427334
421810
216049
945900
420728
65561
720087
311149
108664
325060
487301
197486
221207
995068
606123
356528
256103
515797
539284
55183
611075
66718
272415
723833
545826
63941
755872
667346
589118
894402
263944
447128
894996
215111
951828
891326
708966
843426
801745
913362
639651
640504
457506
444108
654333
872583
970576
29358
904345
731136
661934
788543
885837
712607
502731
387543
40684
843407
467679
829895
152461
246427
592846
188035
725001
656311
86026
743875
257926
111637
148521
384203
486141
516057
680576
817719
695217
415868
826860
549059
288216
451224
435002
555272
499853
800040
714700
687312
146130
599612
295485
436007
464318
748226
73738
992892
59977
570009
794720
287067
598474
551464
170808
84077
379282
139922
629328
747476
449632
165122
609866
879774
134637
321163
138814
193937
360158
688358
514196
949179
103743
545370
2257
257889
951807
330733
853383
306273
396653
290287
373032
300918
568003
471137
816503
757137
418747
931130
780388
228525
219715
404684
733031
457136
665662
922533
627472
912117
235328
222494
749520
950066
93945
528025
73606
667015
275307
679116
430576
126600
364068
807238
989528
865212
250988
561605
158317
973340
871856
706459
697878
366225
239254
457312
200947
82996
937721
372224
381008
547381
216228
881304
624738
22508
932033
62190
332492
217566
965379
170270
305433
164340
962232
226138
652614
506876
618617
563069
127304
659403
439172
85373
352281
815640
594355
708369
729898
190434
207034
939815
134069
548553
267823
899821
875757
780080
62272
384859
549235
386218
577590
985136
353093
519049
42210
901985
109695
443941
166528
601193
457729
554593
272469
357349
720613
938159
205858
100297
724015
600832
66151
982477
155579
38613
78682
679514
346956
493394
301250
892369
126100
650286
665621
685420
153197
382475
280308
969804
521799
7084
690274
947946
39827
632555
520733
329290
925929
702004
903287
680141
346808
348018
121159
473803
655686
179371
764394
187121
894527
457664
668977
21476
743351
334784
626831
172306
715857
549149
237448
533205
286003
547669
217818
767603
756778
914576
110032
116827
16892
574994
254980
375435
751643
440339
338321
816146
356383
810394
298868
878697
200811
475273
776405
568972
154956
754537
404091
577499
297295
89174
533486
890310
975452
444210
723719
999441
998053
426075
52435
307329
446520
459939
732389
359417
752424
632785
275835
875781
503517
801281
866869
937252
705425
893839
196964
580858
833378
590565
556937
427405
324336
134863
777835
540103
345088
529960
577383
918672
852606
635098
146796
684591
588606
658327
922089
349366
729043
661328
436361
714156
372430
72399
188028
16697
521903
878071
256324
828239
415888
316026
362698
173022
432429
314159
473641
406614
747616
281942
681623
631795
687762
839186
367755
793965
821843
60167
341660
877576
690700
698088
229706
239488
371411
262395
542210
683056
569403
876199
876140
87687
814423
610360
463094
257685
659147
442301
324663
901195
893763
732769
932666
140548
375164
584327
88653
33969
948364
293068
21499
341594
328283
192217
931356
441754
278693
760218
994648
294290
646856
790941
771181
195654
121284
235070
966756
882520
879090
348593
393331
356971
377232
880163
770283
808846
961415
692452
915110
834910
122843
504309
543993
479420
664544
466958
628792
782623
250135
190708
484500
611390
314606
439909
891748
344850
553860
753833
981150
920557
194062
331192
157779
494554
462237
978161
538779
508619
166869
645582
625292
393033
686599
638572
637707
719750
156160
748090
49893
708353
482969
139630
563010
487367
536735
613295
746281
831202
927447
886034
584777
851483
159318
742971
733880
537367
616144
518734
628434
491766
502665
319601
773221
828303
277298
511553
232166
707926
778685
280116
134971
483335
846349
444999
634270
127835
521369
478328
595798
22623
182161
235833
11006
390846
9634
939297
366704
56600
176734
981969
936372
481425
602031
988279
384324
801705
890717
378508
153963
139064
520725
270390
843889
930650
878642
67874
891207
114404
826642
780710
537175
427540
65734
474615
646060
23688
441476
135308
946038
925358
639586
723246
360368
861223
566766
201990
924547
229342
293527
389466
379769
280994
78815
309560
7563
256838
12349
615646
89276
140204
164756
149283
920975
450775
176024
131753
154694
701604
658965
800354
98256
236627
284092
216422
556742
401191
701459
953722
422735
42761
420758
465094
716318
611294
719775
744305
964144
70263
583684
367168
153700
730842
748604
9343
194529
403317
124729
460385
964689
541016
216179
767524
30299
812408
938087
423177
953015
837077
182424
535120
607324
843068
423573
65233
297781
908696
813013
241397
920688
969249
99281
832454
628296
962820
419730
607081
438897
803978
973269
312186
278005
287785
854551
550112
576299
258879
761457
58654
384841
658201
542908
120176
829160
450852
968696
836982
143002
289307
905076
801704
912111
601049
280157
542525
191430
626304
904932
209919
728164
409507
156032
515547
725879
187323
231162
520074
81231
711081
330935
417318
542239
603096
836547
244949
387158
735212
982744
654079
927905
244830
672475
94414
142847
961939
609569
471446
533784
55497
532543
975043
149655
918057
300359
819710
29332
309985
463519
867232
230392
44501
945822
797538
870831
635887
154134
483164
1349
988605
961018
383728
260038
341288
344470
289817
388724
435184
932528
907279
261838
987788
969391
874938
820887
358191
610934
4354
382043
740473
769461
753311
476923
632348
842596
518665
312731
710329
43648
454191
286976
487483
174098
897804
232213
864040
670447
789095
889452
885490
867381
796523
51424
478230
957851
661280
761141
282884
513396
691946
770055
955537
360757
640046
624282
613854
738923
408911
219538
556324
591932
466634
564906
871723
143266
647380
1132
251530
893647
772994
149991
3362
502529
454160
96715
832900
571101
698108
286674
776067
480073
482646
213845
809719
518453
501773
938587
526282
880721
111014
768107
190564
94996
44247
160645
997253
652766
859366
7962
664725
463438
856154
240661
11519
271932
725686
148942
606645
979707
695058
633843
545863
584763
292719
323938
527660
583041
952822
146894
432969
390867
796383
674853
317980
878874
841121
658452
422851
563305
584573
893128
870461
321153
636168
697032
582491
500402
455263
828985
921704
871498
13308
607667
717490
348897
203689
509372
356018
554330
264321
765019
784898
314679
856766
418766
415814
908697
862170
505121
342440
109300
997196
304173
120817
451289
481067
444382
807258
182468
926114
930386
333868
795496
502377
477415
682894
606106
410377
79461
653465
444795
233066
228941
272207
748441
731976
447625
26552
602649
253529
548613
555679
263771
875895
500117
676837
248997
916981
714287
306957
38794
856799
942593
681240
229831
356159
664376
960663
323076
676941
101988
864388
601350
417016
75308
113851
812836
978476
978167
215418
132845
607186
167541
770808
493629
452323
669837
837634
600311
984743
432523
805184
650439
33219
277661
154794
341973
788939
223732
905203
938017
121132
27462
343315
592914
39037
185364
679451
878324
26727
67124
262076
405174
166993
522655
474953
426825
342842
861080
872784
211490
934106
416533
157258
40410
165421
79934
407348
378182
784890
200944
138916
506730
617320
72218
688318
806184
33850
818806
453310
137205
575378
460375
869869
648002
176009
943374
104374
878191
811648
39213
99247
582696
339536
771624
698681
656314
501792
17398
924123
203540
605203
125061
330794
810383
148837
610613
655446
336070
420315
578215
604
870026
186238
770495
418282
511489
263110
836624
930407
136155
271369
621573
836377
444801
898728
580542
142605
850834
768202
929501
67900
518479
511330
706285
545125
840786
357235
130074
780338
812169
859278
499365
384541
534445
527411
751998
480462
371048
784045
434367
631152
309060
529105
989226
594704
505244
164178
676037
167188
855548
480376
137552
102113
271350
236913
414103
2700
304200
112390
512142
4301
59823
404035
771263
59789
672899
732533
599547
655944
798388
253264
277850
508100
516824
863226
241017
105101
746870
343019
260369
608070
45203
357361
331096
153946
519138
46139
370707
28190
106009
132089
749974
369298
161962
170929
581028
951872
74104
982164
886757
927854
925921
55965
186507
322817
722062
786416
220438
417568
979525
842461
659113
467354
203669
854845
356877
43577
273021
138552
84126
855915
411246
168551
931937
297261
44555
925154
592999
644196
629832
633167
358749
497857
725745
40165
595605
296793
743803
451185
126057
85445
170799
603592
619321
893763
754076
920464
944778
432390
734227
86473
643533
778936
39968
810635
896797
108599
272805
114226
460106
371568
914174
630253
502667
399792
587412
31230
609276
714100
309428
790481
847647
197950
73315
178570
825572
564690
895298
584011
115271
406138
299085
494677
714905
134660
112650
779984
247460
681918
882001
210259
267378
878673
41007
813075
946946
464229
517929
596425
819195
694516
158635
335685
405202
983053
540274
634052
7159
911002
530952
51761
369101
668777
393838
36129
721309
81428
425071
508510
913348
155661
193418
57983
841243
841376
685282
995316
233102
719944
524836
127548
159345
325716
973711
130940
52305
170970
325779
391486
840584
112674
792740
467909
468673
670723
862491
259705
526909
306094
917404
705603
162440
128288
994809
941331
230133
520883
536219
9257
40370
11755
903222
918700
996187
337451
280237
817384
216452
697865
399476
749242
549080
219735
57824
983532
705318
160203
746622
815956
883489
897872
25115
935590
918743
378073
401361
807137
175178
888596
642585
205905
681015
769338
219985
865889
991455
71796
283237
736042
283819
989936
439013
791509
449193
795300
765102
126848
939128
589318
841839
796415
438979
64080
531890
352018
539580
27770
713513
794308
986403
401626
325125
121499
865648
630686
833962
422571
237671
866769
681866
950984
439868
347653
482352
35526
279638
786402
976752
580790
184610
128081
381114
723445
565482
403075
168200
529662
253876
516457
439059
312452
338055
760553
946712
313057
563738
79109
874780
709168
626062
482719
967630
103411
962251
273176
242026
596993
485467
177454
928840
501503
644029
420275
904542
506523
543194
321263
292487
626095
760892
528993
35960
717933
886611
947950
441500
138738
876159
107586
731080
403417
585916
104199
282742
956936
294741
19508
636819
389457
943987
152566
26583
242366
633941
578413
126884
766413
97327
144314
829848
591215
341048
119966
693822
11024
789718
988445
906793
236422
470887
692701
965062
293925
507002
62932
811409
802132
450942
156179
297261
941415
84390
644294
186592
48591
281748
124277
516101
616024
604520
433711
472756
414041
405435
46524
48972
905977
770546
424569
224606
58002
62352
521055
783845
998703
789629
223758
575564
568127
676294
950934
466107
441019
342392
42638
974392
861337
562767
844717
205857
511796
755356
949854
166372
868667
757986
40492
713149
647833
723451
473984
174912
795792
586762
767372
294424
366960
209556
122637
816079
797281
992848
704586
82828
2922
147715
94927
571003
89082
725004
590873
171372
552982
310193
610966
405748
927051
578762
551953
961874
665468
716416
872605
949855
64306
743263
968823
364953
573382
739203
722795
330419
553469
383060
919901
667900
566154
642121
61804
198493
717436
914881
282456
516800
46528
688770
548636
196327
97600
556477
692282
929096
42165
994509
594027
790136
69814
246778
213018
928051
658282
940687
773494
222049
480514
619392
377789
797501
77789
248106
934901
746128
387452
793342
436304
751039
113280
360181
288188
360971
44550
938458
260620
398815
728113
884189
864067
682034
829712
397553
476086
240320
152641
183370
799907
183331
361053
132789
2224
774007
726830
988818
810232
851560
24611
407341
567393
954358
118517
588357
318522
528434
655336
557086
486430
257051
502986
990604
849958
75762
339170
385313
265368
159812
59122
905593
56914
904619
208372
111104
939775
762617
11307
571248
449511
983492
661377
477504
102281
33158
731841
946459
136314
671523
648868
860382
252504
813625
943371
39001
662867
892928
597874
427111
771801
532284
814325
225643
294949
70016
377940
488134
879946
527893
395030
331073
747330
517687
4153
753131
740373
301082
754509
894435
270082
416197
861763
293764
823248
131933
295751
598841
511312
657603
537621
622416
970425
185105
642290
552895
720774
208663
308548
244664
798553
525598
133678
994888
972812
507402
982448
71396
345982
671037
112999
861140
284978
406277
702089
278622
186730
183053
831643
366728
147873
81770
916157
200996
335872
208521
816690
876887
152374
689815
455441
424739
665038
20877
526679
771170
149642
309982
205774
88508
619768
998348
417395
714275
39606
100268
766199
800622
883838
544110
752015
321607
56784
604934
847962
189737
426759
737186
337714
843866
170028
472666
907972
735385
738155
578966
277061
560561
31767
634941
101870
523367
18341
469164
943404
924295
538882
77602
814700
722156
127881
496893
474124
504327
502499
827198
45213
624573
848109
912081
575600
323862
552844
880274
668507
45800
645974
408632
377028
679427
238268
324152
327367
463726
697244
480980
712366
322800
512211
845339
114814
841464
757528
575017
451053
578334
846082
653005
538993
585937
837962
903343
817449
88719
730003
274312
661118
825634
262122
915207
218567
641206
607492
291121
214375
879844
804710
746402
625274
578694
25977
642928
179185
376410
602890
324744
999422
344581
680449
115370
115829
170959
405257
251345
948014
851093
342384
811839
64569
456716
442805
613717
695789
427642
262572
890185
479367
134742
332753
957502
524272
165978
905669
716441
842140
1424
83097
969983
50087
982176
505252
883422
888927
847571
641720
112639
777387
427651
173824
617098
445014
690644
883009
671587
12472
17456
260426
652563
281814
189318
910479
10846
745585
252716
722275
460497
733448
296654
379026
169616
355970
538862
518971
314303
966541
105153
864714
626764
925527
717237
668691
347120
795435
469994
926254
2818
322364
462310
522220
7827
215740
800307
927298
637417
131044
348515
431495
819718
977840
985352
57090
542900
631071
649227
474109
873192
555375
430542
479194
867985
868759
853961
634785
578065
229639
474525
880291
750013
321178
644517
135413
148852
872838
559362
67448
216661
645928
998119
455353
210462
412679
148446
759771
44002
397616
744637
76955
873134
482163
91494
557498
600390
977731
209204
113926
356813
742844
814325
538253
254191
616363
295185
147216
642719
323539
380285
748554
542144
310402
616349
598794
246289
551805
613092
299571
191121
163242
910913
746404
234884
584391
421581
707909
722444
672661
599911
394447
721540
625595
743040
188958
786560
150190
114878
760289
332676
47284
570977
860038
862765
687024
79518
933645
88693
481371
270949
781519
505852
544210
304105
709982
399503
724605
346185
102539
274930
461659
570673
922523
136196
218384
999894
755443
978296
815399
116950
213625
617787
479905
62852
29790
702605
237182
932144
52443
82611
913045
994792
498432
862287
848775
631864
606137
544285
158273
102025
650736
711495
938488
550060
946331
90866
940785
126474
360250
695555
433011
144544
809719
863057
617462
424449
350566
178448
560943
366370
301982
61922
108299
385941
57522
712767
498312
94739
628130
603819
405023
895786
632250
723989
756233
370647
931874
938431
525269
363721
168619
550718
612079
10114
453538
418698
108452
572090
227500
218949
698807
425585
753909
864514
842842
295604
208923
298496
555863
849106
109197
921712
228699
932891
639752
726063
288102
225739
853113
84511
386308
889363
500223
83570
108179
284683
785261
80576
651613
423787
602014
26764
458418
572642
560831
937203
855500
432038
599991
666272
919234
62326
530883
69542
566801
539202
879371
152093
222493
849730
587925
354276
10871
469038
363232
640142
844479
69260
937770
913342
738327
984600
550692
736643
843796
686130
466018
894062
61194
721282
326315
669307
825238
780588
423808
427880
773353
287905
106967
53829
199043
389353
642516
245982
370012
177603
407011
948776
289016
984842
778923
525834
776847
238745
958207
22146
345434
346881
384686
763461
111116
665472
386767
610119
122073
581897
871369
502035
377883
2061
270519
575457
564255
480384
463101
869051
618049
764949
71542
683271
937899
579082
184647
889468
226153
117158
27878
906300
841274
320596
996319
458439
522965
446401
549630
248865
254312
366381
626912
109526
371979
373626
745172
492416
948903
427988
279343
776243
232665
922899
619549
200229
419814
830974
462865
151350
115614
523596
539709
321920
401852
130446
511783
680027
152590
631875
36829
867418
804250
270754
361790
403164
396605
522554
686928
682470
111360
11346
550289
67638
807756
247245
92591
164582
219054
305954
861808
868825
188811
931496
573839
205870
831000
886267
127358
424558
887389
181284
635473
654305
378705
545818
987565
820104
95378
946771
80562
655386
321669
38841
921869
300459
879743
311714
530923
935325
474598
454638
962432
904960
371904
195352
438536
549964
682935
65869
188529
924791
489749
898958
594428
957552
283342
662038
539138
106328
507316
464951
466016
366498
812427
328259
928298
202924
697131
500830
480128
72638
996064
977816
450704
829664
757634
519169
495556
639110
969883
531356
634070
674287
370143
579848
303316
967691
618429
205373
555768
825959
776722
638276
580913
908630
325332
905205
495724
393074
807487
250134
750363
992891
530217
100589
393611
758061
649213
88076
135519
524461
561307
892560
251205
667689
212579
922982
150236
254634
972620
310836
12272
687432
175324
848819
907140
604902
652984
6626
872697
421857
241135
294585
885901
178895
562396
898278
937084
293851
663866
892771
623445
34361
82989
750068
883341
66584
599023
888034
899680
370163
808502
90604
305290
157958
70282
73869
234392
554927
312973
890057
793923
205629
973916
122784
590334
162703
217074
278580
792397
651067
720059
722130
211419
526423
607660
329353
476760
280120
277878
431635
444817
636392
657761
762730
123977
894521
74408
184691
703331
840395
667728
315398
951630
429482
742992
405005
517120
660469
973071
832950
695635
928993
407214
571139
546221
22682
229704
87223
856855
502357
453249
48025
720024
95080
658810
667845
879857
478527
187462
644805
286393
382017
929433
967535
954285
980149
965875
235234
573201
544319
378563
955710
380685
404728
481438
120907
585111
79114
818035
134584
970081
711276
749119
382290
128232
323941
76413
732534
344353
337041
261513
783722
657664
586162
284051
302096
374773
341913
559845
853745
417618
497750
101248
172755
148832
234234
155309
809218
414231
370454
208818
324792
145255
930203
219899
157176
45018
727737
936581
733154
704305
667369
369693
225513
295782
149388
373913
268236
720983
369913
275263
151046
105700
953557
774549
264671
132768
442395
477559
369825
204568
633160
643403
567883
342965
753691
427571
464804
785085
167318
254611
451482
900357
848734
713218
452728
285137
145270
706575
442072
758791
418561
797925
633226
258382
649289
378082
45817
204183
998224
52080
807149
586305
555599
113454
456604
215450
728705
260231
752445
642146
785709
145054
256130
482186
824577
77524
734421
651341
966023
441988
550252
720738
911010
867739
801609
386354
13011
181745
284076
28393
297089
39238
706989
895043
842114
466682
895568
951302
75986
902005
9128
461096
305545
557411
66558
531044
931047
347140
628933
276590
465958
418411
395836
497739
336887
99308
301230
485326
397422
989208
836864
63262
949629
753470
936161
406461
761223
418162
328816
797631
346807
493463
255376
262097
898305
537199
691865
223055
582761
382082
561454
32555
979058
930297
262715
515008
120606
784492
766076
381626
966264
705994
45280
798132
196978
751218
378107
983032
72775
13306
44570
953100
415143
139310
921131
465805
882795
205172
935628
26304
825850
990940
776597
497947
668348
805430
24077
902307
350396
923085
298161
358102
114933
878796
607968
661436
5701
837486
265393
26933
489458
186692
76719
140196
36605
528064
365663
49646
567891
838170
675133
362186
685476
816448
114017
76294
912036
672945
643807
546399
636567
177832
777242
673746
697667
971603
314306
842066
439389
391197
785898
79443
495976
884090
790123
538913
467382
53817
217338
208262
349614
934435
702098
158424
72161
703571
179647
216363
222402
9303
107268
474401
331029
537476
557371
120024
677541
625777
176797
516055
489651
208519
753018
781664
335890
593283
704877
575663
432353
306052
672557
766297
807382
667500
569416
632192
284259
432863
574429
668059
697198
15437
273337
55585
12767
203770
196313
738374
7914
515516
504904
866922
978729
901374
640689
314725
105004
214096
756739
932943
879325
10208
737719
166136
935502
290017
418868
293445
556205
917910
116627
251064
746686
281896
873219
613065
519654
550504
494233
771730
653412
464702
327806
946781
310506
486761
975578
94530
890323
252942
804825
139666
683884
566485
248725
179243
525445
545390
275368
766170
95081
491426
936586
412503
992713
550718
299197
76142
732692
148043
37412
609545
5869
52054
130844
202963
754602
334754
669905
746151
363703
595190
888426
298537
642153
681992
45470
122303
768828
419231
139038
224913
683817
711575
796025
549209
841737
218771
931581
582390
842288
701170
477333
583229
931584
821021
241278
620250
229579
47385
988484
309407
13422
181950
964188
681984
992436
264518
710488
587530
983149
836999
462655
272736
412779
685431
406509
316657
66612
871788
421592
218981
356294
285122
689049
199457
931495
890075
270750
498959
556320
895597
394188
309205
686200
868459
507715
385561
888562
873584
101128
603937
426074
126394
46916
702430
264937
799176
691453
144176
99600
698869
263005
94359
954106
640631
581334
972457
505432
549493
565198
179808
844958
338921
647331
341331
554534
322308
825824
347245
365683
691177
462760
612540
501285
56046
544660
797637
56942
933435
240694
556944
288847
267892
304170
570602
100780
640053
705562
678777
124908
297497
898610
3486
519182
538355
167267
251946
319597
281523
451786
563149
842051
734548
112780
803872
806236
47469
544288
911908
843356
732565
528722
755686
536671
10494
330534
414793
348683
792600
387787
582731
533459
496355
626134
745061
691002
913190
818751
275537
871569
745794
732492
415553
591050
522118
32429
630480
310863
564179
261941
666878
201876
630712
481305
154187
12506
310233
595417
391379
946519
118782
329420
222790
936394
402450
982259
32739
548376
385783
897886
968786
173824
637827
674929
680840
682874
767984
395311
484053
694393
300735
236095
29326
282432
938837
194199
840456
922841
498585
181310
410897
356378
697473
909712
656218
358416
605141
751240
729116
696605
815193
800984
579008
189850
586540
131187
671107
184232
529851
578017
438816
314698
739550
673975
764850
61299
820337
666350
687446
521162
736783
783420
396470
457442
878498
85982
13007
698607
257001
697935
15856
278857
733630
49191
707390
158387
340208
544522
910475
667593
777365
122713
608928
381140
17851
11718
556321
293655
275285
474273
513083
9564
408224
677703
498934
847376
378229
192068
944667
762392
753535
736530
955049
903681
970850
507446
264433
493256
506562
284698
13540
129020
287345
951998
444704
595359
315376
473163
928780
793074
579045
425084
868836
417927
968660
283208
404753
843035
504257
555177
96133
953472
858377
422533
115281
738752
170219
199783
120960
983191
764626
304806
383965
112774
880006
885634
908038
756925
148963
348437
388551
22471
234661
481140
414893
734718
474808
161202
179611
665461
954948
928550
895733
862136
192329
600581
560592
293826
771139
194098
242755
76477
829075
288453
882760
823385
911798
503869
145747
975075
909906
653010
687458
991944
846264
938054
976005
900861
961684
183337
956887
752202
634632
682840
890500
113561
885568
692945
532046
794170
637670
580621
270829
514169
724730
837748
706750
396038
196034
340930
320563
449984
768113
531923
889368
474199
386480
800032
180303
856330
701669
977600
684401
858919
46971
150631
511648
654256
751712
551921
663762
406664
394909
497073
958505
218097
867984
258501
275709
648894
533892
791122
354578
549542
648668
942686
714406
608881
574194
680668
964980
464331
640863
30990
220144
428225
159240
589543
782504
104299
258944
545300
666206
352036
997711
591296
887122
21276
381721
522786
279591
218708
17628
262341
792931
775722
256420
690686
986235
496658
834974
750638
681770
889417
786234
925322
989163
674873
473100
30103
649244
737101
82261
135757
627987
267693
341698
443516
90873
466422
302871
432786
77962
493910
447590
808936
535832
123938
227819
587040
253404
10409
379148
163012
206475
812270
654424
663841
307861
523375
89120
357406
794563
796797
966397
859936
174028
351506
160036
845970
706051
172670
483795
397946
33927
440047
982488
69512
391404
268609
324909
730461
611251
254619
224322
499433
638775
678453
205900
548262
62215
238509
466918
390876
281265
852112
12661
30357
583680
721177
597163
870533
41154
946732
761899
979584
574853
826721
25555
76494
998878
173942
329605
126661
74174
312147
682844
512505
908822
665076
601086
372477
400898
65905
938344
598383
939060
853601
624120
215927
995083
341125
152896
917999
793579
220581
472442
893931
837970
883652
939030
157890
805937
228812
933819
795806
94471
137427
505277
180471
498024
516284
548545
582153
252807
388177
92105
832672
194973
130613
304176
395208
226515
961431
554150
717851
468408
786081
384216
197456
61618
420928
930591
105235
428145
687593
380933
929212
23795
537353
921181
351003
340217
313367
769551
827119
270790
857844
185901
144869
921160
523839
582807
112671
994825
48171
850892
268397
244260
652342
632095
225184
970006
398599
408136
919459
292466
716154
942484
437763
503606
123671
891149
591502
825933
562730
619842
674324
907290
765076
887512
188424
945662
490568
441393
155161
883726
614563
473655
18894
401702
728818
666140
935997
176801
634330
653306
316513
748799
464304
565136
391459
805912
674270
869757
179825
284903
93228
27806
641529
669320
569321
129415
650857
869196
364400
443381
169525
403915
676011
684585
514047
202944
106167
359720
780366
268630
818284
178758
396406
89994
373332
123969
242096
860326
368578
932139
721513
294831
293328
880934
37637
201302
798173
140386
465962
761366
808343
971994
124403
365072
85332
206114
632000
694941
978508
842902
587510
536481
1074
541165
699554
724788
452984
831230
368153
481537
818999
482817
183366
180049
431946
487503
372902
118328
834998
214693
777843
752668
453379
457136
829365
518182
246792
326493
20195
119181
942314
224270
896849
996465
905601
682057
514999
633784
251091
373785
476898
739474
716232
488003
541007
353711
189488
637868
686637
870389
3443
816992
216676
781746
108095
435601
95076
986174
194766
339053
456569
673153
351695
824596
279257
228840
26754
855172
380725
205302
243976
397413
51362
915175
7771
944218
817804
619932
687140
92724
527933
179591
345594
64053
623885
564362
812490
572341
718879
550066
524388
480831
875917
909213
216862
985572
454811
313344
846512
314327
567531
351780
998884
580007
564125
622499
945402
877255
642535
464407
678612
821
928946
113298
454996
447688
47698
627491
147508
238041
808683
772894
697909
825312
641870
961515
507135
191389
982698
571951
367349
693528
560372
472907
44258
590132
118392
527496
43366
698134
653872
257281
778879
914194
619096
503182
773368
503854
593262
290250
720988
356159
547000
646282
454880
42265
568716
752266
496271
711946
977208
207211
317437
719176
648027
14771
313589
886364
41308
236691
890993
307229
275125
261876
292140
423592
387201
127595
847369
155057
641965
903441
932491
853384
565078
191553
110719
792586
531135
89107
778929
837514
780407
391735
787709
824320
398759
84701
497576
171910
797283
821019
814738
538640
878564
815620
482452
149134
578554
583399
698119
11131
329150
582941
709050
172675
255521
602284
552306
38352
572415
534474
159010
232651
484919
364815
377281
416265
10846
79376
169482
126289
172307
323562
703272
923570
870145
438438
285524
919122
222644
172524
898993
279488
422221
352023
337251
757881
790780
713860
809612
246255
213328
136154
87046
41490
33193
784486
470805
178031
607101
703002
946896
862475
521226
86598
529141
121173
701222
469464
31825
307634
959867
780110
35901
881715
699080
706287
904396
207911
292393
83095
757714
479959
257528
68106
476431
214162
446228
203700
220022
155038
601345
898087
26635
564477
211048
281641
434308
313303
278870
691500
370208
3143
754071
399232
337957
51388
495651
278484
929103
351404
258373
554239
23584
678852
239506
355415
144024
717269
166604
275657
438424
314377
659722
925466
947526
574305
876604
435681
941725
678553
43272
459828
679742
582124
807416
126060
436426
682828
35977
528687
120204
988380
932085
612007
595095
734828
533928
179997
151895
994117
243804
892406
922304
376793
223655
710071
187033
240083
28682
596541
454407
754154
652560
784663
905043
868680
428654
571384
181490
915783
512461
769141
987876
337632
150230
187661
952837
374031
977795
772841
78180
565689
314889
926963
493984
145673
863249
856724
112608
128861
860783
37686
476122
162931
883842
395203
731135
41896
971886
537751
463426
438502
592463
914597
54099
604920
714112
545156
511005
876919
627118
235200
665735
701373
493963
295373
488838
59282
770824
510398
993226
357622
974519
665902
313183
18544
651100
527506
352103
195083
21161
170040
653891
956435
120562
822582
414368
31287
289030
866553
288318
1347
156659
535714
379944
655443
841115
393867
321230
274354
999653
715991
751408
894340
17925
744089
737380
669727
430638
829474
726897
45771
33780
553036
827765
944728
486181
238698
927151
898851
550288
669491
697311
831477
667463
927664
473485
241095
31256
724182
738663
679607
216095
460588
602076
824615
15198
145940
881951
840787
502090
820527
479297
109092
816429
46572
628600
767344
535570
118125
605672
243831
56806
937505
728312
719263
92579
864190
227769
495324
604344
699099
245851
72005
171351
894277
862124
478639
318648
791854
74895
989150
980185
626517
341687
670148
754896
578573
483037
189207
343400
194114
559092
575360
552141
497769
776557
750080
58541
157056
461514
706077
251946
48547
763288
645325
289336
321296
726593
37155
451330
769354
739528
132665
963165
993347
399115
915722
481626
225550
740435
692612
559090
281244
879391
77869
443685
955492
895021
930666
667506
294012
611923
355055
942913
255736
569238
439428
464100
874732
447880
549119
18430
616937
389308
682832
569160
35879
439298
813584
836977
696846
74066
126125
475401
818347
426065
823103
175926
550725
540720
25436
550716
822516
197898
356096
912760
967604
829667
932461
59895
933182
309523
627024
902048
497562
935926
831989
620980
302342
169727
67954
855142
96352
65741
600017
294721
449667
197070
756957
156238
876101
451843
691463
343754
143403
866412
98563
252497
741435
617728
511859
345470
461270
697909
191650
269098
181152
123378
164367
532692
181305
604813
208168
910077
367758
423619
885424
420276
902575
815973
721219
386490
653244
514508
127358
928370
849323
72940
831488
812407
870716
835278
224551
584044
302805
860717
648061
800703
949390
17309
143445
588453
840312
910458
326832
378347
432374
901554
415175
472789
872513
610232
775806
63099
630080
717881
344941
299897
54355
74696
600504
623501
83343
107044
607295
362773
18502
538386
9937
143504
493575
71693
102686
764309
579754
617318
707286
886963
43276
443783
404009
447810
527689
248349
104151
662958
16362
548967
851084
365282
5743
385409
642967
325414
486304
927966
325333
864289
394586
929272
377365
568684
916312
336820
998374
384441
721901
427636
261532
947790
267774
108939
59072
610781
571804
178329
939477
33186
760401
619738
648186
511136
861177
651468
549946
963610
948791
997440
913185
280402
997388
984420
345959
487265
252066
466244
718979
483395
766946
286353
32083
310241
21534
110924
773279
832649
480212
266263
729826
436867
420928
966763
872706
501782
294402
957133
617774
114173
1406
820694
163404
267460
314003
385146
382026
473538
54228
641122
304920
230317
8174
108151
700230
110930
490735
256457
85889
156115
517810
710607
562774
588264
269696
519976
780950
395332
534364
437313
626348
34294
617264
907316
399216
876050
724658
922919
514212
802942
406802
369272
555670
34819
964985
206507
963479
731732
767213
664255
775419
496940
65040
13270
616433
981706
547160
489736
488258
505538
473585
310718
108459
785896
445960
427219
518457
260048
433
338642
576546
661594
132421
400581
94203
813781
568666
509059
309106
927663
991174
722018
842833
368629
851731
545813
411710
535640
500231
749203
951291
533194
267812
381251
511598
359848
646952
123948
268378
50100
710790
337476
73547
89691
96091
500686
529745
847157
31333
382399
801630
818546
644763
755911
66550
251052
191919
60728
981121
609318
528332
406320
440563
408531
220857
151904
515418
799886
292408
778760
80496
36933
554208
812670
816517
486070
188524
667016
369210
249678
867900
478539
223654
919276
280613
910688
593580
549494
177652
259878
973788
34039
473243
592106
380271
478405
299011
555951
413461
363483
9305
561755
623947
75769
732446
806047
70481
869047
17196
304873
975410
704021
731024
672960
247322
778661
806206
376601
962121
43191
598054
172555
713887
746519
187560
818685
179742
226644
212133
973702
50085
761670
143403
381325
726635
217133
330146
739777
160480
986748
598498
623499
997777
486805
26488
881847
968195
573783
929212
824235
520213
157918
289523
4429
53755
86642
557384
13941
674196
38105
866524
739565
730799
851734
931748
103625
409652
728114
385391
683660
570127
971483
114060
135190
960104
110810
158418
812852
751746
80597
773858
884441
320534
688841
972253
464603
902620
592759
801872
19745
428940
297134
692845
443378
698837
956017
625078
598312
784237
562327
742577
528227
829201
267734
456105
271722
992419
142027
855436
979262
690584
292745
304703
174856
480956
701520
501150
772617
204045
103145
668764
773608
838349
204381
120710
457241
577699
529155
124125
725750
934189
882882
78932
415646
303937
840333
75840
457584
529491
250992
512966
476912
692871
321713
946526
225884
535057
647151
983302
243371
822574
160587
516008
272456
572710
929847
348732
831859
512741
152811
64696
450616
539868
876210
400614
615018
466462
307320
777821
265876
921701
626200
664854
982429
745201
763775
851377
252979
735316
671173
412336
841534
974933
354171
583134
493382
672164
316411
360555
109330
991953
504057
4762
421446
914182
477845
909732
641816
332114
566515
177644
297786
586167
493592
958292
101602
711360
275747
408139
260640
749957
487669
851504
674384
133456
522234
214948
360697
499461
152240
31610
584479
442089
86040
623640
74862
917289
83991
148315
296942
640923
960605
846311
349936
840580
272513
321255
178557
614893
569115
796342
977495
931146
635698
536730
112481
753693
428835
601115
61878
305840
604419
943582
349188
854060
192818
660781
170823
355730
938501
566638
436702
571565
59841
70661
792324
283260
245987
598002
264611
556538
330362
560083
823252
477586
535220
936553
791197
334852
829056
425480
530704
219808
184185
5646
752521
400711
971337
930364
842782
768777
387971
702363
235888
625092
172032
599751
418884
273399
740683
310979
441215
876142
679629
272763
55082
636482
928457
477069
872784
169956
198773
119157
914953
769428
724389
109478
234248
377301
628650
420622
790251
595897
781167
731518
882153
454735
753870
609626
53911
851486
609300
270569
730074
550513
202835
177476
778031
25507
181523
196911
573060
581786
355772
409706
619237
638144
412167
724061
169523
313192
910463
265689
701140
973365
412152
636223
530813
564909
988665
238494
656092
379768
347694
518797
813658
754013
698416
565140
413832
836896
571228
32687
320347
382307
424825
627888
987598
801285
334849
920301
509340
434101
279392
614498
448874
928487
838364
955367
31220
392895
340706
482832
545885
504886
731152
61170
483374
292140
465658
699127
289401
941802
564105
29484
236851
427980
36671
568407
353254
722465
652346
541034
830271
165997
190335
623308
479947
374460
82886
136818
521545
711076
186349
127257
832511
91648
410762
542261
778317
613677
86911
572727
414855
814457
782584
743538
499836
164550
274877
703331
202515
305956
94443
566507
130768
790453
998947
706735
197997
517270
802444
886990
136763
242280
264374
436793
652656
331050
119266
330878
607520
541593
945551
468913
547157
793441
890174
43881
91237
412388
118030
192754
905290
453922
940220
540305
53165
210524
280925
690572
853240
176658
668325
936761
381814
900231
154370
97604
930379
909407
577300
897271
69615
892773
992161
124741
150677
561641
969617
559775
318488
273663
11581
957878
66913
575162
399326
204192
138176
663435
142451
214691
204158
45525
88518
616577
836925
626821
705303
492554
168325
28573
299322
128458
539270
643398
977722
274603
714221
426805
883640
725137
592639
378717
582053
668323
900986
