431952
757952
347740
947823
619852
987053
443744
633604
446720
515229
933099
957426
59034
656548
147838
400907
66256
211988
248149
60643
459154
319234
594459
650625
699306
516644
942532
706234
294411
9578
58782
545874
718055
386782
176168
722592
825944
679918
672636
859702
439282
27313
775758
952295
170099
931390
122887
342763
869804
879890
507551
260117
212354
967571
690696
514176
326480
592176
874497
408906
451629
25797
542739
261329
683544
820641
856059
762046
176627
693825
55190
166679
661664
259309
710985
186080
91231
213840
590267
655977
962493
605209
15341
999179
603222
184218
12803
612393
198465
507740
914912
82624
743337
289758
25861
388495
527236
695063
805377
59573
985193
16634
484441
833660
452918
823477
108759
726246
558756
383879
499356
707910
532129
661503
792970
506424
224298
897737
593113
286884
761701
822274
952291
191155
596620
975147
409902
167589
795699
478112
70451
884336
307735
357610
396475
505242
914652
20017
73442
517023
834681
567014
559881
184159
376931
523007
192020
473739
240906
892703
409902
9735
430492
458187
397653
624101
216990
17951
869256
297452
663891
514195
585675
648840
945626
674728
363331
649537
789894
496590
694976
790558
954270
535763
658438
745659
378560
527162
525781
105829
388946
792221
967051
966378
214126
208651
61494
767892
984989
710629
141689
464022
389085
534006
344163
706818
215748
212653
377864
352863
888315
570250
614922
61977
945968
224054
398785
571179
168208
740686
689254
472074
98933
674087
155843
562797
224059
207827
391892
112488
938583
440507
471847
226537
770558
423279
221190
686493
410676
916276
1147
519156
772749
455037
574722
451502
273510
963727
536696
223193
703924
184826
859425
722240
159401
832703
828127
143220
334622
399030
256958
617966
218118
16430
916915
399368
33299
555435
34866
493609
203370
779080
811067
341278
693983
811296
851292
725418
926017
674993
829307
961081
322713
742513
329263
123378
501957
567263
764619
718013
528423
306410
66651
764107
377288
490458
100280
232332
569951
711446
452841
663486
769025
485160
719436
558626
567379
244010
181134
370414
538217
628537
420994
712069
887924
553811
966566
760969
906626
810318
897351
967230
714391
568748
727704
708175
882675
627236
742443
568283
388672
305896
748715
732464
588539
332064
248340
174456
485781
110283
295436
45940
481119
776996
88312
221484
249651
503954
394144
531551
607014
143314
949479
346337
369673
627567
525046
529613
286378
766309
447089
514322
240518
609385
611851
37866
378092
513022
711322
46150
619924
172173
966617
990527
706921
774656
438408
162111
494993
270668
536675
424740
720244
64926
443969
644109
539262
741218
567563
455878
883105
174016
60045
611217
783056
818720
912112
594820
861187
294103
149283
330298
734214
203903
802206
272187
177446
920339
219800
964122
499477
684511
962122
166756
24389
501355
849423
487371
120970
542516
469249
342476
643175
962230
392975
790813
308456
721657
381846
925179
266084
892884
970740
766668
494789
159304
471270
444870
46403
634922
505281
866557
347091
603994
82752
98052
583851
486574
276251
418829
375586
599146
744090
46003
153116
473189
765323
677450
200292
899690
229798
166607
87271
694731
878317
843023
31449
146321
201660
512036
872025
246524
800647
795420
487409
38583
42212
500123
774611
754779
670425
697880
361734
279167
870239
787325
495937
818823
300763
823685
293993
704716
695679
84852
96007
181060
217232
432905
347474
13309
978304
361889
804633
761963
743644
769028
363194
422083
613962
245884
360881
3245
82719
827030
659670
398286
864510
639327
427054
376146
16231
512350
307334
504998
284565
249618
483988
488927
603218
547715
853801
437538
634351
396321
802984
134677
243476
804529
582449
68752
250819
459392
515672
36106
433611
122536
326663
258722
409657
665282
588849
47596
441305
708687
183643
788291
174489
697592
543696
237932
635721
509211
240343
377103
943920
959992
864461
945762
870694
449373
367560
587211
470013
56960
359717
86379
635543
724126
969916
522423
6948
765525
118895
298814
555301
153122
694299
457968
566877
945793
572192
65717
647532
535703
385522
184867
560263
152055
382164
72729
178298
815079
410132
471382
581861
885712
240630
342871
689274
664715
359205
414009
181220
41518
912062
250842
422473
148746
551051
841957
130750
604928
206223
315005
404778
529360
139053
541231
709167
161507
959816
961650
103761
960710
301122
873711
942575
421772
249983
179555
829503
61457
981418
814949
114055
247026
833030
288764
381477
557136
687453
640932
694402
496301
582122
88427
539099
713581
793297
564480
208996
624609
835729
861739
34590
854357
515320
364643
510585
719644
345075
311606
357445
75308
30463
329745
39734
947956
357454
606353
159433
218644
194392
748744
16284
835266
24182
811621
672817
657254
801819
532350
769836
188903
297598
42992
127729
259192
412893
508458
603250
907758
729460
607387
734718
266033
323060
258073
45394
996886
649194
259291
507210
595170
128843
733628
962951
591014
548254
677663
235207
182181
489442
208089
717505
446152
326414
445251
195886
876453
232428
620237
722837
289376
502922
299716
211608
139402
27212
687724
824663
132042
339905
788319
395173
761888
492408
713734
54065
851084
159635
779158
697340
920053
610024
872065
340682
610762
462385
756103
744537
944484
700507
901713
373847
309203
177464
631200
7592
55353
96372
271051
443546
408695
58976
948817
287628
837307
280909
924643
966297
921050
989199
649690
113595
592761
138701
784152
922430
356410
857505
383781
518649
207882
920615
912132
50214
903412
180129
595000
684174
237707
475902
26024
298978
152809
233582
913529
672679
182468
27884
336782
522699
323662
349461
520096
788050
826979
110798
546060
661341
493290
218470
108273
376254
695463
688499
877464
548445
888117
696342
59519
223044
824086
927591
941984
697106
69703
462831
271467
710237
670809
419332
641103
135559
801324
61263
992813
789705
16055
189569
657517
88277
127359
37950
142527
150966
944416
471541
773617
859542
313801
955170
966357
13142
518185
79217
495961
399828
66755
225830
769066
246280
992160
449871
366434
200060
30255
878844
97091
382105
901268
325252
700688
93382
132818
364885
469686
109438
15587
674220
587088
817696
26222
458806
714295
565727
988503
960433
818181
530785
484945
566099
908027
804715
917924
96970
284462
298355
215761
711873
853265
597028
929105
72602
249542
738519
448533
736010
871048
92949
379509
149773
645921
189785
717774
980395
862576
788843
310460
208680
999210
731117
573977
627008
101992
792782
462821
402273
827722
365132
744293
343066
653630
889868
402823
264239
79535
519770
529147
372201
761537
618363
664537
950392
946358
785459
945856
664245
189583
423257
972987
89790
944273
899265
999649
373087
138187
264450
292333
143187
885060
502289
520465
341818
433538
907535
373158
900073
23127
41012
22531
563531
683684
232665
629318
128607
240974
290406
251056
584976
575262
919297
617919
782930
927016
149608
687961
511767
828697
561670
865300
728199
817802
625244
658321
637489
493286
106855
718795
274108
53380
574269
181056
560506
212807
820985
562443
200540
898782
15988
184234
245959
680421
453759
80443
188197
348078
21744
29338
579434
991544
197700
107434
236613
17682
894475
12269
980033
11820
202573
927906
886440
908177
910811
182527
237560
700738
93096
598724
378272
679775
734398
329424
949438
679346
154621
226641
491504
838035
131441
207562
794416
551516
579928
881325
916243
870307
177154
609103
633571
113758
512481
717538
57747
184654
681577
589953
768608
875573
176337
168240
42386
556818
812844
849557
787441
614567
417229
41941
841936
740638
524949
474564
674293
427661
764828
110222
29090
357770
11747
560308
349382
921073
25426
858096
621013
828058
438347
609674
595014
187033
968359
752095
255627
298220
809123
804502
975257
242092
547371
743125
827192
291612
389352
99218
753379
422773
338805
468443
425519
330485
93142
119462
821609
934184
650983
525212
806691
844150
847263
252348
15448
267228
94726
579297
450240
228878
582949
855871
345664
207096
315561
165633
812208
797496
277833
631534
30916
210793
943405
594317
920951
779412
973210
887772
448430
209775
767959
244873
422976
838022
542363
146297
650508
539156
374375
124087
684012
928575
197815
131878
183693
167209
560883
798090
980167
533978
250363
671879
643677
353741
476624
671979
362824
111796
339758
702850
602765
137484
647399
181547
837787
485299
838273
780475
41348
224038
835326
691891
122292
341022
160955
182468
107958
913416
448762
100803
291651
404265
299919
385261
252356
340817
834115
797533
677437
447080
113016
714083
101090
578021
656480
231195
263698
400946
243789
205572
79913
854525
795440
521071
649875
822995
343339
82421
399367
774345
309636
770740
778859
742452
940490
289895
774458
857794
746035
184129
300466
31314
509676
541887
740806
455615
193754
907494
459416
770289
622206
692693
253580
619543
383998
728611
454932
865530
130288
92054
233777
431838
653103
586544
924829
635205
436417
379780
424135
966498
133865
629092
855206
638293
466806
191370
777258
180551
407397
277858
933045
943594
531410
591821
395129
98257
725820
13859
251068
819553
988550
372192
63589
452313
693132
588135
197658
642827
502952
964895
224883
453871
295572
364761
471217
900286
91446
895222
32814
969645
129916
509317
378578
49264
391215
293425
379219
486737
7440
914165
468633
892878
160202
204739
268066
237533
952538
774705
716697
140689
606597
372095
4140
176622
886337
198216
190864
509056
562744
876777
418345
718964
118254
236467
465391
621890
571552
661998
525965
517364
26207
457917
442409
779543
451666
286389
175266
776270
934730
780101
754174
370756
798385
546665
71762
421181
730999
828881
993245
527382
215867
698002
894012
615031
899786
932997
139858
972365
443360
84682
290235
61157
215258
936375
595846
45853
733746
414561
96873
411743
151992
689910
794539
314429
164453
888438
342293
123854
728647
933181
430323
261370
975981
688157
303800
516426
585004
118570
932255
314952
335415
999047
645615
258960
436806
798973
884047
712402
801047
194669
374631
805988
163553
164723
916353
766903
707501
761437
691569
296858
253226
161223
738989
537950
969435
942415
221575
394677
135108
444947
82913
593313
173540
738382
569863
468069
341447
788715
522773
185901
261007
842792
97875
896605
697625
616897
659656
776778
891394
932455
361466
13513
221568
640395
241047
360265
131820
283167
960757
436806
893257
733277
742079
302751
306762
979240
840777
653233
458559
446309
671311
782252
900191
367848
269552
132281
763960
296500
26770
764474
566415
188903
558580
80207
465074
761524
828225
572843
112309
593116
633665
720991
384729
670072
360815
565809
916786
122497
811763
113737
718099
362834
709223
249560
239435
262325
688867
123590
773225
337841
409135
949466
993728
464397
270076
369594
606889
73034
8498
263864
346226
968362
639966
123118
39736
375470
128813
219397
826175
307084
59421
24135
450167
114404
880674
728173
44943
132973
723225
82081
838504
850425
587324
592144
282629
99887
431953
405073
277781
411510
182871
454873
395237
916570
750938
538330
116871
273147
977799
462775
241177
223457
844609
573126
296196
83338
18898
709210
253343
436939
840737
623602
966161
615300
36688
546525
668699
603782
835250
701341
685252
115280
838009
928419
333527
583973
563603
93634
72612
518239
858858
800116
216415
16912
494365
657253
435938
103330
148497
331158
533609
694122
172432
258008
497102
659110
824967
830952
159769
212606
400076
211774
724107
794309
402806
371564
232024
393954
839268
142478
41514
487591
461011
157658
835311
74841
701719
808636
144002
802910
371640
589599
69242
581060
332778
131282
933516
452985
541170
657627
770355
161244
384910
544364
813630
9805
392136
256264
404101
201179
994007
112841
709241
707158
51595
227719
865637
428775
164988
220653
860882
194298
184220
49128
646437
42459
711966
122107
202900
341025
510762
323860
201740
84779
744173
463859
220351
234944
377590
846230
3969
496150
430079
787502
813985
379118
980540
998972
78310
310850
798394
83211
214748
808625
472769
200870
385798
209400
519921
917109
447037
964363
325892
658344
182848
990944
151411
413090
176249
833010
729244
934572
128011
414789
184294
83739
587654
938430
517705
882952
815062
106560
381473
69893
83602
928275
457246
161871
299592
273518
976624
121323
787380
363104
347104
34015
609071
737495
86078
283690
495936
405972
647859
239150
905174
673374
186512
353780
675845
841574
159404
775920
268216
819854
873714
269648
309595
128914
639202
618826
319003
918932
531664
672073
703977
704710
577676
587476
372897
101174
648563
402730
641821
229776
695566
50045
814656
30757
867203
774070
767556
365973
279036
14635
625613
453684
773907
64183
975579
256888
897147
588532
683359
61737
143675
124067
420805
582112
458311
385952
99135
307637
243020
579029
692953
724330
105977
268273
875604
145905
784345
420590
755120
992938
421949
489465
754465
680173
436324
919915
721725
331715
903413
715689
500387
523621
542731
617514
270779
5883
176943
304771
985977
964857
726188
268306
959192
329124
671357
911309
208348
774721
750925
308114
13427
596783
424788
966385
865542
869176
446371
804702
976448
500620
443778
924631
325400
762172
357468
796338
510932
787911
654595
449184
176287
876374
335002
846839
350430
191301
107995
410151
22062
348608
114422
487399
654289
643137
846982
96285
209071
778024
210623
652629
520276
694834
61548
130782
905892
951424
21903
204514
927569
685749
154349
98545
732182
667007
849879
17165
877777
617739
406889
497183
207675
123922
441049
389402
753646
767622
881920
791708
294630
293726
613165
795381
140981
45840
416650
695424
530006
454016
808542
703296
17521
270539
523094
641569
56916
622605
117619
621691
577475
499848
534326
287572
811434
693147
703931
745363
861640
628887
28575
374146
105160
913875
143657
322358
799428
572149
134225
901268
40990
795010
996755
858027
830528
11338
15297
309151
655240
493065
810863
840965
206110
114328
51479
181988
899667
407323
205161
312072
46290
25130
640474
712934
252687
280764
877360
169167
738754
979995
890953
252237
530453
14246
661009
129403
374606
857107
403647
834630
631438
819101
501041
573981
990537
117929
737119
992635
646087
139749
670564
608827
869978
993398
791291
911930
773692
281632
594962
43116
222565
332087
177101
710874
722488
532013
846944
473953
340390
193264
205205
261777
383740
745866
464698
830882
645616
383478
502444
936779
609699
43955
490407
7911
47929
856430
376945
759604
124028
442649
420664
440473
947099
131412
808181
855636
631967
322230
731436
443012
210080
510935
772513
569493
917412
458637
144597
595795
395609
736492
19843
684592
366523
233275
278825
373765
798553
306045
351473
654903
105487
284381
319327
951766
19212
934661
739144
650647
160260
502750
998345
447771
966901
770802
686720
552165
93569
744130
137224
850416
518710
851761
135482
768265
521108
303706
961018
557856
504315
300144
155816
155645
385082
352073
985423
147383
5805
61571
858369
367127
580174
184775
312314
922060
876418
187395
54296
309026
713373
928888
674112
772994
54999
745908
336903
54930
216426
718976
258670
495429
830919
932979
809640
620236
566334
827789
823482
336675
296716
169364
22033
424555
477988
377710
716855
59378
198518
994944
776272
813882
846872
266664
359147
616734
523791
972537
847919
232947
954777
474102
374555
669191
179922
132983
159835
288586
953631
5276
81189
638500
421843
555809
419304
648137
758007
896333
907187
194867
786532
241027
676903
702964
821656
928259
442144
427606
820656
545982
780833
835796
604156
281015
40163
247253
193223
183615
282447
344322
446399
256891
23208
405280
201676
225945
91255
809622
138375
143437
962078
468695
380216
221219
194659
723442
101305
67396
377023
47189
569657
53327
804793
373024
228891
961297
87202
211066
605152
908274
37193
640498
152507
579182
13694
256582
248928
490310
714273
553954
390451
390028
981665
485021
688800
454107
236390
409129
379938
714575
137644
385913
816431
709181
423829
49685
294660
245362
280709
833655
206335
635147
756917
811520
95895
249138
924261
720650
630751
971319
614151
37480
762957
223585
284876
755370
437431
304112
616384
685867
106668
191597
854134
939714
792783
89345
787933
58200
316600
43178
226737
443403
446453
798473
527863
303472
589614
256482
375879
432999
364338
253655
663762
840622
925280
458626
860063
542792
678814
615950
529885
603684
767810
486942
581839
780310
782749
645973
148641
750630
802958
33328
935423
867588
781555
821989
158848
281966
150945
987244
59669
986913
533025
448116
760289
509884
558473
246847
270893
880797
878051
845487
20679
255940
655254
544228
843354
233489
71918
402263
32196
261088
935167
22212
331283
966294
16362
961752
319571
217015
497080
510784
924958
242926
468951
568656
783980
589667
67608
905538
477679
257873
442717
433438
818116
56422
901306
19008
533142
62262
770175
501315
892576
793100
738879
352741
124311
987611
71791
735000
510774
552834
482629
470848
911371
373838
398243
813383
343005
865487
743541
356567
63952
712902
507664
387596
522949
835137
326822
113947
289089
125578
324505
208304
70509
691150
938922
453618
533868
261056
357531
241793
960467
500227
150011
498316
656972
225730
798608
162433
883864
413890
495139
525291
883698
976915
735391
115484
828551
538576
24501
284004
321456
863072
939168
666108
883152
215687
722429
935778
645724
296152
622018
676092
852853
459118
929811
226705
673221
953537
442639
208013
913927
640949
258233
631359
989657
610263
245205
769493
785835
878816
433662
267240
258744
221348
267516
954391
740787
866760
237237
955750
165540
221702
542704
507169
954312
383580
332183
616253
968951
572409
20604
544142
300197
819785
904168
18509
646118
372573
268041
400891
74565
820534
540856
449499
794736
92979
229730
995360
260236
994012
745602
41489
380962
627390
38814
128735
572580
781027
475025
166416
222211
472324
742358
75275
578914
262286
738619
427705
329020
355896
377146
911053
621306
306030
108110
536550
15227
29949
653794
917668
900761
71429
543643
976394
87443
675442
354687
591533
364800
619032
519614
3596
457862
706438
273793
963307
523393
389416
5416
925280
632255
118298
865757
473830
517337
317084
428210
538010
149584
970841
977680
139410
648591
121161
691972
801829
940755
48389
419823
548290
233558
707439
709197
41149
704355
109597
557279
968073
495341
934099
308538
502630
18356
100565
644537
432580
105706
614425
699681
456223
841666
484823
358842
602080
153479
750176
918105
228797
146699
123454
753260
719717
401514
899464
412818
985950
964807
216738
165261
999869
992653
843572
466528
166369
115619
513222
934556
303646
835512
979832
65954
846337
192758
983961
899313
475412
509977
684915
924731
221524
431342
592840
941604
90013
609743
465066
910126
322450
671101
932582
429308
818098
190267
679947
656162
385188
721393
404251
498113
109791
351513
515175
30858
841149
944091
241272
648923
654381
966636
890062
687730
299319
954131
273827
292584
258367
892026
789613
843168
40110
48294
539453
382754
34395
892288
127880
909065
892071
61283
449722
123837
398666
420802
733475
730442
715714
600235
32654
560206
824139
803078
84850
202402
615372
223023
866418
465164
83518
207180
751236
650933
838851
865461
313225
769790
940798
905472
683046
779348
551529
32444
888117
254738
809982
717834
753560
809708
157957
780772
69676
783248
562669
495351
262604
808060
299260
229917
685515
341937
295488
752899
210046
689996
589056
403398
287695
938479
885860
938361
667098
241902
885797
702823
749848
74169
357598
690496
29808
952707
787992
927115
742973
182333
342103
104698
479832
29993
237314
862246
282447
900818
650338
811170
997457
396483
943001
995295
840474
321028
931619
808524
599790
116848
896211
848489
500731
88199
10621
321304
717880
318392
686555
395291
609058
789451
9634
272304
205788
831428
557276
573802
12761
201868
705122
552009
839696
357611
250923
582484
549605
512175
430733
48117
830394
639885
431002
173399
946643
358668
644740
506171
48112
715678
938506
30990
949574
697000
797045
124005
45448
799295
997654
404732
737121
564441
779059
497720
874803
522750
785938
284898
100755
634142
504834
666497
980861
130828
766180
846012
169653
370420
862168
101277
117291
95963
475955
202081
338165
584332
688495
289071
538553
478331
917891
789374
43877
964100
561264
200145
341083
523380
983115
170629
424023
951198
27488
981507
269069
118300
987467
503825
211441
821293
826687
396644
279637
358918
838448
840830
325864
963860
172677
607660
253818
484800
990514
375009
669716
172679
56118
985540
531423
243304
830671
570996
807853
142285
710748
861624
218241
629386
767857
320634
64972
952915
371331
785281
634570
623147
722016
878328
895809
535901
609705
112761
32962
235615
971586
931764
91372
815348
460845
134623
859012
22579
421003
489530
967149
80394
160205
768450
935150
941761
706431
693896
840475
89503
663024
410445
5734
460911
492929
634604
799664
562479
384474
336645
306262
350662
943632
572886
102421
307867
5231
919800
815454
327086
910594
27105
636603
298694
981096
878495
428317
524677
875561
960697
595018
612455
88849
372841
578166
625924
148303
498497
284858
137715
493547
715063
123068
434962
15837
816423
782573
715718
127707
873024
390520
792757
759660
612735
380860
731530
366120
26208
68420
51102
359233
742194
654122
416791
604466
673603
525608
603134
516634
562392
708697
922024
462537
333154
481492
636414
344170
379613
762668
233115
826353
997295
668786
689203
284538
304937
342401
214601
224542
541876
823198
298254
843643
204332
211380
372670
936216
726296
316076
421227
422967
88526
516338
182565
984487
36419
690208
449722
578512
674828
125636
480120
68053
185640
427096
564772
660006
690868
262721
951808
171684
660485
634435
245167
826247
537185
55107
645184
380303
892019
318276
465912
477455
623
301554
454549
821062
524239
663582
337693
220571
127539
708188
949654
183341
209542
27209
26186
447486
103260
709415
248218
629859
772055
426386
4757
767685
715025
148505
676509
38909
959897
193777
100260
58660
901847
859172
509554
638450
515766
215867
226236
877325
306774
763093
569793
657831
951000
861005
434828
445391
629583
866933
315284
198973
624403
63651
333606
535606
602344
585375
874265
134244
151242
38020
268537
376640
626428
998218
240500
468160
386534
8374
378738
335316
409307
678768
844051
463002
518624
434591
665136
140548
863475
428277
957507
921908
279814
549184
884896
141565
347276
629668
550062
636454
9317
237537
276125
77310
109085
62709
837014
386188
209266
75642
109280
43474
323354
295529
366333
411742
29312
160173
62274
582884
106171
209535
420933
278376
773326
61296
903848
442077
325039
362067
184722
476395
183846
296125
891859
958606
624835
981449
604638
692143
217420
169448
706216
357451
647993
218443
854478
742467
887161
997031
194150
905058
451780
798939
455739
144828
472788
486313
890189
935227
210142
98092
338457
651030
266511
255663
313651
394304
341517
872350
954356
822518
398027
437813
923120
444192
837601
317384
642616
995916
432787
877669
853359
723931
471233
340897
470648
585401
468528
222910
890245
483143
959933
285158
115046
893970
373858
922004
376386
823695
250637
891237
256979
654150
785583
91520
647097
428234
313267
107609
788254
281286
133753
665974
443890
831306
961775
442196
377720
323980
437023
432337
712909
854740
390820
482700
871108
831745
180073
602886
121425
284006
372219
687310
825460
104128
49834
809266
820087
2932
602110
70624
146882
924782
106751
214087
762976
734170
363059
666439
852186
294861
799824
216323
1586
611758
416612
333948
542460
198486
781674
641232
643385
315141
34825
91429
963572
319114
465548
271751
555546
993587
982191
304885
559023
956046
844769
296295
363435
129169
77311
341197
560782
334265
351481
233525
86155
56096
485183
589644
583198
33655
566626
481411
798839
735368
573629
595631
220339
623736
892486
522728
902214
416289
347896
301178
336909
719226
206484
417426
72813
951913
467304
246672
724517
610071
692219
281621
243485
823412
652452
741889
869250
958239
957172
797084
151045
433420
426635
198582
853951
293654
247646
721464
959296
444557
41109
235652
636074
264256
572827
247509
207720
428584
942401
179599
810771
315097
16701
777705
804954
331292
410683
644134
866913
306575
570354
571452
805799
242347
605282
671152
515182
297508
646517
603147
661586
863732
739316
298582
349376
631612
287223
611515
789297
562415
521799
93923
891395
730387
149908
189537
818674
593737
299340
244970
959915
737644
769796
533365
761624
967725
396070
506651
686265
194470
683970
751551
8483
911269
132568
85360
42680
960894
676532
220292
813146
880642
962402
940464
729712
468065
608104
666493
507986
183598
819547
434409
98499
304020
68120
760966
892063
230202
505097
350233
120273
213878
906710
522091
250436
361321
842057
100133
426422
230499
560522
301873
400110
48403
600203
431599
825580
937449
630698
945552
770279
817379
401274
729396
981037
16538
832033
651247
873401
356984
296721
106710
981103
129709
739873
854483
910797
557688
447106
314224
533969
220261
691871
927470
333253
452725
938432
703482
444854
961247
679522
334905
882005
137452
38734
247994
100871
985663
582291
797138
181861
656046
984652
611918
470195
644261
907698
203548
968120
47227
135549
927332
590693
122414
585389
800008
751720
709002
288903
806400
229350
122012
987648
399298
663139
41532
794482
967684
582755
531062
17540
441599
453463
737589
556362
526137
689927
912238
498384
801932
860094
990
846995
458070
56153
780769
818042
354390
688890
173426
309072
897788
748678
365797
593229
98944
495486
876030
418341
672721
977593
965316
52786
346311
596415
38484
916501
172078
862404
880979
467196
830547
932052
612313
596551
977798
785574
697142
493477
157750
796997
828743
568861
7403
808796
117588
86827
984245
652729
306936
450233
570117
648775
781615
341095
443407
370417
395979
89166
375885
680641
265087
160463
574344
915811
884035
916038
417270
425833
137137
152126
47647
643781
521783
52294
353925
80180
355979
322634
296697
147660
181455
254822
261077
286632
6257
270926
463645
762659
401476
98739
405453
908862
277693
520952
999353
866167
21774
429500
965964
28664
931454
700161
699102
868421
730736
53086
247694
85701
112873
367154
214862
617082
821748
118727
256318
854615
229353
577735
738943
245313
314816
891684
641841
28937
431121
307767
742487
309351
441356
48244
868302
609206
893429
76156
348781
377275
681071
745809
543188
702875
615338
954949
765204
350404
46380
980698
68338
995357
189116
259478
128767
282556
128578
524530
64354
607808
593103
345812
417347
980506
293333
965313
650575
737406
914983
594223
721742
40068
646590
921426
669178
401932
589554
503460
651777
775041
644016
665488
117987
530788
112517
733380
561988
447565
825281
508216
841886
945550
989848
393957
206931
507815
390866
255174
482596
114153
973014
986303
912521
245122
381461
460832
297861
211909
13241
472179
961582
125888
999037
261151
410474
440011
975168
318641
417294
80717
341228
882595
376702
477118
570830
585422
727938
977774
750824
481342
551410
406585
79488
380500
156447
431497
187163
166605
445949
311999
53969
290704
598223
103429
122237
374523
953499
735773
136320
327527
816892
216630
408291
350512
550130
147458
173182
402629
652180
887814
990881
236709
508251
479280
28878
403153
234651
489305
889535
245728
972360
177597
242804
184680
201743
284359
481160
749415
125721
271587
270305
514036
3932
357402
313261
791378
906977
132669
454254
311517
47679
795971
650080
554022
679905
333968
233858
519876
462537
359248
354867
498413
487588
592500
189457
671512
913674
549621
538766
537852
416433
648312
978578
599806
436116
658148
437133
765540
84230
35403
898461
857630
630300
878379
523783
416767
54869
732014
109174
771748
630977
349120
529727
44984
730306
37546
673481
728593
854767
213810
93651
836529
198252
158504
372897
315822
838277
71565
681601
930486
486500
18349
770796
215609
157295
350468
689556
868055
539475
677870
859666
17103
890771
191673
470256
521020
7061
784001
737766
72140
669892
526338
18600
639712
315543
42700
672694
965961
998413
504313
433836
704262
78886
497730
165732
292820
199706
469672
180923
280118
966528
432871
523940
785475
61037
391011
519110
80701
298087
283350
795753
69902
885988
950586
532517
429763
10873
460469
444528
981612
740202
635646
629920
513870
159608
580087
847344
776722
511879
973236
319224
779103
298377
41302
512876
752867
437669
133097
559583
921313
27678
464394
94628
302882
972096
458294
326599
373193
827012
962358
153022
838952
929543
547631
927532
797715
5845
810625
376693
958609
860677
973889
660874
709555
255410
344826
507692
300531
559270
435917
534436
36768
610077
956267
699409
388955
630590
391616
305335
952499
10574
172656
726961
80167
40122
224251
698637
318734
269956
627580
625849
292667
165968
553034
417930
955427
443768
806994
290840
404316
424194
840295
389742
165606
475532
279132
998481
423646
863006
603650
454135
486633
205088
853417
549046
13851
371688
958193
915015
103986
482283
783799
213786
707243
583844
897672
145631
470501
831282
695891
83571
388661
982420
876332
458090
301884
905635
591652
966392
762139
108572
139586
327644
811104
492670
308622
78333
966181
924198
965035
24591
271840
485024
586325
39947
690252
520009
905804
23215
873777
214413
205899
175396
876157
810109
407900
370008
49182
212959
23616
525430
963804
771213
799631
97244
120471
969863
762529
63608
99621
50627
401672
506717
881571
387102
202368
685984
334707
380117
780370
23811
954283
232180
192497
10028
719352
466296
250083
915270
433487
562034
421516
622829
917343
659413
31960
466737
82496
458546
820322
806849
922924
688993
514844
942835
890146
14686
166156
97103
528575
89205
551236
953183
406166
843496
577700
293981
947401
238834
204318
230685
551494
22850
401491
293624
128557
473584
578636
886376
22644
874759
184067
96265
813642
188548
410196
946493
865425
782028
102618
692713
437387
698284
904632
63264
738690
888451
779269
599589
308245
876345
312635
774661
124383
719708
744828
626331
728119
647876
106684
929462
676059
419473
652134
88620
129261
744961
186888
449635
961129
605492
532272
327444
325493
279656
229446
159330
623383
184973
893659
188320
363424
502339
610422
109167
916683
262654
51126
80284
435061
2438
846763
331772
193993
832514
624200
418210
263921
554059
877834
439078
784214
41640
399241
766378
451183
156026
744732
606684
824772
43342
33525
666027
554196
76147
29009
753765
570012
416935
729337
783860
55937
64979
60293
456920
7432
883342
944067
252836
60093
435397
731524
952660
616535
434043
861467
733641
765484
24259
377629
466990
2013
246617
414648
508576
832311
768032
335983
296165
434309
716270
29696
578359
613982
456866
761286
164557
322266
123646
692348
443349
998837
341738
49726
25066
100318
908694
81095
673339
247762
372423
297340
171609
971908
549515
382971
298156
879492
655037
206499
286302
326675
281631
773537
850374
683410
491964
335749
736022
431822
403763
15512
686198
962317
153739
341069
165266
5967
685146
357581
251933
411048
851006
248287
340266
592980
699109
153554
56823
471492
82493
320643
90020
258579
274998
293893
591206
504328
43002
819959
164368
21691
497126
209206
259091
34235
852423
466276
78151
391161
633508
897415
399943
379122
19897
927866
313155
217936
392672
980132
70557
691694
752518
313198
200632
217710
308469
771174
767689
310926
252047
951189
433018
26241
957341
70528
457309
442780
36482
682994
699902
694334
634621
906846
833531
596125
571269
603915
178934
226929
575428
548005
974609
174330
987443
156123
736317
933624
459155
599976
483492
633525
738019
321711
345499
607273
826015
148947
970029
990176
443942
173314
172086
374336
418562
262347
522409
229545
415390
334729
198622
310897
708488
7662
727541
603688
720044
326847
353461
652547
925455
201949
977102
736626
504235
810235
327796
484069
159993
793085
626206
695503
594236
53896
38445
727289
531775
978168
471636
704396
571533
227976
132549
993666
689628
709868
836136
212363
83797
420112
898366
206079
521902
987552
442473
152479
102468
548110
711884
18237
808730
207622
362831
498376
635241
662175
818619
949172
658747
594628
108547
415264
690993
684675
437247
706030
971626
176077
272356
888039
417353
870970
297067
82620
915598
509539
284840
734392
392636
752000
135184
711807
392312
496591
450438
84326
955490
976269
679568
675671
403203
861788
154122
681837
298269
143179
888847
980671
292365
26097
224959
77971
512574
964101
334524
926538
218486
994259
409934
936419
889828
972857
655937
744675
629321
655230
604369
980156
176787
423066
308689
492740
959346
447955
239629
439104
989133
243960
731868
118088
354677
867977
540542
217590
47520
148473
471768
954696
679985
604786
392994
975400
892310
838692
392696
616277
903223
565416
151620
294310
611092
509901
354148
18342
409950
416978
497321
791322
822329
560852
52393
839665
764275
470180
61515
614481
128784
770370
747407
68029
915837
118969
583919
81829
433411
719945
280337
520577
550881
743973
836584
21503
952164
360017
413643
235699
49461
398221
705198
708682
501871
256787
256225
262990
447154
407838
781794
506893
458614
69764
837936
623243
625229
610145
430191
828794
325592
483159
139207
875934
514615
854313
787408
434536
849174
420240
855432
851160
958645
768800
478760
53095
903155
360430
800366
48837
693493
909030
989839
9030
802145
607797
813711
427620
490469
174619
418615
661567
526613
860560
173937
723291
254039
442938
542460
667130
102451
342958
397154
377449
225399
203644
536946
813031
477918
128693
484808
211616
77368
430120
170799
693219
463639
41401
5755
589599
239478
333103
285149
616932
437622
553225
722362
734175
791667
828731
805101
663484
816471
832154
762244
511724
179801
695140
473007
491446
278272
256764
118058
101308
419967
370017
202269
73428
6254
398659
646712
448282
766088
14671
66818
546495
76949
268695
910279
873067
984417
561503
895671
623273
496481
652601
914407
737236
458137
801556
762034
62652
307652
932271
791453
898944
605614
693760
193340
738676
448470
899217
765106
211828
530116
694921
372011
211808
235050
282798
417259
297613
94204
665209
481697
844495
873129
679150
499256
261866
505621
827728
822995
352808
499958
330705
336862
899814
879540
770778
499598
252139
72067
339970
714988
237297
148706
210626
709356
101550
210831
171475
896763
192282
123687
997911
539820
254743
687130
517768
780304
446274
720190
34488
948272
313035
520583
299678
788535
420034
307577
219888
14551
926652
932964
904301
414773
979272
891517
994677
863858
940231
40337
281945
524264
750154
835182
45186
616198
629934
810384
496796
866524
902468
378237
390987
970764
145182
545733
641178
954964
352730
208577
225263
572881
621829
477229
568828
613654
876957
978951
523323
307236
778083
460511
859672
351702
961084
701482
220718
319041
573439
521378
219838
399689
907388
910902
374497
199156
494635
880551
910900
561865
807113
556462
83848
825166
482248
27021
883997
966412
905989
528529
74681
387721
290139
661548
966533
105785
154270
501552
565235
996251
547968
556890
294220
647362
271750
747398
545923
836431
402234
927812
692470
48220
332373
645352
692196
127501
482548
446152
189572
609587
536210
53551
382665
841933
187990
275604
34361
739910
976937
237941
948010
381995
674460
80862
184887
225519
99284
437645
383946
319877
680274
317508
187727
27051
380089
728126
58117
57027
578388
343364
543750
419916
779133
423716
818837
283640
462430
230904
865171
795515
654540
169855
112610
490964
27216
422620
4925
636123
439702
126212
260986
302257
789569
602274
93127
934893
80547
960673
236651
770620
554961
552289
388422
888735
796363
614037
519285
576983
710367
826039
919666
610700
549843
913760
176997
174258
75307
658973
797604
966251
924821
211457
785850
849457
57957
178687
435998
805151
258088
16992
389503
664259
375603
262385
23797
995713
51212
939904
633918
30943
315903
657420
36417
563507
367413
315131
213526
953229
513212
943567
931553
217699
399035
568609
96401
934461
226477
397166
240420
158217
975491
868921
144622
562630
594427
403317
977805
286093
81591
353983
46567
150810
219761
421677
910038
310928
124589
258592
712397
162979
731357
327918
267514
575729
753558
508380
737247
390818
611854
403462
717939
468897
726931
48676
910346
540924
333226
812371
177667
33142
353909
984133
610034
479605
175594
601423
253816
946051
664179
545965
911625
90785
707628
491002
656492
613513
539380
883208
808232
516619
500717
948042
149612
649693
665930
703611
432982
50265
986450
750851
959008
183228
947861
72512
730800
583224
705924
315697
81584
791535
426277
849326
965128
201257
849304
228163
343081
257528
605058
929389
416678
555199
638516
463752
522028
378138
412891
898410
732460
408204
710981
142268
204780
598063
256203
405314
726271
886789
942259
600941
471188
13187
537599
374116
559884
346869
147238
325032
88419
682720
298209
878092
997302
256760
408577
688237
673108
575784
21430
456645
465166
996392
346342
326985
937878
96318
986378
927338
15024
758427
746477
708782
253425
528524
494790
33019
324306
599174
273816
627331
679241
260630
851397
373146
495051
573543
197128
226710
725781
939740
413765
556908
475963
468203
579286
211920
577304
42021
345017
938824
719393
60889
514422
647059
607143
885644
720272
682280
948444
326837
136403
868010
346474
473724
677733
748392
825837
908989
972206
335294
984574
410695
85800
756610
587592
440091
46113
106702
855514
423126
2781
755236
529078
828995
52559
765462
70019
122540
107107
296754
773986
686323
383474
794269
91274
652471
212178
316370
72394
194079
920506
156187
17881
995748
737668
942939
869119
911217
918047
117035
73831
713628
184637
812980
328265
72984
701441
54057
81543
119112
944903
473617
613266
162041
262707
289068
103374
844636
954998
235438
301935
626391
435995
357763
940984
144007
316463
920828
356312
694030
664071
570821
645777
638966
19086
445969
285358
543801
152386
411514
639478
745190
381032
725086
342559
692765
273139
769967
20408
84694
431364
641728
961524
149710
183832
131454
791958
185222
918068
105286
435695
27223
174488
408104
476283
961856
41352
244284
840096
646
382198
335817
678934
409855
405007
470502
256736
70232
782205
668056
308004
702801
321435
475629
382268
515387
298866
467769
368045
65485
967549
481280
582237
182795
603940
669294
977389
809984
807376
202796
753123
864172
764590
434094
239881
989436
94052
170540
109377
981994
915223
467132
228679
368132
200514
366642
781012
548000
697786
924794
317422
104779
37054
382258
370763
818209
821915
995533
751398
117180
28347
494772
690893
277729
940359
627332
579899
546770
716284
220179
89305
370444
492161
191720
88503
682137
388367
157392
185927
695978
489814
767573
320648
844459
963606
495832
26947
433216
733222
391267
200971
718071
878101
721713
820671
958498
425703
903718
375288
24498
59836
618505
146138
984503
402676
96332
582106
114389
435061
390498
6484
380166
553569
682030
153148
320407
769147
345192
45628
215133
249140
611326
219233
632581
996884
645507
339513
19186
481368
624507
728289
600964
20403
461214
22170
426218
34387
746525
572695
406224
812513
230599
325462
873740
273806
798652
730014
335585
992637
223997
91031
355880
732779
370952
622506
253700
979928
84251
216113
204058
799664
980026
557331
136725
550108
667587
976386
779094
670656
765134
175481
115506
324672
576502
413668
592349
716483
930659
347902
848539
963464
865462
922334
145019
61172
184473
700872
473583
47967
150190
299792
863521
269057
456029
8552
234752
683322
941722
984820
672839
319338
508751
489612
597819
302413
901781
15333
734851
687699
18285
184949
73823
260469
269121
12773
383015
862825
695565
916318
15671
789300
88214
246028
853741
228193
213983
896878
861313
573537
979037
821034
853504
103240
482604
750918
281342
416090
81485
821175
389658
358956
223784
718323
106587
496266
388833
166926
210879
949877
20275
243453
918014
761770
707798
316923
755305
50629
249341
448
260385
549634
636037
32250
781073
956968
600604
210442
891100
637209
456377
726568
775680
940381
96540
449814
739208
461690
662711
271629
121354
822458
818654
377096
143371
370997
93246
321813
985111
511127
137515
316867
867500
322652
75072
24350
10400
699466
358508
822663
6426
137900
515688
729654
231858
124226
20910
332979
411421
963815
835616
247065
658953
118791
60074
951214
224858
506017
596334
237417
313978
327025
980110
612662
454876
73818
826408
176340
99697
229408
291263
206157
83704
57502
720945
439189
57655
19723
536611
512622
415540
516126
532738
994473
765703
197691
316935
542588
616162
693351
956032
950023
558825
964696
614857
266491
426014
459220
571677
947781
543353
316416
895007
580435
743142
26349
544963
906196
645310
345646
673783
823333
331919
636604
507473
515853
387559
663409
248845
990960
539543
466198
909087
844023
723027
861332
136246
375334
696597
350497
817573
761890
667199
642473
942053
22447
733991
649394
784281
767764
227779
577861
924443
37102
331845
872977
482717
732360
559290
949267
932396
446974
195415
470787
839714
607304
641951
895531
281639
555714
824624
579678
459061
634761
645918
386376
936428
433406
587028
28525
713270
154120
231764
523541
20035
475737
290655
690816
971598
985681
662756
626620
429632
541043
935142
919427
28624
979939
20020
358674
950588
98872
483132
84841
986588
871109
884800
185810
116857
649199
455234
752936
974441
766912
849665
779624
339348
972922
284476
830
95233
55516
48566
300589
393063
126430
443548
257308
543968
540826
986871
472687
850981
407061
518404
584870
822271
465847
79318
782907
206202
15824
190131
992260
814220
273905
303218
920346
259198
662459
103157
343004
552817
465595
59271
619044
913032
875757
267780
718894
160179
247928
378723
52998
860315
48939
518013
312313
381215
665287
126812
747862
508030
450479
645694
650627
411735
222750
80416
514507
401754
443694
828991
929060
699913
397691
642320
174691
786601
623402
815201
941390
536809
382810
166200
759546
676082
731644
734950
100335
934003
212534
904550
63561
331734
964917
868676
354638
122336
489691
411950
516947
329138
2391
513957
689376
90224
743521
535990
181852
737057
102916
932103
153122
440251
741089
221377
523193
991804
939797
446232
788651
461356
416185
661043
750787
8689
310416
610118
60892
265651
947708
720032
227649
597785
970334
306359
429540
871040
507053
350086
647497
70456
694837
693991
590565
314869
568199
324037
402490
367447
118125
756687
138813
988723
903590
454780
465230
911272
273774
290602
531483
366037
822685
889654
129602
640008
141687
110873
334252
457238
827474
544049
51709
497496
885372
451508
5912
263963
30977
507788
826099
739765
868902
418585
374682
595539
650484
8577
495785
336230
137759
537111
186543
607051
488766
981148
377855
571991
161320
586689
724038
406459
931579
867978
954545
877113
370669
897982
260573
787513
784860
155044
199253
311924
252237
205299
13792
963642
115474
27951
808261
858299
70193
61608
623075
791366
855524
475111
360713
142971
869379
961757
139136
751454
6412
574179
260465
258166
647206
639318
364276
778025
367134
870381
474026
855990
297386
30205
610078
182660
802553
144278
861300
643951
23217
862790
754712
333124
606680
914113
132008
992546
175382
913148
449454
935007
785970
105842
294285
547873
290532
336157
49718
966192
349735
845379
681671
485127
383013
664907
465537
768568
272278
479278
121361
229783
279402
36620
191482
286550
679556
234458
977101
340300
328535
611279
738152
927420
654293
638713
954845
597151
626492
994866
767577
500556
196547
688312
994811
256264
648934
651765
448219
397933
11337
183077
377662
655618
919153
999874
363743
342145
341094
131718
904425
309491
693747
122721
927234
597097
406131
536280
73840
992050
234606
962863
674625
598805
973615
788848
964814
148282
191335
85185
987122
414196
105148
28045
122814
688386
900959
614172
241814
809301
398877
275515
719421
250890
767681
708418
546429
843998
22265
594654
374330
327647
469751
203560
142438
336542
605442
187781
554560
418988
791939
768587
334045
485176
487728
457590
481456
43642
151097
512721
942721
218338
725715
585615
777263
582103
867598
10471
517559
145800
41559
317759
52153
892590
697776
912992
693414
776484
97905
345388
723458
267612
596715
696526
562301
718265
196759
58009
968582
926089
30475
772045
660321
962618
643401
795331
759739
297886
702323
961866
170190
547674
231687
992356
677477
241833
155649
25022
647814
657083
156216
370589
607869
270558
807810
2716
748922
735696
455003
352487
925176
404116
708813
940118
681255
729721
599617
385837
636498
638619
238321
920432
484805
16423
506880
53684
620110
738366
26566
984312
120538
100101
437992
823897
715850
989251
874759
211099
634802
467273
682153
894172
418941
361822
463629
877378
156087
536642
44195
729973
709310
98917
515132
473856
855484
247618
77441
519048
343313
722255
837690
654830
626943
209341
67183
608933
916479
456541
244626
610286
451717
354534
960100
154928
920405
709704
876555
483336
691667
940550
933638
229860
733827
388182
236965
853638
188279
718208
55562
457170
805868
581122
84780
15493
274377
848683
911292
441520
756275
298116
747617
81535
888660
460760
686991
16155
869258
780756
934832
988266
248099
586188
474434
478113
437428
508791
65458
121335
927575
607747
439355
262168
288081
228610
851085
965109
776028
931733
384954
14776
256595
522499
824738
265888
190471
483007
77768
952701
752383
606538
399365
342774
741899
456730
3248
669041
447888
69929
296454
257309
202859
357795
573717
145139
771088
615829
225258
704619
455393
397270
701147
371298
212910
6943
711169
413840
43886
226543
373468
115737
916180
115568
263526
102156
232333
145305
839464
577538
153200
226128
329198
163915
764184
89057
111232
757627
982034
193047
996223
544531
421169
185769
601102
667081
691883
910606
9269
38764
653461
179316
826315
851507
497042
400421
986045
488465
860164
953366
704221
330603
23703
176826
360986
702586
682932
641425
57691
974208
36186
935452
146929
718544
76196
646252
765127
775167
532371
584507
434859
978603
403040
617120
50787
297898
661318
110004
84953
741680
986254
166638
758312
122068
126785
677081
970001
655404
397941
901179
627392
474213
740761
779214
556210
317971
933949
911567
332514
517337
630328
28806
642752
871551
652697
589456
308713
648001
464507
984419
534045
809288
585523
766990
118707
868592
459575
665852
607230
81134
966821
264686
249523
641885
71367
350896
43153
165441
210451
534176
986731
765288
25869
189401
893375
666216
834878
17526
184775
514114
247708
601428
334074
545623
195366
231845
779540
739493
29178
789297
403945
537469
501896
312379
107808
232060
39987
53571
76688
416314
262268
352285
852267
29983
51159
903242
329295
198883
607321
198648
838069
547846
89193
577159
839243
936387
355187
162239
562605
647818
449111
93409
573716
53088
100317
790826
912721
177770
903436
781629
450254
494347
315582
451112
615463
398114
105886
862711
41675
310350
705650
295692
1093
361004
131342
300275
558422
863246
385860
322976
979493
981947
688813
634833
990975
980488
645373
153964
964290
336771
93720
862710
345921
551056
387816
714390
949374
421776
622815
320189
279825
948741
330596
46054
33218
927771
137721
27771
568787
862529
377048
861012
349730
285457
306123
289529
218871
655220
892300
649499
127096
730401
384503
966227
709119
638811
859231
972860
936396
742925
730580
818276
354765
120889
122414
581769
198014
182498
966168
380014
915337
536655
176247
785232
903653
560716
306344
228383
639646
273209
693470
911289
102136
536141
244750
357076
627975
697149
180987
803330
364588
386222
850726
52627
206197
986781
920170
923164
842084
560089
255757
38754
660968
988849
758416
552335
76663
940410
595797
307642
174732
817782
226582
928703
824257
770858
120804
952652
492995
710779
908903
381717
75360
220373
121514
469538
515144
729809
55771
184224
292715
871302
160249
562895
135705
750897
712871
17600
104839
325508
183070
412163
905017
846411
572448
163564
832470
385619
829036
540512
312679
54329
665761
904832
899240
94335
834445
885693
844640
211911
836649
602668
446299
463676
31916
208279
427067
898524
303390
890814
217345
736262
869811
126723
158921
500188
234959
24758
207299
554024
621093
532973
246775
883531
567673
691479
858308
764717
889751
29792
990969
915870
84270
913235
507870
456805
13438
924013
522867
786281
542856
219837
611813
566187
75079
242842
893888
325911
40569
796876
727210
343096
146292
481618
327658
303919
478861
593943
885579
9187
143144
528350
908700
347039
93313
674930
359326
103293
786712
497195
552861
394317
948963
602317
589741
255501
548630
711232
712787
233339
331249
562034
1680
859295
461897
484761
494412
471978
427894
516534
572678
582399
879759
241207
586059
573242
846049
885139
633507
547672
738428
981285
245492
197346
900440
280947
915853
602468
343170
927215
772127
646283
199652
759344
794675
465596
364110
825609
75526
617335
71907
282982
214109
511336
240176
299663
398730
467803
671245
221406
372785
63154
372444
834830
816211
91172
407504
435259
701802
14558
524286
498565
776946
388349
910097
531349
961379
584719
26817
909347
965508
76352
714076
746016
906809
127973
990973
341391
879733
389020
936419
78922
778413
506068
790310
653255
370494
694664
601531
573838
581452
554396
654607
902129
732447
472881
114083
225940
192301
815358
122511
657712
27362
737600
19589
212270
153726
951235
875328
142737
96552
920991
8031
920245
246180
140158
797090
38683
542329
141457
469217
739423
201032
126384
51026
582024
628117
328072
936036
457694
612367
233514
252769
679723
103940
565306
361643
745479
442075
55893
580199
281434
631351
448966
921272
40202
85498
170290
270482
977827
278435
206311
912383
94067
997848
406923
606359
293115
657930
342443
913630
979387
508364
208688
960216
441871
369152
561430
592004
460421
256138
614529
600864
440839
913510
499667
624375
536820
841186
228905
24850
323007
215090
585005
796194
513163
319017
712606
831233
492981
114070
134487
686994
661664
865209
361484
243219
656515
523526
287948
47997
221277
163862
76904
179797
4672
121403
665244
148730
630944
322581
220625
743195
799333
441858
865866
817990
656504
693243
945152
751610
73289
226395
844850
210216
124795
492816
123984
894762
408172
12173
379706
147653
922747
223712
206686
758102
643550
240181
217363
236970
863262
280061
959947
508869
822767
457741
854002
925561
4208
398180
485505
392418
284636
444145
434430
24369
468807
546494
769614
692070
539396
901673
436104
976366
261446
350257
238745
412549
15475
805984
37765
806176
538960
57898
72170
438858
381703
363422
140174
904162
831485
736156
411428
632602
950159
885366
527156
535356
872575
2661
196123
620908
533738
228021
237343
205252
877081
178318
854248
883347
445447
288798
568382
441816
877980
122991
793506
404439
202637
94831
607392
979828
560264
2844
126210
25784
622877
91619
524035
264211
658591
335263
818876
17360
340238
580017
132008
255809
749
264740
95428
562942
225621
22970
648668
105855
467165
33584
352473
196037
2837
530164
290671
361849
442190
361166
804906
695232
123060
894589
286851
202398
605482
111356
739718
117167
890063
340028
169869
369862
214914
439649
739783
511502
278252
762050
637434
398343
197862
961928
584691
700810
808799
80027
60650
284489
202481
234007
110010
236737
631965
865359
172700
313052
733075
205010
40191
909573
205359
982425
828892
476852
907082
934330
520889
820716
604401
825805
679679
523955
928354
210736
303850
663621
8541
740789
661727
820970
133833
772683
582631
948179
781368
650926
5081
299406
984199
245088
431302
351023
70594
375896
626034
611405
475560
559709
454774
457185
171187
567610
54636
338079
310046
228694
951572
934674
270515
425296
783005
765752
347258
76797
38280
552750
525883
893461
129440
716962
580637
744676
913503
834450
883928
97810
559654
27384
922142
84082
465364
606053
951872
331397
657718
254795
171250
733306
802214
362586
895868
724039
55152
157669
460317
711655
970979
283252
284415
512390
954499
800927
276021
243897
428590
810713
871533
472140
120676
74830
998523
527360
609579
655744
762794
834500
47703
211290
377450
518133
205131
317800
865307
105185
268012
633211
193976
501896
804024
406447
273107
65225
70107
161330
50831
527367
797993
839184
646406
373699
905148
701184
768650
337577
145175
730925
68953
374915
527382
330394
608059
632950
218088
361347
635202
924111
354773
688313
622127
55914
422857
705402
848982
697023
958823
792706
885692
781779
979584
661801
270701
559256
640599
77978
462881
183004
293471
693442
869740
879777
396262
616621
954616
90461
160606
69614
514226
585523
265447
594251
885358
199449
566675
329783
668685
141996
145549
164715
271210
449547
27216
536100
908759
198159
826187
758783
529131
869839
688612
908073
868567
476961
119045
188744
667289
816880
876920
744990
505623
289355
604689
232879
51301
344513
517049
766827
992332
658287
606998
237870
33460
508903
571759
645743
836300
609721
742199
293096
926690
653758
563486
661992
325766
878932
19333
543940
154793
398335
731945
946033
142446
303711
635585
359182
53755
570094
426020
843183
199411
471139
93791
731941
745736
457620
46714
712965
112624
292876
258472
31532
546300
454432
740438
55711
715116
797548
616573
898296
731161
568087
326287
80412
739031
434479
628373
87099
720765
163435
742372
248635
66141
306109
185247
9117
367260
992500
711781
712235
790806
952088
381750
880629
766621
205064
121358
647514
976398
317404
274445
370163
548655
299817
76276
14075
113031
848003
388968
439636
663519
962194
556274
85654
652167
880447
843
209435
964095
855311
548029
365671
757596
703034
779738
97289
907783
912995
553084
612670
719171
909550
264655
709382
117225
587592
541244
900149
781535
996007
28886
118669
393822
471817
967472
359447
345874
446987
624470
510430
503506
301962
826934
732776
626261
25967
251807
226775
417519
711174
180928
751435
465740
610006
326743
111039
230880
471132
746027
848707
335923
619039
573019
487119
605574
554813
637627
562672
54466
497564
312440
675821
834013
283829
764727
587608
200883
283343
248474
199256
385396
916467
592586
459478
309967
731359
38906
600865
840963
531918
671125
285781
11468
937923
728744
136333
979833
115822
393727
670905
4075
284215
275893
918764
11904
174144
425919
134308
506751
780835
671489
324991
987181
435752
150820
183444
468836
425268
758002
256934
87912
922897
376568
794912
566948
309898
472136
469952
218808
986834
621603
224586
546096
765502
939282
530352
756387
57116
267442
871047
53001
363404
303846
424165
394680
318643
926106
531751
407312
673897
822565
599326
306209
48150
683117
232835
886720
460838
682141
550570
962479
722375
348446
120
916937
607686
12217
325226
468216
636
272039
410135
472644
910604
63490
869729
762032
157674
389892
996205
587974
600395
100415
44870
594814
311680
351495
449182
920441
906271
819701
946784
470759
741075
532326
588065
468163
337964
868413
813774
956859
633681
810164
742934
896939
691953
422729
831017
639420
849761
749719
236742
857854
321577
304134
460978
91536
9888
764642
929731
181783
596104
82217
123881
967884
327083
824654
430230
242683
163597
95622
529526
858589
842515
188696
388535
466196
521220
280142
117789
406996
845792
797076
772448
900719
359281
417823
921551
527015
452949
373866
289052
887961
685486
787948
519649
231437
880552
798695
43121
590399
107298
656712
603580
349121
858373
122816
205182
959093
951134
276285
960995
562737
954088
195621
241406
715062
593077
193651
178360
754444
253350
174660
144528
201740
431872
102892
273606
692457
221805
356576
701311
772835
309261
64776
644395
135173
216578
356000
556089
525643
458932
803107
581371
36642
99367
577437
798484
363406
398048
142646
734288
889621
735918
423013
332196
275379
138647
304250
368429
604724
594689
955686
478114
43472
37661
827761
894782
635581
663720
438630
145718
44684
701127
328276
819299
102499
1740
527763
448292
721513
399396
282190
946129
767957
255884
159781
658470
682561
839485
26395
82816
315318
110754
265254
380228
633772
250686
559686
315569
96698
241849
15898
789008
443690
959893
692107
594658
418449
818688
753473
399655
561200
893195
440735
244290
361288
908019
361352
582171
199331
488063
500438
468516
529496
470000
25870
217979
125442
586664
531181
735113
649416
641581
464274
887315
419860
165728
691967
202102
888581
498372
283677
719098
410631
809008
604405
504422
521817
787254
455730
183768
618267
765721
213966
80421
332470
662660
80203
434123
216608
536500
74254
177745
695501
401407
324935
247531
554344
43586
529578
111761
502502
946726
84263
205377
524386
408582
221183
346059
278805
905989
962005
986135
465882
369614
699282
448483
348213
463025
144688
761594
968747
758567
352257
370495
396700
576955
540422
701334
576104
836187
486064
763413
103299
165839
59373
731106
452784
53478
613075
29151
741166
127751
294388
145960
287053
606143
443643
979175
638856
499126
644620
375215
943179
990899
731444
310408
784608
557127
470144
898730
663872
635870
752736
570284
702580
411836
710582
814373
609988
271111
352378
100224
203770
511633
893061
303877
635837
149775
633458
938598
857953
462201
915011
799667
336798
236709
947490
779324
108373
553323
987427
732293
659934
740026
932987
751309
184242
528082
596270
766848
243656
994807
326341
788738
56625
125335
188818
528063
459124
191920
984069
123193
356949
381760
407681
132073
362089
235340
619761
636579
476458
671584
823501
233074
462422
838261
542331
614682
189114
659066
473292
387850
367522
347811
280358
140329
224624
831200
870229
758897
215388
750519
935102
647051
914753
857704
124334
205801
685680
143643
341292
794714
249131
264727
770545
742737
395021
964982
546591
350492
330662
721419
702682
371290
914680
717410
709786
509423
709759
261231
370288
535082
771162
58045
39793
473752
230319
53050
556115
174146
912651
311165
58929
528493
782539
264209
357071
290606
349486
604826
138522
527613
923394
851298
401762
530145
994546
18491
69317
975453
325609
961095
277604
895551
890842
132799
871329
897112
698524
736866
881378
22252
905940
752222
858233
414458
61333
555228
691452
720935
650446
160740
208837
85796
525296
589748
387535
925408
536712
457496
2685
270208
606176
295543
303015
917713
584792
231371
663974
443907
827895
128895
714456
496044
707899
617286
902868
73307
68063
568537
224508
439843
551885
842576
326468
205193
150553
997986
605807
644237
38539
306073
478055
707381
467491
607879
880964
826833
344965
946969
402509
461724
580482
642431
96929
455648
827492
991652
308741
549791
459224
229221
436352
377602
675141
712543
348975
243252
416380
781347
437925
815947
960530
978862
995461
410922
250480
601539
115352
431266
860233
481456
797576
402625
433062
334160
688727
825941
652548
688950
54874
256516
720778
128196
357354
16526
977912
225675
753495
327340
702328
757528
766395
423439
224527
894846
990787
678018
216828
363783
537620
922957
680136
576802
554905
857412
750560
923301
929371
229542
991900
344895
148998
330438
393839
468932
646534
23191
569862
413150
916712
782305
63902
752376
258081
872591
381577
941157
860016
553528
526381
710410
1966
521434
514284
971582
228751
701891
797284
4473
237251
530965
309338
454355
43824
47778
231923
12582
249054
606528
112287
266349
265788
198757
12815
568378
453409
247344
29019
721357
443174
568612
272697
713539
139253
872263
240827
49649
16132
902386
288767
128707
937828
692038
258923
630847
142346
575036
281741
343831
154082
906924
327527
677828
267937
440437
913894
189337
607150
7080
595780
655910
677344
398988
46980
221442
557540
267714
317608
857748
485937
869466
470880
128621
534015
513052
195688
242607
14778
285088
491958
396410
15303
970323
29680
267645
108929
486761
781099
584464
787150
164380
285047
503541
28806
738493
905449
548434
158230
504967
82296
997966
68143
789915
520155
596136
676175
168507
771562
710129
612859
644435
31793
638710
631264
950173
514341
846738
597000
799416
376548
95330
753732
421163
644274
930720
196461
368015
860947
345049
700332
52156
895456
361360
494053
82113
917313
726344
480260
588642
724602
322062
426941
674179
920825
819546
257084
420630
22471
717645
407604
167225
339987
445324
38407
878044
954921
991498
258140
936562
137423
170881
55068
435751
687408
171125
791663
318869
272969
251165
559568
840150
187600
863896
735800
311036
919525
449491
772721
811157
108270
461087
56440
802651
262466
929150
719980
25594
972710
682226
625194
155311
620285
918454
990819
110199
256155
651114
170879
735809
176285
797076
600944
403801
940825
51885
123891
475852
989181
940271
711818
895607
418952
95584
736508
970829
390106
764106
182384
911566
487519
578359
77432
229324
631503
418513
152971
146600
594444
20586
862811
49153
589832
389939
107298
346387
714466
795154
134079
609135
991486
451482
9510
825922
312973
666943
905486
419539
138948
372313
420815
186089
780526
235064
705669
196773
948294
959388
136316
943842
231363
625187
212730
580615
235233
290168
417767
826903
173269
858617
883539
739601
718085
583563
702512
876759
119916
188601
513355
281742
544033
968406
145851
495109
936856
400038
206313
574799
543200
354636
142256
665819
87956
75328
885609
173096
845100
273877
651851
189401
872712
392688
853418
830839
708704
80805
978363
568423
700973
228999
262413
682731
116662
801678
209154
744669
296104
97276
402805
30084
984115
619923
478410
842384
736793
858121
1710
341641
923333
137128
625313
93074
69927
273151
22697
92833
652122
617210
803362
893025
86920
906642
791533
207007
630016
603547
777962
591469
726737
79025
75318
589476
387981
484186
220997
748763
333554
47938
782179
547720
797968
98479
56096
773550
18726
149265
343562
430100
249083
901306
574984
637228
313674
411121
189161
156742
376519
687997
746406
590003
510660
219448
454643
592705
271781
88069
722538
800490
508340
622476
502492
4019
804424
148154
897753
420005
129891
185145
501328
74692
655509
399249
100241
592372
547899
556857
350136
221320
17795
788935
884393
139256
706757
31083
125835
150010
860329
479152
455969
2179
622586
262102
177434
701415
729258
544440
194339
402845
20383
77526
668776
44316
391689
718698
455521
593528
504194
875855
837931
311580
247313
494683
193548
344517
563280
269396
9718
605860
215522
630068
803642
753447
266733
666568
70865
370973
610608
375111
998959
174358
471621
520103
638784
472736
312072
30741
162272
867944
538987
845360
643800
67765
664333
602956
555364
549934
527735
925602
805218
573305
690922
739345
731382
574915
559158
791930
389169
867800
576015
429432
285416
45104
827466
117533
194024
783887
848878
691607
530236
888448
620104
126373
678486
515432
400004
495354
905837
893589
887592
726254
948378
491503
933216
64619
868279
974697
870146
300830
664252
79503
599505
494972
713159
121981
971014
296204
436329
238446
695884
439329
70932
564638
965722
744093
613511
172182
61275
679900
414627
393198
932442
337202
231224
172769
520100
914797
15115
745359
245007
85816
324858
487213
474627
27945
268097
693676
41702
573391
652110
795171
694312
119129
678407
986309
72380
509735
374521
925105
915353
336592
996634
550506
318086
324024
829531
734881
426384
321412
89204
142116
735480
401995
981355
780433
872657
228179
844002
255742
953614
549938
825932
942821
29025
445684
332835
447932
141172
963227
878654
984514
645450
518552
362749
832054
961955
576849
827644
641298
641603
440229
866656
293532
72046
840812
459119
271087
642398
256310
672298
337987
272750
454039
508910
416424
207470
713693
116836
222305
392058
726089
443332
573795
839184
726718
987181
164741
169302
965416
523437
940778
73757
903291
472523
977864
299124
47590
653547
861275
692526
577740
158649
422118
632738
160118
218289
604236
937599
494950
291456
282117
326730
789341
822071
302400
606437
96714
614659
71517
301897
770324
787661
123643
438366
728163
48667
128131
435759
352402
311590
845608
717631
127292
394610
829705
683114
850074
142023
667323
105991
879906
168227
958868
113961
821866
833309
671092
968707
407644
758259
662910
213279
651095
541627
472291
425733
813660
6077
286288
32539
126767
406936
110670
517334
224580
518793
96615
341411
174547
96464
215559
548194
947175
83486
935295
833716
799508
468484
737277
838444
792776
46497
546294
540211
389943
951235
972951
484515
969318
904485
363619
893305
752086
779229
223826
789689
90557
229894
71762
634845
61339
900246
398647
755590
694330
314190
120038
303739
822178
10797
570325
277041
169502
701343
654084
942489
238403
255612
773650
263552
284793
189444
618954
380904
655956
955607
307074
689076
896554
136316
576100
162132
733411
936159
692764
556994
184784
107515
977980
240467
623886
208656
680674
153682
841327
290165
888902
29534
940473
524112
14047
594740
463716
666129
996904
716276
848494
191303
95144
338194
773139
574166
466430
511220
423833
628758
138558
629193
430933
128401
191484
807550
811384
68885
532359
828259
922482
337664
141467
581637
287123
185451
211257
845785
575075
109212
940045
289209
988135
403467
998444
497478
544637
599914
388586
257656
75547
821397
817355
11794
601150
16203
40494
111397
701283
406247
772960
350215
455179
670292
971685
810154
163853
199858
628970
717266
521042
795944
632971
93824
101533
897139
643746
823134
210936
819020
460586
844995
188845
621881
255275
931240
789432
548499
856069
778242
261111
46251
288370
726577
938941
870018
233321
188409
650600
354229
805118
588605
871344
814018
243167
576096
1763
230701
874490
549620
176961
612670
726685
402096
927292
576645
431161
141131
500429
139077
673177
942775
164307
623611
866241
114339
747132
370671
922675
171287
722057
998492
645862
36789
234836
837763
921275
854702
63379
421517
617401
542142
547602
595555
717807
717400
866112
199579
300847
661120
73028
415125
126376
788355
991219
360542
245424
812646
899306
506507
184381
993257
547403
24793
324359
720509
73438
164186
573254
838813
212947
52584
388430
255142
778011
302557
110277
603240
12694
992745
198112
890709
781055
62642
607373
313527
846870
874749
250201
992345
984098
745185
410532
852495
319750
958710
533770
516012
804527
683068
956887
231991
248390
258800
510627
95754
60961
327185
27644
33968
139201
715176
402817
98748
708840
487202
597210
794045
93864
255193
854462
639735
508484
319535
48294
727643
251663
816597
204359
398122
738686
323441
668317
189891
645120
914531
20504
182957
515439
702904
564148
280485
222869
116876
805464
978591
734291
691307
361216
58124
341066
892970
876310
549203
389172
192431
649502
567113
472679
717554
715248
127999
112686
918939
68836
651157
676250
639952
161389
508583
887944
437402
851906
936133
914873
544041
810768
669612
63407
647933
117323
974255
926382
226920
232516
600527
78625
908320
800683
475812
929812
210387
904445
705150
460133
921901
639494
397602
780370
21360
990253
778375
347697
476986
17769
825224
377647
651824
348612
750175
826718
533214
215385
380680
924293
422022
551857
29287
469090
833441
548117
831618
13741
459981
987604
608123
551741
948934
600641
105190
855227
874315
511236
621432
83440
539173
175533
499819
993714
900035
182340
314728
464610
96025
127235
76689
143452
357878
852829
945790
750956
47771
596740
8043
181831
103951
738188
681814
971628
91000
329241
16212
567242
824642
690798
548975
790907
591245
575531
158920
760318
465754
252277
666461
722052
360795
182010
798315
176640
461633
229107
340756
877341
398458
708674
712348
692970
242999
485462
813722
473026
925223
587381
457576
395520
451074
435227
425508
43858
282417
663329
114397
292345
865075
436624
109466
35594
564050
885457
135958
774322
669293
61616
71451
995999
382659
993889
737010
770533
525537
726204
555533
131206
87880
17816
422978
534393
503282
605962
764234
233830
356111
961042
499244
233231
483705
482071
917444
271482
279575
644520
986188
95305
568615
122198
866456
647141
247960
332520
187389
907486
251779
932704
628011
32259
211658
648822
920773
759228
62709
647039
745976
896775
266518
490588
40782
192152
959715
551990
691358
984690
193106
871220
965188
323859
205513
646479
672949
985836
401279
72289
155529
265665
826674
810260
789911
39546
230000
764154
175986
799862
630226
816643
772761
835625
655780
261911
534715
601224
820895
124132
493256
398139
270366
117087
202378
177039
781078
589628
121900
537387
461896
763170
614688
183637
834127
883063
824582
498457
522433
322288
320150
888345
281972
998355
250763
405088
369616
612748
847575
32052
591257
604843
241884
669171
980179
931390
721068
356888
295594
265824
977843
976842
897962
316409
768840
342595
326498
86795
149024
924060
977184
630919
475954
573928
357828
235971
320180
81820
240744
548892
408909
246540
445398
326574
249694
732615
174321
820303
279514
235916
818186
494037
542734
592682
573745
64001
556901
772156
881179
801046
108109
166212
14232
132621
500401
314977
134556
604852
663414
541637
265789
719518
858662
394765
171992
213229
108172
179285
420276
811503
954684
916728
260309
331919
744107
790001
884511
752548
162090
190375
237557
924628
766118
814557
719857
478899
737591
351808
367076
283816
86105
19158
579923
354837
765924
523515
828863
135918
467363
111380
453510
482351
796484
693513
817077
901126
187430
834545
711491
212146
234952
570685
859098
783841
817770
134440
2294
318215
954
844951
846756
180961
165714
982261
667589
108816
689263
94680
628850
7393
782342
131134
68233
353217
754896
299015
655276
66685
178168
328084
862116
510649
733853
946334
646635
300333
545487
269404
43197
873090
739053
613048
753514
419905
580057
747364
609090
891216
811709
15022
998505
14020
875725
791698
209553
968862
940640
800352
55782
9862
15346
375219
149110
783649
793664
653408
138632
214396
821073
297356
243021
140056
713696
526833
646204
125718
80182
865355
911518
808847
844509
527268
82468
171048
899653
737457
46998
506650
953984
892731
561106
258297
700456
79889
871285
34344
75256
717161
559194
201780
43856
378759
934546
392262
223003
568702
371862
269883
311353
209785
979151
435180
826668
389850
140589
914330
476468
306706
562775
31238
41234
36789
436254
115227
459648
685801
580464
503888
776751
303774
326591
436582
883987
409618
562047
330134
196037
641244
299553
465217
671303
239709
227777
29773
924914
460719
376187
73740
262346
939577
661075
496630
268794
23792
556963
74632
515270
829886
444412
857866
649944
881388
728531
243145
692199
918291
722131
801032
18992
800481
308166
327256
391486
374216
924397
838648
305874
886298
262283
743810
592237
885616
709343
324997
188536
694634
979362
469820
161225
205535
444658
665118
48301
218425
23401
720210
940879
484547
950181
176684
972504
213765
94499
829234
698933
284632
392066
331121
807874
812422
384145
831213
343459
232674
474128
94672
940053
513651
276292
385590
422193
932932
676194
949122
664910
868326
786953
873486
430027
384835
565428
741668
448436
106857
462010
191673
859143
659155
159093
192730
183794
142076
591586
353016
518653
266638
735542
68731
159292
251366
439161
644892
891417
54332
565210
102595
134302
402326
245733
824627
151127
719299
175259
14591
435751
68166
778587
446711
179344
839734
644784
390025
784035
763390
627794
311063
683820
349920
497138
132108
449116
128365
168585
270599
921678
128298
869054
956997
356270
634225
997895
696344
181538
427882
320181
847460
697391
33411
996268
846624
44378
880740
770057
930735
870100
666751
896867
5613
463995
970087
789807
416381
119322
711207
349568
817577
753603
939984
809240
64431
331842
66781
930257
523195
235083
391776
462873
990402
130111
159001
124325
290216
761392
945290
323150
471741
755737
185288
282063
247358
808696
858039
101330
235463
48342
202121
592940
918300
489555
152188
692060
332926
363853
167525
490185
436583
864232
627490
48431
465111
378212
491163
329447
319550
724841
830465
761050
218814
132810
825975
338277
816496
469838
27412
857304
358008
629106
775575
854334
47511
45558
269842
999877
468040
885592
854559
315116
978311
755561
352097
672253
313714
201877
219485
932431
753599
277498
49831
569600
936462
898544
566982
412363
654309
580379
922063
386292
619314
152530
226087
457613
308733
109958
955798
965361
777405
212252
924677
951072
266500
134710
805502
997961
876476
990552
355992
810740
17616
603641
666840
604983
803325
413138
24423
647358
919843
562691
33543
460325
128384
687271
683529
788667
655633
296560
90222
117603
90264
215085
284953
927089
291072
619285
968471
261002
538167
36266
306008
115731
640351
939637
907926
196820
458720
3229
9765
830592
951361
358013
743518
598597
570409
706949
450721
174956
455014
809000
417722
514896
864282
885953
614661
753965
565139
442951
786992
512125
613628
139183
645736
829547
273335
67971
477679
169493
954114
870282
170551
912635
443998
336860
143791
992124
203327
40896
999861
870719
647937
54841
918577
973892
238257
492495
153311
610717
257560
106033
420582
957133
302234
737714
925414
582791
509857
184556
835472
28979
663030
507272
54246
706495
400830
511914
284926
136654
611244
256914
711302
282889
344366
359052
224555
554249
181425
475629
609655
629586
232909
972748
611363
524822
132073
70949
113388
656564
451891
950384
773212
630863
379855
440827
186191
629412
98033
121994
105172
904337
44189
231570
760221
321632
352520
700432
170491
486212
679874
394756
590394
952612
572849
56194
896423
344520
354642
552927
802488
949183
366153
965547
16866
178243
739868
534769
149726
179129
438214
148588
93248
236645
531154
360214
736035
466927
484995
71680
971015
274490
576873
14509
409253
357996
532518
892541
521458
624593
126124
781010
383894
513367
188892
859694
860885
508488
983379
992555
626721
886500
933457
541981
191596
425280
759542
377743
313446
893187
827770
574040
988143
193560
237668
858240
307185
256074
529555
957614
881705
107695
291063
41502
343984
375093
87095
670032
997851
213662
919607
654898
758637
205721
534818
377578
271010
787096
123274
930711
572471
401251
425155
420633
195509
192548
710194
258858
367932
622792
873575
243344
27614
103557
28810
145245
190549
180880
678884
700990
593748
366078
590926
73490
58414
712511
656031
275646
213080
164377
642249
708637
885715
131439
308226
908712
833932
145910
266433
399585
723647
681453
136106
868934
148121
881672
885566
43662
219186
636404
768230
920689
209004
574394
626672
939063
150720
594119
430799
511451
568811
74429
936526
947781
349747
412647
337919
981773
724198
511804
330197
866848
683986
425512
99586
892189
446335
64117
958477
724683
340331
177551
629873
76929
347883
964963
569659
644200
912541
428233
588141
222921
845451
315044
190638
321813
488902
239697
194324
591819
333679
943128
790194
856928
510765
836844
754091
612338
293506
896616
355554
653857
623376
456145
597201
676064
932279
515684
950442
577251
472425
126328
662528
623747
88487
587147
997845
205703
634166
499941
655691
554442
578337
533043
424468
726546
959960
765517
282074
720681
11392
746773
122150
659138
117075
181517
151956
425427
394461
180242
324190
496049
2212
85170
632795
342805
122307
40564
924432
274784
434996
567967
602814
134425
992245
200311
108008
350495
324168
673256
782299
211903
995064
942049
384268
494608
201263
119961
147533
253483
577231
103756
911922
135104
684688
951053
248732
949795
510671
856834
380355
523681
531995
989959
522883
850360
154846
381089
661123
992950
260120
361432
877466
395584
769602
251908
139458
739908
28452
219982
936742
356434
553008
555161
342872
525941
883423
225645
436989
23230
729072
500530
6820
76728
883657
351296
498366
166308
984509
813419
61784
983088
971282
886928
174200
282094
255002
296580
303527
494387
863897
945735
972852
96553
287119
124148
694408
824447
927948
70317
43346
95096
522417
792339
891479
259300
915160
646665
776693
371847
496152
292299
995141
500056
638849
556179
149712
200564
984243
526711
721470
455762
481495
367850
902316
468285
804523
639261
521623
86870
417847
915062
880974
548342
610364
707523
339448
947336
257228
127404
302210
791965
135542
446989
952240
655357
904902
389762
614607
6746
465284
634849
613068
636799
190695
105667
395301
839479
611538
194727
518592
557704
610245
127845
78926
354362
211613
483566
65573
774854
414514
439472
522693
620236
948522
883141
851506
965742
177933
949682
349188
294122
956909
421277
484005
349514
482406
71138
961994
41463
573731
573880
429605
790399
867401
296417
786529
199072
952943
843031
383466
326835
842059
383339
229845
668037
904945
760022
870630
855193
49616
930285
210764
238719
963511
730946
422378
858250
614491
561877
454147
183211
637755
651449
784891
986877
354673
397750
26284
253788
763639
140600
631788
351472
554366
450316
473836
198975
936330
925300
792525
454197
400623
443348
460814
62043
223450
157047
703369
95653
698262
80309
4305
27430
443358
373895
47952
918714
618085
328826
792720
290724
313961
569281
886037
398028
241666
674046
171023
644233
797766
78130
880970
155512
780613
808527
470176
280450
329364
392785
382268
278836
492593
802477
273253
915728
793393
490415
635355
214328
579247
533328
859976
389431
249453
209080
206026
906117
427510
219993
967374
820404
128184
156199
890399
814700
998534
268746
304770
261266
842893
548058
10321
871760
810782
853692
139195
505955
549439
710483
740363
130823
779578
145414
916103
943447
843717
432844
656113
409523
96879
524312
916304
409591
438175
61805
920244
424188
607376
416126
765217
956308
190743
29957
536491
787724
364416
982528
12880
630769
432854
269779
503896
159103
466348
644288
364272
876866
815752
88895
744717
927600
356322
959311
931389
460863
997564
171366
368361
610628
410423
683151
422913
340172
820035
71437
756821
989453
859461
659411
429986
26703
299840
702294
25194
89104
697272
170271
283277
505912
328722
531195
725294
649237
464142
959353
23816
707977
43360
296629
703343
272093
959060
853374
97705
211760
434213
856494
660826
818943
230436
754317
399184
80292
826025
60220
471622
276223
394496
824758
771396
27609
476085
685054
830792
978314
26286
532951
63481
109439
831688
440751
409304
714253
442512
791516
91393
955138
737059
494341
17500
543326
913704
156222
453169
80309
624742
629346
67062
300102
487701
197400
44562
553845
804793
469280
774657
205721
417321
17118
205198
471297
579612
755580
476031
358915
112566
408047
699042
589225
671118
640261
837632
939750
412256
163525
486630
267031
390846
601703
448489
498607
971726
130218
879021
718066
416794
597864
801907
150169
426253
608353
884030
287932
437222
993148
274532
701948
312947
789191
525607
156587
529062
12089
821337
473952
772766
110831
202446
694977
65416
22714
276044
250312
880723
627372
164883
864399
867605
846154
464712
398763
292690
28702
730503
349145
37296
846226
825923
621364
578544
318872
431560
239580
413595
880630
714861
203459
46311
882052
994909
920651
388319
633878
630910
161419
463168
324771
787436
124143
960120
423869
258219
176822
531440
552745
706288
704892
2885
403834
618346
124167
421450
532860
507300
818887
677776
856120
955381
837948
310211
505491
828016
552504
377762
765546
162749
348145
41353
748946
818521
557515
490744
182450
307075
52222
854177
957627
171350
367429
728719
188256
644619
351804
836291
401532
537894
778304
478871
801221
796749
47057
977635
899318
749560
265894
433772
526560
790263
789303
462587
90242
121934
624075
255711
944782
403836
710325
991171
366840
732066
842667
793331
419481
30199
512550
78035
683668
430915
569825
654930
906854
937376
520779
636389
224404
326337
306898
364362
38326
69915
433302
119258
532666
337860
580693
874087
319155
348111
490901
158972
538548
450507
896049
453510
428027
973385
962571
623904
427527
602153
346131
371405
955547
154202
115845
541240
531890
1658
161414
321818
501994
997469
197538
951260
274134
875988
805010
148313
218013
857362
99518
59964
302475
604115
452281
593292
45103
128945
913752
442828
847574
91911
8335
554672
566744
950196
431763
974278
898367
319716
561152
748900
15276
837648
640636
306910
700422
472795
658750
247723
729921
346402
30208
523129
824470
388621
149167
421238
357780
135382
329699
186281
837877
393839
584715
721668
533998
506271
725398
962492
504103
415927
417332
589333
474670
87326
523038
452555
287182
527985
815267
511050
150358
539661
291780
549772
662566
275136
612067
396573
501823
54583
733544
666677
168242
362648
290937
126080
700590
142806
528145
101119
155935
634997
977362
672622
287909
415888
405426
397229
478426
795656
471508
266998
470324
28102
441801
705267
160954
672499
132651
169561
442281
6421
432143
852541
692826
669668
958364
385573
620234
694139
127637
696240
422494
864189
738376
9022
755258
43440
366245
101584
453934
321735
472307
163391
864188
217164
785947
506180
397746
622059
595936
52219
216003
527924
732545
51718
699504
40285
745721
261331
735469
945253
163277
470290
872173
873060
18168
254261
244864
483532
955497
754763
207686
576105
271473
153120
13681
897786
843246
703949
692765
45938
310490
120746
542456
104638
176833
498541
414390
659918
14005
601163
154087
604775
8717
786040
327333
285416
846517
945465
275441
51280
825491
334742
800763
40098
393095
210601
192288
548200
341370
949228
739429
708629
117585
726023
140720
894763
341519
272858
149804
29054
385850
800014
81504
596280
246864
478088
238062
893979
866640
291129
977671
886803
400529
598102
844984
739113
610565
150481
62809
707425
23621
602492
784027
972809
45873
477670
423982
958076
300160
313486
288596
504255
412794
401079
183410
698658
30403
369264
297129
674976
991554
454259
403959
83371
870142
717197
600527
677732
983845
371875
972986
737247
761739
278106
940274
836307
3618
22053
927097
266838
710049
959109
364629
400074
933401
454459
906628
554998
840099
856356
95755
841641
908283
352079
603863
582036
394402
264191
152353
973459
237462
188357
564742
237889
132625
602538
251358
28458
428139
92118
958632
780036
825561
930293
271583
388806
932584
994348
567444
31126
259742
714840
706764
974545
999110
554056
860655
683074
460869
287311
179560
116963
949560
341839
91302
478866
468864
65554
800720
159612
161717
24175
766614
530397
320985
104909
544422
750410
862278
364960
555713
47283
857879
171012
683569
512066
254188
644717
150709
883736
251995
147885
510612
801551
595202
882184
156247
649917
286194
392394
417865
449950
670221
223148
410324
167781
340564
139544
782944
274072
91688
450380
841837
337733
815943
843251
587926
259310
134962
977408
367579
843331
172629
665086
208909
565710
108976
635330
285298
707412
334092
87673
932625
595886
806657
578883
911915
438474
121594
384360
192338
903453
800482
255594
835709
530595
461619
707537
635105
886451
695353
290639
563122
418317
85426
370537
878588
148466
32527
861298
46687
890403
215787
553041
946694
119621
228409
334521
574856
12111
563175
261679
683095
372033
769895
691753
375930
568404
318904
647544
839851
394461
650589
706109
269225
990965
331739
205825
206687
278591
550650
479396
671994
859083
638502
357935
711958
153962
836953
94265
372481
83045
697591
755628
750942
468613
230103
214050
318797
293107
960216
195327
173752
219935
68848
824726
189016
246473
165049
385775
774500
298926
274457
898292
451027
198943
765630
867419
277162
142041
576967
309816
691583
191663
758698
230733
333240
262157
912048
601641
162821
425394
934155
709240
338543
945278
542981
603103
593853
7175
639847
113550
364427
988175
818914
197650
200744
3986
228350
646911
564182
795601
918690
373112
741280
388469
320361
175438
458002
113441
290054
341007
39523
326275
499538
165059
461098
317173
80428
21673
177799
962871
811517
342506
100184
556562
72151
101219
115627
684370
288775
94862
440638
201385
949982
427569
580836
832599
942113
76302
96820
627176
869155
693012
836501
453086
791543
344938
495964
169313
427955
473685
851179
971529
604939
228180
567982
476764
737452
42305
97352
653326
623973
759017
393120
910131
550613
480048
578747
227959
828541
139894
403854
772011
286694
793584
278859
63613
646922
256817
282900
630924
595063
395173
580020
41364
550751
643371
403254
536466
60050
857751
315473
931649
614320
517684
19484
23500
473370
743761
355344
609196
229699
625005
272475
1776
387077
184426
755146
86716
513600
295138
612099
409040
424884
873784
3982
275547
359544
890277
256645
535709
641292
519146
61592
339237
286230
975310
245487
601407
766403
129183
777746
71643
907130
238514
976221
150357
762323
317377
628248
627237
405364
129637
363671
782088
435246
815360
302568
926018
513683
181547
973932
922009
523010
127639
124458
230574
311789
696502
876324
596577
999970
604202
253387
701856
365826
674016
137165
549807
404916
186633
218397
431930
185279
529096
346265
198605
254379
105410
161546
794156
45550
804298
290834
630180
504731
183151
704923
334302
270339
733256
579587
165334
308739
335367
290168
625708
956742
699860
583148
648417
128663
905854
319331
315269
164273
185101
13294
854945
64454
571961
313338
937468
952479
992938
130528
437794
413963
888061
77168
201308
542463
168392
372003
16413
110779
813636
547685
83472
476148
763318
182213
589215
604725
898984
699626
348496
19615
2704
568893
673656
828284
368823
481971
946960
186665
223899
589500
751412
724265
797018
79406
258718
1102
342272
506229
746935
47545
593568
91830
667475
7690
131186
659756
925619
13366
895278
527859
431658
36030
484177
817982
368229
233166
802591
948871
112691
402926
264906
514642
960780
263129
843753
830348
756041
576177
25005
605402
679724
648681
28083
927433
427869
397519
370776
121253
935160
482257
881730
40743
521169
147487
210107
931157
560292
348744
67429
344100
431010
422518
442783
252209
827906
75513
725936
917599
538654
836636
102767
417933
985179
627102
706503
58416
505659
168106
568266
79533
844738
426739
924297
781709
92797
872131
129734
183764
226863
161743
997141
57247
449416
31712
583294
288901
163208
509075
500987
989630
83482
226099
542948
320977
31236
47886
122046
682393
242224
870259
446180
203836
647756
912174
668764
976433
387141
718862
799956
513590
320377
156275
302773
205581
96188
517060
254418
671533
134415
308805
181357
330881
229457
861870
498824
531737
442633
293285
437258
831706
714355
563356
447166
340095
194678
90346
350168
635253
288842
542518
290192
595562
813180
924044
914236
881900
885779
377478
171370
386648
371026
693268
919103
86121
833675
895438
956899
896976
905171
145483
816531
589133
107348
666981
914948
572667
973461
147053
795379
166419
364557
591925
610169
585917
62844
397823
149957
719778
102303
150235
382231
408492
761219
19279
565532
584886
883526
740360
520839
751563
636866
257274
438986
315436
957862
361226
793062
554454
906320
210323
22221
319274
900523
784333
801190
779869
125100
184409
732388
571715
30257
493945
933646
969382
179309
524612
195190
141166
126958
246815
479330
756281
954909
630793
927076
512771
268715
12761
666843
774985
710624
55657
194108
31518
634849
977372
580008
518348
268310
70423
438712
804668
208317
933835
887621
240095
957190
779340
967158
714440
776991
962377
234888
765540
368906
344293
595485
408644
112649
273273
164622
662863
275529
794296
804485
56919
185930
503781
674601
336793
743667
461397
873235
87149
900811
704913
500666
857870
958140
442859
852336
459014
653335
678183
446113
626097
810286
337374
828854
306474
502352
710889
439803
382116
61259
330458
191913
644815
979144
967533
374966
172635
736206
799116
386412
272167
302642
109343
444825
460631
460191
726804
202517
731420
61201
341482
357242
442429
118822
144655
208227
594644
266241
984021
385793
922283
198551
617871
83920
365120
967477
425756
71025
270661
248483
410031
703639
790498
906575
742050
410116
309849
450392
838511
947394
358157
856436
263855
962900
937228
730977
721452
306801
776538
236403
603711
348778
362297
288839
485820
616618
74864
795078
296455
622684
270108
691507
173851
108009
559189
694430
209122
84460
784714
960565
400874
93062
156950
700323
993598
962629
960975
701278
387185
944602
315057
951053
839504
934611
471866
627242
186124
236225
762975
297058
836798
991187
177861
894732
332463
723586
54430
486346
3289
534072
378969
444124
980663
17237
133348
491913
49761
546869
