104389
539649
819228
618567
188107
388919
765064
349537
782148
276818
620854
176305
282368
157903
925870
336384
94787
185336
165278
981262
503265
141947
942957
879951
694558
934242
292434
423655
797193
349971
141931
954296
674906
245353
703980
457276
938172
807550
589734
845207
749100
866503
175374
404589
838913
689278
201331
242074
694787
173156
158013
376687
416389
767587
679967
468753
557354
2235
260505
181131
994517
402909
503264
701819
962648
369378
183237
63002
797046
989833
873537
707944
422468
304506
953425
248383
190905
528493
371075
440553
302138
857628
875416
787084
26476
310605
476565
339746
929372
561826
571256
136148
390797
939938
961537
224094
482440
40796
537504
94653
679381
312163
906002
54675
838410
278367
575021
123497
614767
76242
43754
340135
249262
124158
955267
471203
136311
933710
944332
467783
465156
674055
381405
671212
969660
386474
959700
493974
978837
5715
904185
470963
284678
943510
604745
994202
514517
135714
199329
73244
85006
237269
616792
326905
494130
47702
525919
875706
216733
8654
824468
201535
831814
928284
13436
786072
143106
35028
636714
707919
486539
472885
920672
900987
200381
560111
791779
329577
933757
63367
312446
43052
600619
93981
384618
391148
587301
807065
974959
677956
316943
549674
944198
306371
215187
949161
228648
639458
603358
885027
566373
960986
305294
162480
611592
786449
412527
654911
145150
809365
398054
571565
683941
226270
591163
5013
672888
596524
272806
551679
322790
111390
660529
370630
583577
805480
170766
727126
753938
737229
277138
370683
161903
931537
209411
821937
785361
712523
19867
732966
205935
883143
145306
813265
528627
565304
261891
189589
124006
395876
341788
480288
198177
577325
209214
257803
208348
791021
561323
762242
96554
914440
971917
646029
973779
621146
384452
55256
802980
3281
456773
616644
666073
724495
742313
573419
134522
885361
161657
578024
923458
315104
627301
334930
857312
233179
483228
123692
44549
785566
84728
776277
478762
773684
475730
234173
52368
965669
137911
986046
594744
822356
121073
992681
18745
178493
691461
765241
3471
706849
376891
333602
158432
891669
671637
831998
161962
507462
25493
865851
898105
74046
309414
538882
172121
599792
210653
620226
304477
239986
800405
415724
213755
807453
114459
514706
540433
631378
963625
329295
60286
206715
313061
292369
971132
410566
942587
199084
282266
862363
619420
855372
299309
181328
89948
118565
50031
104964
490914
521603
159554
474293
665818
764479
35218
64132
523086
569841
871922
326876
693115
557221
7291
550033
347976
561787
388973
18654
399926
82268
744680
51429
140219
364659
184947
941886
304031
107135
123170
172046
185188
466145
317763
707981
33616
988649
622429
190386
396594
460515
688151
510760
783667
210669
416142
935905
425404
462142
319961
776486
866580
538599
69539
717231
760362
42609
847099
989973
621191
348233
888931
441413
329177
147276
876835
681721
171456
567139
99412
520877
218120
110622
792413
468174
529869
616766
133934
895561
102929
632298
642944
206309
990962
157885
317427
44489
347653
650733
603030
572361
124192
613227
768291
712557
180492
355685
728370
791543
952478
751402
812833
338211
308853
14230
803447
703941
529585
538391
67134
685092
919738
424468
660355
244833
108411
528193
951370
877680
288966
349901
98948
777805
724573
394863
78806
821944
467323
156270
652202
372345
274588
24745
518750
236770
896169
248968
52277
599281
670650
91219
228226
637154
987885
341500
263653
812169
231034
885727
858790
212843
985296
590526
160438
691622
393145
76773
363461
459024
101129
829405
482769
178599
126617
738450
12472
3757
299339
250471
525486
605624
687709
949963
971650
410766
478934
951792
867213
288653
333809
766100
389779
500339
769342
517629
870755
250187
19247
456808
84802
223417
692362
452473
161166
178761
400356
913025
36060
838169
516850
605286
127217
806809
321608
179519
788109
174383
329244
776203
712950
582263
889098
245628
400052
526622
898406
327294
799248
917671
532495
589301
368186
504701
452187
295971
698676
935469
824799
220138
518192
787246
955369
296427
185283
113401
291712
668917
929247
713944
234014
309095
877203
803968
313326
15470
813240
671157
987122
660404
437249
951887
12354
124446
277040
302772
415731
375359
637186
94794
918700
841427
949383
586189
768906
256215
475156
638117
520965
609533
887417
126722
903549
440724
615236
598538
366188
697492
531332
583274
913953
237140
804599
81156
33368
109893
503351
235279
480804
681861
433864
530523
183131
304312
413241
30083
530207
730586
11817
241669
388738
987182
404604
414876
361714
258386
797624
586039
124370
134312
718228
277104
398974
865183
275858
500201
801909
472304
748936
362927
404139
224435
276596
549742
931755
657167
94681
442254
812540
56865
715509
257545
422771
122982
66187
881225
132997
968145
738719
971359
903297
337383
191569
686017
678507
109663
114622
515098
18265
572461
327527
299613
741823
958306
330207
796991
696078
962242
417862
337699
270404
927842
327705
729578
672568
419570
532494
862040
465516
202609
139492
914773
167668
792562
536314
710836
170532
410147
757761
328443
653930
824147
686491
311331
869610
183881
992607
528111
255925
158941
672185
659455
364826
428574
661329
840846
287752
399155
693516
809952
453032
817699
13089
497032
94205
311195
304239
785299
11670
752877
390382
102880
908595
11419
828974
751951
742119
125973
569167
430754
811590
865692
856603
519824
720542
46761
182600
104442
991671
755828
214820
17856
600911
359588
111985
274189
854773
816112
276280
337552
267537
609806
883875
890992
486782
863980
406660
242090
825202
935245
106204
863067
268549
345362
397930
172507
587187
330616
444376
986543
285572
475622
79889
765755
792746
352984
30863
18310
425449
470206
770500
674056
751119
436792
60693
691276
73846
408401
126385
873087
720295
243073
904323
718196
294660
677406
847495
646907
912202
791493
275484
197017
407603
531624
396167
49438
349230
953263
801899
257471
312949
595306
722142
746229
575391
382400
315115
951332
484851
523969
843599
181893
766735
171558
782331
505870
458420
601129
325474
196017
388940
814901
620619
572488
484619
773078
233624
271791
113713
411693
685053
750227
215049
409300
404691
817189
235300
132223
144552
590414
274925
614551
714656
195965
175299
835719
183604
629320
760633
644689
460958
647857
446197
841662
719617
445860
802582
585703
394679
326934
331870
340914
471522
60123
996424
610063
283377
878148
561586
241864
642438
424761
921611
539837
280109
663042
153061
751111
369556
372412
578254
74441
622240
272628
902923
504891
271524
832769
551893
998370
411518
541521
969672
496462
260882
726327
129645
931504
423281
286336
938964
949847
628899
455859
530797
637629
891594
878405
315794
565018
840788
732903
737875
154349
380614
39012
323073
758159
800027
615507
612247
551465
880820
235472
9674
353390
859396
82827
44768
370462
543749
663987
38955
738148
160051
536530
585067
856394
970612
427305
406143
384870
796771
240913
55570
561957
586688
998208
290652
830784
973884
670861
596472
538069
460686
518015
429562
948559
944610
211187
844981
712498
680579
679990
334131
60026
84976
417128
821284
220410
819480
952668
693887
661495
837795
958387
197631
103640
116479
462273
90846
719881
525312
553334
101505
181980
103748
917381
311961
769592
603308
605703
656190
644700
740095
175513
706382
542594
790887
975379
770157
682930
559389
232072
755681
713797
3352
332104
68780
886066
265108
398401
297843
630440
918391
65670
422389
955880
52037
558568
391655
253334
884856
547949
825967
245049
897273
197069
168629
668299
42908
289684
606483
991813
305537
527058
885336
178281
432612
789505
978116
497183
390082
816946
611713
451799
374668
631940
120185
929205
671147
807430
901792
271560
829475
727841
42514
275633
827819
367893
531289
958778
45278
241713
456697
457600
832395
55479
830882
234089
412138
940753
280075
141204
457824
703784
617783
958121
584272
297525
63716
675912
802124
322305
159051
698960
281032
228864
931528
7596
217087
91447
763127
458520
416870
833982
446345
544576
582230
844975
81754
162160
72955
148189
1706
397531
15091
537548
597867
315583
988770
955752
838626
318077
316255
194851
199864
760353
229686
27031
347797
923609
704853
802839
97961
889030
616854
948084
886377
718252
995568
170432
647889
710126
992782
871978
421250
751378
655523
208962
101313
446203
739546
188561
486238
183768
845250
456498
928058
146860
591622
173578
17985
408497
293888
416372
801350
265242
667490
692592
613635
551079
88534
894018
906019
295560
246798
776996
425074
689845
709274
616119
422222
502745
620883
494081
190013
833613
759091
357248
972295
200118
447511
975731
197723
739591
200988
147292
649313
661290
522263
299268
395918
947313
509986
292230
923768
977773
37322
986117
466546
653938
195720
532694
591380
717041
38054
15041
431717
470958
59979
219545
347989
296594
627729
92071
713536
520780
589442
141028
278077
856674
672463
186697
500973
701618
168344
856933
785275
855450
375124
622242
369480
262273
346399
743665
64310
696806
560284
610469
48102
910272
401484
953383
853615
434344
903305
721832
496043
885731
353016
319088
218366
648417
246109
223755
173536
215701
870493
304000
715608
378961
450623
206719
857303
195363
135401
587676
818093
819814
163102
635209
178298
579139
566038
936383
811025
345874
672652
777890
207937
573994
491878
316129
877467
566864
867638
680152
241307
391868
735099
206497
982647
720182
603227
148278
513120
446854
357501
86896
945815
810218
471490
846837
113291
336754
914834
148647
496993
86359
577399
894990
938032
627076
514365
369979
322158
145642
359273
135976
433217
219760
968411
895207
865683
704351
746085
385318
996506
622503
180882
655848
995170
367116
526785
701095
377873
813010
823317
113674
120820
374523
551278
635900
890584
139859
193393
919731
43339
814163
596404
708486
286419
699029
103157
526688
240903
898093
743541
798920
65374
856023
532504
504873
982310
450991
904810
736191
13236
143221
825384
764086
386793
887013
634040
83839
227505
836819
758463
783215
90465
193979
206223
245765
745773
154741
678745
301512
387495
611812
950660
59109
303887
581993
915368
845026
235844
527057
716246
112199
873161
52050
684540
397043
476528
119305
719345
63450
570778
165299
900593
782883
904549
85086
603205
261043
769589
293017
493590
794566
487680
211650
864499
593826
215058
158744
648765
569641
108624
482018
424482
33651
916760
256247
390919
2631
654797
310882
73431
401475
533430
926686
361713
726946
493675
774320
950892
683398
703162
424499
735029
318727
616333
901579
936436
841646
643173
319723
169859
32567
109729
972521
141157
601066
660494
528240
996164
187635
659559
354101
363099
871680
461335
665844
26842
588030
742199
273808
549294
685755
941970
229686
892853
647218
55269
347915
453070
773319
693580
781330
528331
995090
983229
594100
852716
484483
886634
710370
466213
756295
380141
74627
88319
729685
679637
400931
942484
385590
744119
387170
620172
755053
966854
331209
432023
827704
856511
470413
694358
991881
123534
527442
551595
311395
900431
106615
605948
240302
459643
647899
73609
683990
403861
723529
235534
322386
729645
460159
350304
620156
521201
231626
596685
786140
698418
219265
862791
873734
392191
490101
147869
319314
566296
814105
842354
561737
597892
528728
235765
683219
142693
60396
882144
96106
124241
274572
520420
338533
722896
279344
448812
861424
429917
828199
763468
570361
539183
670452
699516
170677
473633
367168
773733
767423
667913
935154
35686
413633
688861
159156
655955
657488
208174
666483
254180
346097
210148
903619
114886
983179
391319
734859
760548
397622
120369
50293
311461
380543
746708
1400
73336
731508
261528
340884
562389
93265
312017
311687
899168
349334
450121
3162
807007
135992
891682
524891
89874
172940
752817
474758
337005
841198
931242
82736
501608
733640
241185
526151
736735
115852
102952
999173
476707
740001
727597
778042
267464
329590
971665
361760
384019
119487
591557
211320
297828
725940
769501
523355
391505
779823
786100
372482
901963
529770
491674
379219
205732
940537
179006
637982
375389
980744
33616
169616
169837
993056
614061
345709
634638
997334
84107
231659
812677
726526
582866
579372
757155
821097
582989
420990
950349
862220
846241
515865
924397
156420
652904
745289
904613
689380
657386
689483
920625
478327
185124
897236
814665
119706
584109
93042
274904
697560
913095
997867
21897
480077
626453
516463
884967
135617
156351
610949
668478
263919
506852
127599
355334
2668
352184
207891
224456
151716
370692
801269
509089
670678
62267
723856
281114
567926
122408
394922
684256
342900
221700
221480
343654
255113
131884
584314
682935
424368
399172
36058
888617
142811
338819
712339
145744
133783
770766
201931
412946
336955
589433
67800
43983
728976
910564
39557
450980
590924
702088
581274
526566
364322
736034
566276
107478
70735
889193
76375
202221
592541
4090
289318
304781
113834
143541
567032
949577
621886
562069
828080
351008
11270
298268
511145
298529
760110
783644
393869
40598
782159
189491
722734
754988
782377
409774
268219
570943
517005
425155
271310
384225
55800
482401
463498
239328
856188
841244
84078
199778
777258
359211
634435
950853
698842
698844
824799
933350
691057
544442
46422
678926
77943
880198
469933
585582
551810
621938
787664
756774
459538
984079
216415
159669
332312
33840
622243
969660
157473
836757
452628
526385
233384
992080
780779
787148
813064
622041
100092
623470
130365
774087
395560
607960
764901
80672
133860
953700
228376
137097
700211
727150
927967
904290
308173
773659
502551
254319
566721
476049
793634
713230
645951
351029
557149
512225
472875
790069
235833
394668
961191
271115
438298
104501
239494
222133
528408
779906
725710
182806
143342
359305
629067
872938
530605
32342
354627
229908
267595
215734
957598
236196
794310
397822
853085
494208
358427
193796
560958
351264
634691
980583
222301
802802
735278
324984
146025
797793
801683
570056
653824
891506
374062
327236
763135
320267
415375
561727
395138
766653
878297
626627
321986
546894
15726
267324
931012
862348
212606
993594
565742
400912
761251
283622
406781
403481
640626
599028
100948
579086
940391
124701
430398
457467
855320
460056
917753
397402
188443
932782
412033
186962
606225
729235
61604
879396
148657
620153
58560
34804
895279
481192
535574
276532
826871
753467
628408
899614
322675
20399
127227
846225
636424
335550
471117
520123
958520
199411
640854
839605
240417
751074
152555
484281
347096
483799
819774
509462
973277
180644
920665
111950
511381
306276
389804
348104
725802
325594
476798
77218
161828
818361
572531
565992
334556
480366
706346
681844
882055
974144
872820
544653
586455
871615
885661
647246
255715
266522
719782
540578
575321
925583
70346
412602
111663
820521
264345
333957
796466
588705
232461
953606
661473
17378
507515
647718
107681
416346
179137
131473
718600
674162
914398
275348
601439
145968
990051
803548
858951
633033
877461
497595
292434
299090
371571
540078
923872
820566
109291
836466
37893
926244
759957
780102
270780
394239
126667
473256
538870
532861
432516
256153
629813
505841
786781
158256
851917
211998
595512
994924
113292
351803
849080
695140
945614
331299
879600
977638
173665
438236
14643
921160
457738
391406
809294
454379
785517
760127
341583
91436
213188
904454
254256
826798
641284
208822
267056
436349
413765
699983
858636
800860
521813
479465
486251
802887
99154
118200
968901
722451
395881
923844
175313
179255
120468
795969
506434
946324
106721
433491
182163
476406
495404
704997
426916
629267
465733
912640
22617
103806
191201
469314
284821
500096
774758
753638
418400
446243
731406
356698
527577
336433
509840
838904
691188
467668
638830
752451
452599
883299
102654
518867
595469
31572
588276
380996
919122
602399
721805
960213
862464
65793
478180
468592
792800
4298
167601
434317
640830
427222
18718
252740
730678
532776
676221
651788
422472
370270
461165
705673
852511
436397
866330
796726
824616
60504
39588
54960
162548
915166
141360
124059
635001
479864
766856
446242
194329
907972
708396
221441
791612
667263
958346
637672
711090
487006
410171
375002
28535
339279
455116
15199
247108
233409
591443
170368
886245
219171
187183
822213
27285
512249
516490
882796
515267
334924
64886
840954
902228
865216
115857
270783
204287
161052
259567
684035
763291
623789
840966
525473
706191
365284
415454
817718
13088
429276
151542
562204
991415
213530
454255
138415
95882
280725
646711
231986
409532
128996
261027
348399
47176
774756
7038
307175
586746
2542
605473
34779
601241
737851
877882
151630
489096
635125
586203
875781
431961
911752
64460
989027
702681
460591
177256
614648
659901
243207
451785
834517
676045
953752
861458
188777
609049
803680
567814
71465
448669
667745
521142
277493
416827
890958
70163
911872
982602
684790
610428
55970
688037
270695
923379
778918
430597
783254
503359
938548
427514
49966
2831
281575
345290
165849
19982
457535
357942
783000
535198
200817
180908
168671
393745
355110
618581
266511
568484
328124
318407
552587
560488
769885
680070
381959
845530
285744
707199
988428
724075
998588
60014
993659
388216
329741
168574
128375
619849
679559
509290
169834
208805
709350
822838
283232
404275
324648
740581
810910
79732
544853
297
177730
183188
136098
197129
701761
655890
858875
569960
669734
874334
508974
788570
108093
260142
244824
7581
964364
490218
901434
519407
700373
447830
557656
817269
927317
104401
634698
693296
717859
227134
243104
396240
134950
878701
788572
524653
740997
854421
408736
142412
551980
341873
516579
606810
708418
881534
475573
979394
371512
500331
306895
744947
533251
921486
842380
492063
338857
322287
86570
266781
311957
361635
598649
243580
625378
601538
56519
381018
885579
558969
610378
384484
20443
447013
454711
138544
233755
701595
203364
284656
558917
145970
389236
284298
86873
329768
615566
367976
965628
601489
877992
955566
217619
449462
353039
457528
178238
159513
67548
506393
292166
714256
18559
147746
874768
803500
129345
824350
66890
646769
740876
740025
148281
536510
980255
60993
445599
990920
931148
205577
921173
401063
164000
964858
168191
263224
261728
145852
658174
352936
930027
713486
279780
700064
737058
294987
501537
805963
77010
437177
860033
506767
96624
998145
468282
57077
799010
412787
475721
985621
919660
453576
856542
150723
766492
108601
50765
168418
232441
671458
760225
396889
882036
288764
352251
291800
838798
405323
402101
336401
353816
662403
532053
94553
515477
520621
264867
930249
364529
173302
595726
805463
969024
79295
62408
977879
773036
233653
391424
899006
571032
405699
267397
259028
963371
386720
726587
392026
297091
770025
372324
519433
370112
589899
434831
670835
878406
973341
468523
121411
452452
996417
987316
855634
640864
50364
772291
229609
826213
798359
183918
614026
644903
620780
903422
802243
976662
261284
486035
919145
268627
505012
471270
958260
567052
793589
657831
583260
848520
120415
699148
48407
876750
247617
129470
66821
227827
518058
470541
294692
498044
571710
896175
559096
52942
390801
274965
711263
394524
879706
368801
909148
392901
667181
627609
85583
339791
760611
249279
640778
289990
153438
938354
940140
698559
328100
22389
174560
738912
385052
680445
9763
16230
941153
842414
140665
92743
662414
89317
838935
844123
664784
778942
73104
377853
899586
942541
327738
397871
557678
354279
240594
396456
903968
625738
671931
459825
814628
177736
949607
458822
278771
630121
292224
467733
6844
110212
672083
950847
351276
475376
490036
329057
193108
570214
737783
491906
22967
800112
332702
783569
512224
215883
232417
791350
300734
824438
933777
927178
323393
758102
385588
801402
89614
151242
520566
797071
9595
65880
481692
786716
213900
303351
200125
856935
901419
449482
956088
856802
544061
768204
900992
813756
986090
866389
261626
667128
609111
974285
949110
996199
856053
238027
200860
837469
237788
951166
429568
115016
561312
172910
932073
848456
128160
407257
786173
188381
949314
659659
208505
431618
818909
138518
792144
614242
836207
270828
494421
847882
625482
808625
525446
345844
378634
863451
326768
34801
211316
931087
982894
608727
407288
28334
8882
185917
292795
415445
953411
50083
886294
649400
272067
405419
715879
129647
658821
74784
340145
300878
649326
916159
561484
526195
295826
640837
884254
162023
591793
367999
782579
532385
888488
320733
673557
828385
170301
474824
721589
238966
173565
349557
699313
910488
840399
656673
689832
780546
293888
986307
214386
564600
182166
58362
577310
817908
969204
273299
476916
371386
907298
955114
573695
145287
621272
419941
769029
614863
98816
763499
666904
960797
948331
234741
413369
179863
464051
216321
207422
422246
740016
437092
532911
918087
433565
115473
364152
360434
723800
230795
105080
943766
765435
335075
45433
136112
843370
621397
974473
525162
71316
161663
607895
321633
149090
697013
753830
358269
572507
121187
473638
40646
738589
16036
836860
47380
137014
679132
387513
370351
377363
669305
196884
76382
110578
93801
340712
522221
538248
940429
253911
306532
171345
192737
682449
834770
637425
976560
614928
365774
911247
703726
918428
210864
542482
793752
600285
9015
376352
369539
194285
779069
919737
53653
914640
988694
970324
901534
91137
71123
515100
488050
16399
629019
370504
702173
698017
122967
757670
420642
940783
362706
48277
856907
402761
62513
109876
336174
741221
800000
829093
781978
882384
225893
201594
448650
235081
231206
97167
879187
642008
320753
868089
832392
508412
944948
319722
192856
269975
339155
873222
453533
842258
894664
403851
162627
977248
882101
722065
617380
340768
784771
97247
663598
699955
715196
211685
364988
567659
44535
479960
123842
499570
93943
460002
187373
80748
193548
468203
626619
600283
125048
133558
257026
290685
640925
586078
121937
867547
87602
303143
871788
113506
229435
6959
663111
89869
732980
286655
269472
852916
800683
287084
995898
936058
489992
533867
942685
269100
21526
213413
908290
957044
76637
528598
698460
116467
680076
403648
279266
377759
494672
254503
31973
125572
889913
492592
104494
914222
377950
786003
605583
166743
982375
436018
962235
297313
582085
995430
791604
955579
833020
877454
399647
26981
100034
620758
843154
653013
45759
903531
215041
328033
66597
601402
354582
321532
660954
253683
345788
31117
327305
367714
311465
363550
466814
351456
114450
176683
617670
935114
399265
545763
612239
196734
990079
399227
807032
982629
560342
251844
899926
866523
919117
167843
855430
917101
741053
174455
582234
77481
182361
609246
63950
172862
183352
871559
576143
997848
881479
23294
541163
337281
523864
800253
580594
420605
271646
176591
517630
152687
599501
639246
478059
134971
104622
516149
628748
423289
235449
111481
593022
894167
21248
745982
536048
673345
683499
576877
79026
226012
884489
538300
903961
787714
95552
751285
95007
13105
638116
388753
981314
252021
485410
392554
677237
424669
756874
180955
718009
458696
659587
248175
105289
195843
438673
889061
821008
274951
35314
343286
188656
801460
707104
288421
716416
985996
111692
167916
313808
606526
308084
842657
35704
819019
816028
323570
269172
521745
258443
182308
224455
429664
43530
511714
697883
752431
582296
688145
107216
144172
223360
84451
964344
816310
282979
368494
171250
423106
457741
8282
873887
554287
968833
271020
420099
223326
664510
580933
218060
854138
26370
40786
11244
22280
252660
718172
709521
525408
90123
356854
316256
889805
43921
182851
825393
428423
567910
293734
750606
697673
567973
45824
937253
251912
790714
163952
149565
861470
724205
149009
974747
21831
39941
763792
323772
994812
372338
221308
646319
238622
80213
856493
126361
441219
415317
227231
63741
913061
701229
755496
502678
112027
159555
124963
67897
517639
571724
147170
309382
280168
531749
974067
664855
541931
137492
839041
136745
605430
722964
821732
425894
16326
801641
642436
749528
92215
449225
128478
92343
148693
880824
546602
179450
118664
25825
336580
565878
409202
701183
190422
787707
849371
927723
747065
582548
11095
750971
991058
260465
600099
257459
902362
296395
470849
5004
983216
998736
313012
742783
305496
44344
957894
949517
549924
346306
943044
114563
241473
191151
283462
504514
648141
652494
749861
104367
838026
370898
741667
213269
176632
468990
876095
653618
735987
471587
220785
776842
753197
2607
132731
153015
243401
846934
557978
705937
456185
362272
233629
592974
456601
926803
326092
55029
539555
406121
376296
284525
599368
550761
951964
497091
269754
66833
581616
96772
771471
963241
99626
545073
427123
384445
143135
728016
868284
506506
719957
27737
492590
746440
237578
384964
981377
102209
297401
857838
298580
557986
738642
469400
617247
617841
714544
737305
974682
407318
932526
909814
322622
913365
850597
431817
643826
217680
822145
475850
144628
312750
302957
6555
652284
453216
801733
399499
939617
60803
910506
373621
843393
405320
559207
926734
198878
512771
660705
517526
387933
362758
307751
676155
36500
951847
40983
349345
545425
166637
790532
979996
466202
863690
938293
964568
847385
599731
725198
8493
302504
658721
439595
729006
798865
868207
972457
606052
520074
424852
197559
603189
731337
850216
10909
254883
763744
349818
559320
17435
36237
937697
809900
862611
953150
592761
377157
157105
718775
723064
580851
102716
462785
57909
210211
363925
15829
291034
662529
671583
368993
353349
729390
346156
945938
740933
737406
745390
199174
201948
309111
769505
369147
93238
279282
970778
551331
782886
59772
142698
491874
350181
81173
988393
499914
419460
273379
504358
820109
378314
477877
656315
11572
439483
393897
277071
356510
875016
881430
147708
888026
132493
106106
696623
284408
116394
168973
297248
837153
667479
503210
527680
515041
884943
271459
401562
155320
705270
665681
748624
674101
962674
70662
569098
515806
86479
211214
309074
642718
914078
713755
96879
121162
317844
262447
44597
288292
54160
298871
331690
305411
481818
707754
816623
791180
702340
814955
520682
704087
64863
407557
18551
305749
956999
903696
764612
485915
156569
170841
933672
738915
635051
606149
217623
105438
136518
316960
675184
648297
922659
537359
117004
755075
57969
38050
537271
535847
106910
316399
247166
439471
648243
954338
771442
655316
422494
321841
655190
451020
706013
683522
639403
14715
505167
725973
767391
680114
255592
234940
410602
312232
656361
493481
27432
980561
653478
168506
862128
908096
360214
905133
639889
109308
378315
499853
992308
892740
123782
316137
765240
844433
656718
785058
18464
386883
59162
44822
991757
505967
561191
604526
89892
478341
387100
687624
40814
40020
682803
392691
954434
998043
805955
345361
44645
746674
443264
764782
872212
709551
482553
408254
876039
929582
225908
807205
104202
116848
846202
969506
699589
545438
412134
94197
246470
690603
510123
982552
72959
645173
664471
175619
199647
12705
287041
977893
903642
216203
387191
965679
831516
702728
636019
800336
671190
777513
831685
946755
156021
687435
115883
245077
819258
626624
823690
77861
309340
519138
18408
179984
388944
1147
537473
414032
494447
339055
854986
746484
199834
252285
472591
941231
72951
306574
741689
487869
48121
182048
702783
526548
937622
875375
497423
354488
755534
119118
366405
509640
656216
902660
279062
160640
809964
563964
403419
741745
437266
108803
799930
255626
420418
58586
474749
633463
766779
505554
622304
56652
191026
318532
419535
499148
417078
139473
176169
125560
976946
919178
520862
346867
784247
286058
186871
44621
272397
349366
510659
709082
324121
612242
713612
197223
810866
381339
543366
117927
369887
520850
582638
823462
786753
189536
313002
322426
577063
538154
392856
13079
488630
992546
974668
473740
580714
773453
614417
765919
677739
812096
63045
287225
100214
423563
568952
470845
679025
51229
790240
34663
628677
763546
378916
295520
725709
991787
688146
241550
261992
73621
3888
138965
117904
133075
180412
370833
67385
425735
606585
484361
724386
501481
130577
50916
848804
498916
737856
916473
285210
278448
367568
640796
442606
447038
872675
171999
391307
860810
14149
107031
724438
210375
107366
481028
884668
422492
900381
513768
391671
360067
879058
730519
305335
655340
429620
477382
814222
167130
20372
104018
507934
893790
690230
874385
357464
566830
356258
374142
630992
17389
737526
423177
261773
345180
824965
749267
899080
445451
413972
185599
663736
59817
715968
19286
552836
534567
144653
93869
832148
46516
766654
95340
877967
565663
234175
619318
818517
608684
318107
470748
228369
458761
977050
718193
317825
466686
52229
495164
591729
517426
497541
641068
471624
679653
874843
161333
946710
86259
487457
804858
761444
257343
401342
313633
898027
848373
537372
718458
633481
447350
697140
939542
260871
963420
479700
977248
33702
189941
844842
534181
701965
187052
821000
478729
922741
451231
964893
291322
727616
730547
337539
648326
986545
631456
840953
769094
566386
266556
491496
59300
497027
893505
969451
216753
252071
729804
475601
277251
596873
701698
838267
80566
949503
940256
212623
367773
257507
99891
242374
110648
714241
968923
174075
856539
285191
899356
209077
6020
860775
310958
423690
424714
265121
31357
395912
32921
743309
715414
885420
695936
845291
645803
187061
345936
38708
527848
746972
439073
915253
519462
334540
884684
421138
734552
794392
560181
311743
70103
704753
498356
532414
75480
657976
403912
448000
56081
487866
778078
606658
252009
127727
962219
869675
67458
591306
646862
320358
402584
99173
810008
579058
824060
575752
115969
909989
827880
312482
887320
188983
120054
469396
386202
617742
578485
148989
585550
642846
634462
636944
688215
654543
57692
769267
786550
607540
743206
358144
302177
298947
529343
491942
450713
671344
872067
800680
774383
804238
306605
546994
56241
486204
817801
349028
209461
657950
56470
669472
562181
239584
388665
680339
191869
982005
433562
720755
10490
826973
662107
521824
389400
39
420105
915741
327234
431137
794164
920652
891836
943016
3785
675129
730032
331235
482576
637471
481066
314161
743465
159818
908212
942587
632462
696874
291938
634403
754360
992832
97288
265991
320378
267493
772791
422679
763287
540758
478886
817067
745323
736573
531455
233623
137143
610738
56834
830700
817534
197626
566049
100007
56330
185048
754177
381655
415120
458291
265934
18166
841816
321400
590370
656565
117708
349269
46481
916424
33312
561433
902392
216810
643905
243354
446127
828107
410432
829814
705141
43556
555533
484676
817085
200026
84554
470798
241012
61031
370951
442112
358839
627802
990382
528086
144547
820626
908992
599920
388833
19118
139602
86124
475749
651502
608855
145356
584601
676277
165166
214829
368332
575959
159295
5431
152680
110970
753823
840537
464128
95910
523299
669175
564968
244638
582398
305656
140655
597227
900856
344753
926523
155214
383267
444316
381030
441565
728545
313344
398615
32932
28509
307889
272926
894613
250588
41247
27328
990734
775733
517275
22049
767968
888819
302029
32077
71520
57100
933983
555324
825455
790522
1545
59637
306842
397157
395650
876823
799884
632216
63569
935342
153570
208767
11965
447502
281942
249612
701703
211307
876860
506897
298332
681539
218816
996925
889223
64995
287508
18882
784911
146844
410953
397079
98203
117376
435780
129270
775484
366051
964243
585191
817347
353322
613257
137835
357759
64459
61957
811686
282631
413366
974346
163447
615966
33766
336739
242016
69734
909571
238084
36284
307507
605374
619969
338171
161351
816337
82652
72140
270118
710618
185197
887630
326578
50762
108701
443113
515095
178961
798358
875539
724543
375877
362001
112206
768452
111183
51276
30732
277277
530644
438768
476535
685570
24891
564147
227732
832246
229745
787648
516651
455988
76923
677186
20471
96248
271831
703191
374998
256102
891914
609609
973447
955384
858808
279864
694219
944318
719047
315691
556369
495450
953851
306179
588099
793816
595836
324981
565319
392886
890248
167376
385639
983557
281967
88012
578667
970223
30701
144684
661536
989945
374549
271030
270990
526666
514112
771887
739153
332208
866816
33918
458890
667142
467567
478222
532800
7499
232472
648836
328077
113281
778659
983193
636130
570319
447255
924138
119232
389301
577875
454422
28965
59701
836616
797874
731550
152373
258171
597507
92589
682297
14129
65199
770900
783857
401752
188481
881826
152502
746661
272670
805845
110485
26788
806905
552404
319041
199889
797711
740894
660978
581865
369727
603386
470302
417716
945209
958736
926027
253321
406199
932240
847355
234180
490065
458006
249430
305877
172690
710147
355441
120281
479675
128450
791606
695859
676721
74967
194000
461485
215646
530458
718401
492408
943024
685598
834538
138096
495658
376430
399861
767756
424702
903843
92765
291515
877227
183967
727921
439781
833318
112960
259337
863923
696555
793620
607264
375735
104336
93497
756365
546821
30429
894598
363828
68485
924027
541126
290132
80586
963414
958021
605801
763156
653934
263548
454236
381972
681666
986127
314292
727484
571574
898921
442426
541944
660388
188735
76068
27534
611159
873300
221755
342696
261421
279061
56265
484848
972783
882569
480583
901919
972199
313179
587198
367438
181245
209860
155522
674965
71383
789660
716936
710414
673148
920194
497787
373275
476648
909704
371385
147754
784692
28910
471215
72445
866628
99058
620316
6635
606352
641434
680504
135070
498535
48064
980871
396319
277422
150796
677316
48969
338516
861262
509193
220816
893269
693155
237747
391127
704370
360151
376368
304800
698168
479643
251789
540305
254451
470460
208774
50081
645465
874615
402455
708657
581251
408554
412097
177490
812961
1092
896510
559666
52151
997550
821186
419039
865387
659763
118649
928511
982756
790657
382
738740
685219
468527
866443
443806
308185
376335
803619
703348
757391
650051
172049
984916
529396
562811
434461
352812
412631
475137
242120
308607
153908
792440
767936
326331
77828
708222
574853
357939
20693
919653
367406
711014
182548
699202
755234
662577
86325
3924
358148
75545
924692
819966
386462
78422
189101
871172
57568
126184
300519
718530
198170
820642
583000
65115
112816
789439
726584
835514
644130
244859
937581
442677
187335
325219
148678
300868
449479
151912
57674
832071
370693
855436
545857
3491
133313
969614
495201
243892
904446
168868
911988
585604
246444
499397
78771
37710
112191
839718
155892
617377
437046
491599
946348
97053
54873
144964
876388
476245
443329
69360
989401
51439
232079
422536
897082
271124
816452
781050
797000
341320
697778
462000
252935
152445
4615
549592
849968
344678
548797
125676
537393
162144
74555
347091
403479
465557
581303
409743
512793
585262
33447
865252
321071
603484
558518
545583
10526
445560
993485
147148
560555
962732
538442
152793
557426
556293
994165
864518
380712
842720
202442
257597
709210
228378
642461
999424
335690
473133
727884
325545
282176
714171
84899
11811
841008
362618
178041
215627
179290
543517
998320
810687
890684
518817
732
720587
237150
789878
764323
286095
100573
347943
850492
20147
943935
164185
92818
975513
318133
637852
582613
96080
190367
834752
494166
23958
911168
550055
954642
870436
749023
421235
133850
30127
683274
399603
170178
730063
258839
430692
593683
145794
748865
181835
140883
491328
443180
347949
165126
874662
43125
635781
907601
905547
364635
759961
414748
993763
931123
838041
229901
415250
633514
170149
856358
308347
651549
59003
571010
139093
874472
956209
794848
579665
12621
133758
858818
94280
533132
738997
504463
851258
263235
664603
450819
268290
724107
194149
641801
463830
97960
7604
64281
233897
559674
471745
86328
964675
998635
804746
482108
607419
10630
375105
30612
546451
431700
626609
156432
351117
483833
231272
875560
713947
232713
935554
775318
597570
813497
971206
591473
893381
746240
605290
595831
847591
667743
869964
733771
320342
499864
57438
885811
176592
213912
337141
562509
50146
791887
268377
580477
367813
992447
226028
55394
22882
86358
132337
535235
385847
783556
767484
263472
820088
885342
590410
246566
848006
164823
763903
383095
325889
384098
212270
573152
835425
75143
197996
909935
793464
533815
827359
459804
748006
409353
647449
374297
490330
662062
111081
374822
227573
972967
785248
375100
422650
929753
468402
357980
328164
962512
936991
310294
38062
554315
49856
707851
559338
189764
28172
977529
444690
963533
968864
944130
574861
54318
497893
318320
595289
735233
611072
234777
475275
401615
176040
48128
604736
284211
500306
742554
494657
855853
318800
98160
184622
599922
354409
645543
124936
644431
888636
74042
441948
638987
14480
409081
326056
822400
111292
231275
691126
404359
68783
276156
216700
137484
935788
864045
516094
454547
840501
841543
501540
569648
649748
648756
756749
996179
987127
23719
703956
549142
375163
297514
849092
713721
815547
252950
424118
454465
140363
939107
499020
289658
776728
370037
886428
364338
836297
737816
445777
434082
649570
72792
699872
297711
59581
321556
583363
576988
5171
994895
884051
227225
532053
288376
524233
686202
719275
129234
173261
366373
558499
985577
632267
210548
867979
785975
829555
760727
659202
174439
392147
436183
792492
286168
381636
705958
141382
977146
891714
547241
173436
347394
465896
541519
717554
411489
749973
45487
616331
510756
946785
248621
790564
525318
63100
493751
813999
273719
277815
382722
75345
332172
347612
905803
88894
515559
827775
472576
841101
86266
637951
199959
331369
498003
968074
855416
676372
567455
463840
21930
679352
40909
533417
478778
659972
796894
559063
43548
693372
520438
74801
978952
191944
838988
896977
526761
724011
114577
349171
412872
721671
433975
170585
357922
862195
846683
219488
100283
63241
871756
804700
590630
572550
756235
296949
633742
867443
424745
179975
520937
576896
378703
945194
914584
632817
627256
325084
307840
984585
731654
913037
926664
424169
785599
510473
687470
768355
477194
223345
270120
586213
67277
750627
69981
128809
171811
311032
741426
959773
116233
349185
708119
634217
486354
245326
336966
207260
447752
979697
507191
108217
651111
501426
845862
398173
571152
154360
322646
697190
574549
677905
90515
546125
485086
138402
798732
893412
432362
478471
222305
381436
664657
735388
254064
855782
844923
589344
707805
247587
857684
763813
304325
428104
810071
233778
669932
467361
365730
486498
919005
609263
827144
978178
310470
348222
498398
622724
633635
619736
118145
512861
725628
827324
221285
122184
102866
347202
77120
650531
758164
594936
565642
907538
327355
617640
922479
613212
638626
884050
163473
576901
574778
198746
91688
151199
92876
127773
224658
489507
922780
933511
120953
794826
410193
570028
873050
658601
769986
790991
74853
78783
696734
121336
7846
970858
613084
417968
235875
162600
467144
693785
820470
222588
590324
561270
433079
972190
127400
222077
534289
241752
359808
520807
186325
478098
433716
898277
90469
441286
591769
338240
926796
439151
921707
155337
180227
840319
457847
463210
974471
804654
227176
621209
923951
450307
504596
861753
185936
690650
302742
623092
196077
837530
292344
705079
781122
587729
362164
478782
641329
419859
598142
599728
745501
555490
605392
164450
152304
869301
158386
224127
966074
954807
437775
375204
490588
179810
883241
234970
324484
824423
636030
362800
143753
78189
945209
877367
783842
999054
493280
734094
66597
838640
800605
889669
180290
141270
219093
98482
507403
470971
322160
522737
324129
684687
511092
90308
809254
429279
261417
128513
635018
639250
411043
398234
464212
99112
777471
993298
722508
90859
834581
852035
350698
947622
685134
579253
312179
37409
858406
74116
145175
399423
228123
641775
975191
94901
43052
632645
463175
733353
135009
722441
853719
235405
332203
192003
45704
410518
438934
836843
497627
221872
330428
860106
517140
161438
412451
993668
441662
409815
946753
559426
749270
766633
568382
951177
772097
923622
318163
272913
796905
682896
307750
84877
461140
395841
336785
729384
676081
113841
198605
6991
102177
952842
946493
250653
689245
979347
616120
463809
444464
281176
665404
397374
542664
225755
851160
190531
659817
739157
820698
972449
731950
881133
525116
484192
378399
694850
254204
196132
383484
536043
910897
168552
241200
956327
812753
606751
205242
165165
137757
164877
864734
932004
438267
573085
329815
864108
736264
357968
308689
237859
840786
573147
209967
692206
703220
132847
350544
143346
616326
963606
450361
752053
75205
584090
177985
192680
518158
187664
540480
764982
12853
462183
633065
783458
448991
656807
742548
548275
540449
828659
217046
396031
248971
950453
730925
823131
725447
111793
272150
667126
673285
100001
797868
883331
594289
752437
55620
553004
652632
989166
150025
728376
944561
345588
498331
371832
737935
583029
390647
120363
434756
842513
144559
453120
278949
94484
277572
981333
478990
689552
678605
571534
366383
827812
331018
313824
621583
607148
700299
936147
553742
13808
845137
861725
57340
68061
517186
225499
475456
959239
416678
119064
572277
878340
638496
693900
76938
732458
197942
172418
75440
945582
928402
190584
160626
109852
675300
756624
129982
661415
757990
867414
27353
677755
620513
345406
236377
150404
272990
952190
146193
801841
716161
320229
609155
204234
706880
19417
137739
881149
167702
349824
390094
640913
398218
396947
336360
760694
941032
138086
164844
110662
449863
203066
819443
49115
41235
808370
492393
20641
873963
287825
825665
340800
311662
499275
905684
239057
648664
884784
705733
9991
929803
847543
683424
263669
149819
297931
416051
424864
564596
443426
886587
170951
7506
28524
497749
273092
637977
366812
457362
780319
588451
747787
503788
228592
516120
413377
591901
670878
861011
688576
726978
923076
215423
60941
676239
963182
397811
23428
158727
266553
154115
81549
267229
9655
22974
169536
265449
169303
899168
391395
266076
168009
166780
90229
46892
955221
17062
19176
358321
319304
26676
156952
797456
204250
281633
283481
322212
419314
439341
801287
88480
14617
537425
628566
67916
729776
118528
828232
234748
464095
888194
932669
974214
294037
491850
437536
780808
834343
837088
295395
572241
365511
115084
525616
437849
696987
772547
909922
398366
451584
512179
247338
77146
480197
610475
494984
774306
170203
548227
455578
500779
165907
864801
747545
205970
312207
265802
785585
833800
805687
753279
83183
712982
621226
362755
459309
1070
449627
727335
982541
2366
203802
511941
253052
25540
430689
281000
164061
143365
401967
820401
831123
127540
382034
16714
667065
604342
109053
561268
916420
267243
767412
651145
847962
165416
708755
729598
969358
255066
493264
164970
113557
240780
317050
377902
64707
858272
816604
123191
76530
334399
477081
578625
919315
733133
821736
938016
986889
127499
524263
278270
670252
692473
577968
286697
71862
295527
566889
772688
684968
159232
115064
539643
647126
849802
639950
466178
895503
920855
44165
725588
614920
510424
433503
430502
142354
11190
159354
719300
379601
213244
148103
308484
563782
399079
460696
322190
793209
692307
698114
76211
79270
600226
510669
543352
428317
263855
596660
788166
426008
278956
330113
753111
55446
232925
210323
242806
945329
615929
929629
216394
556874
82329
35216
343268
827960
680549
766308
287823
610754
597054
284178
56818
829746
465988
638379
526469
451267
309867
399202
980824
191540
633044
572605
576739
429248
70899
232644
422946
712472
830693
60085
669850
348737
541169
76934
781693
117445
693471
819759
547384
304802
769027
287597
226364
915230
297085
201935
2080
893806
181769
690270
518717
181117
108900
392448
713820
648181
796582
241049
763368
496784
698889
664467
450110
504328
261207
157563
807871
503334
845779
127469
471147
418124
898742
881629
668611
705058
791230
650598
230234
928770
778633
540624
525234
978841
333464
989017
840206
841167
528170
668667
786150
212439
134719
365514
559539
255044
175592
221474
914968
444515
983255
183671
704655
608738
576587
78343
100655
37333
468944
110550
337351
714073
20016
513436
677736
507950
922687
427669
242397
506044
462750
29073
378012
382141
355457
985788
966030
173890
757191
414330
382995
91071
316013
773443
58972
138986
513745
366150
437039
757847
618947
2866
881108
819626
861279
920322
930909
631261
271493
353868
642477
891627
152563
235332
67443
203802
538524
259159
17800
113274
918917
749618
391988
247576
791032
16829
914931
217403
788697
586836
415021
688755
804307
975067
357090
314423
419314
933094
588974
979298
999635
402725
490934
550658
134210
413037
334906
908965
415699
504496
9326
177757
973699
839910
430038
59935
210973
642513
640797
235289
25012
192083
697921
540936
416672
743417
434199
595779
655344
319815
360023
46938
21302
835479
534543
214080
122727
761794
552941
27583
388010
888155
15616
704530
717173
889740
50682
450270
522401
372491
944400
587797
544925
480398
908892
583710
871383
844972
266435
972569
662864
487413
693586
172436
414094
237811
443126
769918
662749
678156
915566
770995
890192
129222
27221
986038
821601
628102
271847
797968
949840
193356
998399
149866
807381
224092
127301
835710
668619
361958
425125
373442
13909
590505
891374
35358
906431
216312
577155
470271
428621
906916
293449
982046
957265
651231
507164
29546
936375
292644
612166
465947
483718
25121
71811
988380
162254
102712
489942
191079
640648
557363
809344
816400
239196
168430
94230
753743
964268
899387
674727
654612
611736
925719
981136
63244
78980
46816
788343
587852
645293
691623
398399
881219
194532
730205
73293
778678
529432
417174
370530
954963
46045
231572
220578
321652
881106
58290
206194
431393
629768
815735
701227
862604
84305
290826
798145
881286
557712
357236
999342
326190
736469
150721
854358
596870
924392
991108
903249
217577
669842
345097
65435
233108
198720
434281
534765
465694
346333
887603
385984
751198
841951
830656
257405
470902
614824
485013
483739
404211
914396
19423
391731
252238
68324
635807
968232
88585
753762
572151
794311
922289
62084
298657
66840
964981
733689
1031
180788
269151
295689
666337
23089
26829
113506
279718
837047
67676
478857
502505
629653
632958
567108
730157
209800
322569
144590
440983
170190
58871
629756
635154
280954
580776
127088
284238
164315
20865
343734
455272
281809
968196
260994
764383
238685
489824
88847
188801
350143
635976
391176
634215
236710
395777
926045
351446
377938
747749
394570
897526
25264
510673
35836
674351
419490
655400
316677
661299
503016
62792
928653
750711
585607
400870
190263
430121
550765
302620
340956
321672
244920
725587
570519
343359
541464
570039
349869
67534
690201
118489
610119
430646
940027
611351
401973
266373
817325
46904
698952
9856
310986
761706
693877
696035
831684
170663
59032
783085
957674
236464
624664
790540
84844
374909
793801
397286
783330
802548
732588
272501
640050
566164
605651
198850
23100
728864
793136
447835
147180
543921
29564
627537
863628
24636
47736
980935
621344
268558
943368
430861
985686
483841
120268
71212
233571
160060
822059
129846
240513
668046
156610
23750
65388
367422
532855
2540
512734
11233
610968
952224
942059
271504
700114
614867
774283
489062
515227
256005
367776
873089
497113
758231
436853
144087
938215
888202
127915
349324
274890
901942
211046
246220
948858
825649
493398
802625
840547
539084
78572
568205
409470
588204
886177
832446
650620
824269
298069
715370
140540
108549
592747
491876
116134
613859
253515
13033
454353
635806
643214
318256
673031
898951
476188
220343
662622
232670
716410
118145
388075
946493
665323
632691
715590
449981
257448
774247
43264
856599
566149
590977
173350
746599
773112
233075
451416
301636
996147
584911
984564
738728
52120
360578
357835
915655
558136
425321
779279
497530
878844
696036
8115
897697
404162
479462
361530
197820
83871
302137
339413
291777
121965
744029
542494
32919
415110
742215
817719
162581
980967
549672
538606
690195
616254
968372
237414
906154
272523
410760
682741
380862
472620
736264
563253
165240
877503
381272
231690
46749
480678
359027
547806
448240
254944
862462
245605
957920
412174
18040
474702
898365
107328
908780
755969
943333
396525
28608
833801
268033
233254
480895
664464
943418
79681
96705
972281
886100
987863
734013
849240
725033
401046
936713
913066
638726
233678
824379
658359
779349
972696
706397
182825
733997
632929
890596
778982
21339
619136
750280
274027
432251
530255
468614
251291
11808
22169
676976
605057
554523
928463
475273
907199
194579
595100
362909
849815
872647
155474
112
47032
526472
803213
183542
408402
587005
303305
222553
366626
97715
262067
608693
317264
673886
545265
54253
935581
526902
975854
316901
241605
817285
752690
192815
834788
492505
260646
796977
137397
346291
973101
258834
609273
759880
432058
280257
280120
591528
586776
918851
818670
455520
432984
894461
920348
344439
414774
575396
780757
979481
996435
429130
906008
19945
87615
112103
824195
264992
365495
83905
436534
82622
63357
445590
940692
637593
441420
791368
304112
993406
431456
897174
204762
618051
275793
863186
845478
749149
836302
67231
849654
667924
800749
750235
149791
735846
992017
48823
403444
197474
998523
789093
269676
789033
608101
316297
247118
728934
952617
81026
378646
755236
285251
699267
688634
273316
974457
121040
188043
912307
831547
582771
368532
782271
663468
402429
314180
484967
357908
942954
118083
581891
499437
991352
418401
613810
242318
686960
228361
493478
500542
122893
345678
108648
429756
786906
902270
264016
923519
253459
747423
444661
746634
147929
243146
68290
935956
66090
764966
303789
823947
462483
227807
797414
772976
481040
306189
933761
450894
403030
142645
421184
273374
46351
787207
709803
158573
35337
960404
740425
259113
463499
309299
971636
395562
918099
487980
214767
42411
59025
628500
59768
63043
212838
371118
386244
935820
771797
765857
767707
798129
19311
539335
27772
496639
621456
442234
473945
342048
836632
868578
792980
309660
466369
311267
877726
529375
70346
786264
782333
425765
46201
826870
228329
311542
122474
830954
496679
492482
622883
966916
423055
353628
635904
882271
394719
803454
387348
440784
932489
518892
656849
150063
121649
155852
253918
815652
53494
931853
48970
546929
798039
137610
577900
261863
413491
182089
911580
218623
322635
203632
734613
792476
618494
799427
295865
74501
264279
349297
850710
928717
755238
851921
915736
358256
618946
511058
471272
510314
483852
333308
703659
48652
34247
404188
301268
380976
502951
386817
175067
703269
501620
589606
711283
705716
458834
160228
510021
755588
129266
325105
608443
836056
405546
952276
602701
377438
250713
933350
928421
879394
287700
52635
530783
827122
272313
819641
658285
292672
453074
39565
603879
297288
142573
886474
611217
85459
100819
844764
893510
376377
294959
280175
954630
909222
616759
399505
536565
354104
271038
418632
523223
829539
638447
474443
707829
309230
611225
546102
263896
879612
551047
913162
332310
676323
107030
940194
853645
273103
80627
840580
382806
17020
419621
19509
808519
262460
373750
749000
889057
624985
171085
807748
916166
319593
518592
472936
722779
680527
347127
425338
405514
729439
258415
166587
284978
854375
243993
590619
870415
820530
588161
499492
32663
511902
810015
329524
913377
348266
532023
993309
867874
612822
173537
370541
208583
517792
575149
270423
841366
992991
764734
984866
553598
956534
732503
826532
160196
94298
272824
305636
292782
85339
628403
303003
933786
288403
146916
983864
873917
151683
416794
322817
949148
930281
197467
458468
741825
259465
289335
373264
687090
52250
102100
284917
359867
958775
243944
916537
428866
239077
256878
100836
496368
315300
347464
604007
183737
88028
925801
50733
247351
150544
32845
320957
203938
321773
318090
321174
235830
184320
167116
793765
779422
84500
423981
796464
467520
722922
559038
50913
361185
307926
340347
160119
853167
643518
238256
855830
702139
330057
573405
447333
837561
430814
181531
636760
266564
699018
309090
204336
732777
182850
341211
54118
134485
125983
626742
935792
247266
700893
513791
808478
20769
908189
728262
412961
172717
676994
889127
970268
238192
752036
931905
170061
134751
274453
12171
49685
802185
587716
414897
950047
679641
580898
417126
249289
159786
70855
296344
297717
893753
170140
695850
448717
532702
765385
967345
667234
498175
662053
716688
699174
557370
115454
996641
115363
454621
332784
987104
945304
496476
535584
882059
263204
634020
481568
292671
509452
579050
615681
143305
775832
101312
641651
82314
595181
919703
335914
2427
465309
245147
310203
157515
654246
469051
926234
39046
522287
680668
948890
435675
227793
887919
790024
762693
143001
595802
253540
206689
411764
864061
973756
856929
850435
698994
637154
432452
73032
373295
979749
241009
746724
291319
227583
630999
754048
220767
398267
461511
390371
362099
259486
203348
288514
611200
413957
384738
636757
450880
715689
851366
600586
513513
317473
179287
122068
728007
944376
82067
608629
947927
349604
535661
683557
268607
2750
856647
102159
504446
66849
346041
68358
504646
850308
600930
693869
447365
257824
744845
860655
432181
497475
791020
541378
940163
497309
915915
241335
719808
949966
169294
620965
396200
576104
37954
797458
808979
176411
560463
450737
822029
499055
833266
543380
682433
445537
704539
771198
233915
905577
642114
35816
806834
598382
614162
527322
128758
261253
329264
211882
153802
551551
292738
44670
242267
66125
329810
68138
551879
979477
345668
995837
14930
997336
489909
536128
932110
364182
982058
634335
265596
225841
158136
641877
21472
323049
934305
575115
657322
359839
209742
290868
320950
587746
813890
495892
155794
805305
110545
560598
210983
99034
326940
460499
85963
567277
479638
599061
516124
66382
919159
862992
17864
505710
19321
257691
533665
962102
130868
44676
159526
116197
599622
890353
539973
98664
34949
666302
828676
890270
294544
417879
705393
632658
446112
310292
533262
683040
669542
901614
608031
535259
540507
756551
653714
861582
958470
241825
443252
988992
554915
31114
98711
109086
439153
372130
161119
519169
522274
275608
286673
330670
465087
720400
602882
266351
249765
41698
968935
290384
27710
806022
301248
540679
607053
45857
703388
667472
92729
169589
485492
639194
682305
998431
102194
65943
511837
11218
46141
813231
568706
150278
886547
339574
652672
842791
21246
402690
825678
819826
9286
779389
777274
256401
538970
519817
85728
332487
737869
971928
474129
237964
456190
333742
222956
420238
791883
322792
135385
427577
215991
851784
869269
373714
756629
237298
896012
730885
441290
457302
298210
841717
539150
924971
349389
593092
733954
912686
869635
323367
236839
374823
116232
621947
317558
53068
41704
833013
220756
419184
968901
414231
233528
556234
460064
140605
255870
16910
674837
498977
15915
770708
896057
441969
271342
25704
716812
23108
705266
157020
700575
254578
83057
405229
420140
144037
547094
82656
117779
326996
948196
906220
236316
830156
175714
263052
51474
619146
164023
627264
785823
624798
367549
845606
204368
165166
254940
399677
159505
617694
676321
781902
228210
675393
392924
751055
629549
620553
788480
906948
885884
934241
757272
382603
467573
845017
58693
730272
659560
857764
631444
830524
254360
229887
583133
954127
270976
780050
348171
11506
221797
765316
806227
981299
247023
81246
967773
713849
131529
66201
439415
811634
852111
190133
384667
630649
710540
287777
535105
876149
198470
300773
347822
593192
138645
38688
286640
719229
553309
196348
783963
613328
904971
67526
854201
622203
894444
528275
192888
159568
3303
226065
568161
595441
721042
747776
685395
370
975502
262024
471143
9238
255539
611351
207168
660195
510016
384009
815778
922707
320965
852232
294477
104615
245235
399971
90375
851152
235644
917146
946592
306413
699125
533527
130095
508349
398884
447885
64661
551903
734704
68271
99036
424276
368217
275411
478339
511792
654375
804531
958922
924487
943043
800423
445744
482169
988956
445237
983448
174974
923130
749261
549064
797764
459910
639853
994104
511498
140567
388828
980991
651218
531810
619605
725422
383417
366142
41529
955852
241676
423892
124579
824296
428750
960430
760479
820727
387292
428262
220021
135281
126439
441277
503832
946771
376462
509066
70324
193266
589331
26299
758988
612758
386273
150241
797874
421230
272781
190200
300140
453189
809946
419341
792840
791839
869399
186443
995280
999769
200364
846737
274508
893700
44759
284118
269805
123182
884681
665535
180830
480922
894321
232396
361648
474750
601113
833590
385751
932260
940550
194946
673899
925915
109621
598025
633025
656335
939562
113267
933249
565184
44955
224347
634873
169477
776500
559611
195365
336541
824312
80455
910166
170938
473239
739359
831196
878146
247551
483171
27097
323055
68056
73226
549127
958033
93982
224686
983873
260079
565010
211680
858714
958591
477007
513518
546624
802286
232964
358961
114666
302791
6016
265553
986748
439448
291740
873464
805055
392653
841920
248603
894235
830128
768144
606847
742539
863460
859250
39855
920221
386812
146089
752975
343555
136758
872425
741220
149277
21309
835953
810217
136304
6707
479066
507849
972867
44077
913179
399408
418735
832550
245274
531342
174883
79037
161565
565095
391133
561942
60447
782891
688445
944143
668568
498119
946810
652932
329573
867157
214304
439632
343572
10165
488062
733286
906131
310254
125546
760996
845345
224908
879848
696037
239164
396834
319140
505563
227329
258922
457932
673506
873100
992785
48371
516331
346104
325030
50103
757039
279468
401006
587512
479314
51745
95726
825969
886342
951277
914756
328123
740498
977351
725062
787761
848360
346430
119275
923468
976414
5910
963091
127052
318889
245558
751004
876685
714481
113002
84545
963476
539714
469768
380306
349135
850834
908995
801277
809673
808409
557118
217829
459867
384709
75700
414759
771877
148732
187763
546880
108055
278483
786385
439886
421281
429587
137017
576579
278645
74631
689882
936626
301270
661281
661674
492512
747762
975111
614622
527041
739944
488340
546703
410615
718248
33532
81679
965685
700198
545704
729580
562010
820690
472420
937311
422723
521989
958231
570955
704811
169820
556724
471996
372561
459743
417146
480099
108933
241203
805497
285277
818423
670293
431549
879836
421021
509150
242834
540246
949187
113608
222091
540940
373492
79914
417121
970609
810644
787654
138268
456046
831600
959565
637422
786002
132217
824796
632407
382063
152446
976000
835736
489761
391655
521862
66189
676421
161125
542081
740666
836926
248488
140937
149162
252447
777534
743239
285960
363018
722203
602986
413225
262321
620760
12718
619010
881695
153381
233283
475235
959539
389449
152973
867173
967132
750881
875728
483774
514728
664700
13824
305945
972687
560822
178235
721284
803374
516782
566797
85978
652174
282640
647260
916004
108493
132575
221085
730032
240085
293749
176341
36867
636740
273377
611730
380027
982054
573094
149759
717251
558464
476375
183839
29615
582270
114307
103564
770487
777828
861783
97994
379747
442762
901752
211827
870183
856261
867689
597481
5233
690586
85392
401501
44544
976120
747015
941903
487877
847739
75611
775821
109113
166374
445013
853916
831259
418423
257592
280953
657342
691806
3879
590806
912539
414176
619892
129013
644631
414678
492252
47077
637174
327044
274972
834904
96665
678816
162328
242748
880854
557875
988676
158532
584459
371536
821516
758125
661604
842337
623744
488341
275147
458541
79765
840862
797166
199334
464091
843339
122462
841657
254501
263280
36052
443824
689095
114079
354090
266848
89618
931709
203538
814056
397685
161880
992015
942844
943597
607250
692774
423085
101204
123966
671942
69726
117908
715399
814128
956230
852183
385292
279142
606929
578020
157478
680790
457791
52043
53070
318692
513476
609312
410511
866952
350696
137420
519525
804706
773921
823220
472098
387153
851883
586191
284067
74280
390717
886791
856400
558968
888012
872845
828701
698280
828236
980994
20514
923386
442523
475101
542704
640160
497860
475253
655869
249319
632120
60488
999023
545620
513942
710886
555245
820412
320064
654584
179547
468212
348029
71478
121888
126754
207632
892437
421592
508245
293432
906188
193811
891698
701973
21962
749669
452133
747430
218378
112523
347326
701885
488289
727547
477732
898288
189043
583735
969338
146617
871725
48353
126547
901143
579369
654932
246696
887739
867458
55689
398276
581849
913077
288250
791923
768793
464615
784336
365277
749341
843717
897656
731087
152175
824612
501840
476533
921293
557038
914740
990453
9345
554293
9394
309002
941629
711345
659687
872623
929290
33661
972779
182924
316133
546366
968755
452669
855059
228203
347105
93226
474166
85404
226710
419553
375001
741670
99581
392201
735587
281144
668542
830152
60304
53535
38187
525501
224099
543216
136119
606539
991497
200124
34593
532168
805847
802747
593365
507053
362575
118334
15421
771488
719269
150365
785139
517126
112505
558556
209090
288068
407511
603061
876090
106212
341298
137054
936346
767136
30409
986625
789514
214112
112385
780236
281898
578286
138723
558247
325990
412998
785500
18966
495678
687802
100885
827111
599603
169883
741834
762057
335685
447339
882268
590532
287312
364975
335723
2354
393233
691007
201204
918835
827085
115718
471655
131292
494299
337081
387860
216896
196529
26481
936935
899240
306994
370548
933869
189646
629317
879662
226624
361138
327640
507773
156182
226483
458416
255178
72659
754393
127765
559234
385360
52140
320196
491513
749127
627950
127820
483214
407576
266760
361278
42563
115115
212442
36380
80271
197063
232588
754834
531759
139316
123490
257262
763595
902889
828868
930202
805535
895453
890932
783062
770035
782827
897567
551957
437053
654533
361744
709450
980603
110797
975991
631427
164842
651391
670148
90092
407835
985900
263037
67118
829297
865787
47575
305381
522398
801285
46674
209583
588744
446565
329872
99042
140576
996360
560244
874902
96580
987283
791527
823131
158994
528464
325851
100171
960921
343251
261445
639869
91270
907974
714557
539299
314190
308712
144591
275587
952747
900951
209620
573293
709268
298827
894329
650638
859937
300889
81612
669706
653350
12049
346177
473311
553035
604045
593493
846195
333671
60399
247751
696093
757011
641730
547643
834118
353065
966989
3912
518956
781724
92777
439911
775019
434183
278837
326638
712732
428428
466491
593693
87700
72255
541388
871157
987133
56659
377176
829482
301855
709363
905099
81268
451469
177549
309379
592116
497562
656863
901233
720537
911280
431358
944844
749695
673167
246692
158704
969375
772233
524907
337323
639122
721521
722389
783533
677893
865130
849853
709752
955804
258755
779474
987749
185685
187066
220929
158231
257677
615242
122515
799833
647278
128480
72165
165401
369606
142863
774097
445898
827435
693051
201466
212213
592974
402296
817576
666443
1261
64504
442715
667879
636994
937424
710287
304436
728683
396190
832948
847355
20853
529970
998448
652379
911505
243900
669619
896216
42795
721017
912359
94045
972748
938658
237841
677326
33579
874061
746524
386444
156482
276344
229454
551101
3154
855981
10464
145762
416896
836978
726882
229191
339562
906529
861867
896984
329261
620838
527753
170238
955049
262513
548450
385880
55787
307113
693739
361304
886938
493711
860261
857899
426021
49003
787730
950412
29318
826789
880043
853756
6077
73500
173063
730955
90771
895502
249803
74914
915606
110008
986379
980962
559589
97501
383334
551310
639358
674606
649903
585138
996402
799502
814077
196657
942102
905662
687052
323552
297657
645300
453869
676672
758440
358736
480871
784012
779775
583606
101814
164064
377708
523908
89374
370237
477968
433238
405055
562638
818033
159502
238100
227148
395864
370961
761646
212067
254171
846010
47332
222875
128356
586319
872582
684320
903329
579530
93186
127600
5634
329077
995958
241307
184476
231471
948419
396257
827410
337549
931242
810718
746904
434913
915903
482353
178269
221815
752734
176271
114039
13682
116308
789501
800066
916453
925658
468453
523378
787939
992510
32205
228395
276299
462452
198511
917411
36533
432163
490402
580960
775387
124381
414659
885493
300162
887765
384718
440614
67066
95862
534033
714504
923602
829364
967743
340231
712798
222724
642077
488093
626719
486990
394388
8413
631907
310634
646845
550468
41603
577156
891334
33752
933201
386730
104907
426778
60571
592397
554823
541559
622843
410841
746898
200112
571747
17932
247782
491410
504542
156656
612796
248907
482628
749551
129772
676823
637132
583673
336445
628826
959551
368032
139608
39204
974893
224381
540685
371561
311456
340069
218666
448970
487984
65208
1827
753572
841055
440557
736751
211363
600897
307919
380995
267789
858642
60856
226909
671031
792903
589876
521112
441202
185095
247633
962286
382785
563279
733935
39037
142908
669655
474740
386381
778774
626624
355969
626553
581744
619489
588805
302480
606038
292524
574563
545442
465663
609365
563323
237413
733589
255197
508517
447743
780447
167512
538298
60619
569105
852395
47488
493478
671949
86190
141494
557082
452021
164310
991041
178221
188729
820654
787531
236385
828215
8880
374837
131280
819294
413984
249160
587214
813070
294344
97924
111435
955236
485072
369066
551269
29507
960552
145113
421342
901786
965095
591652
41613
16234
901685
374384
142035
691689
335439
758955
797806
560441
177468
630730
407615
940816
446483
462421
981372
689393
374993
53878
600507
805525
445436
279506
616405
647619
97384
700690
292050
470457
632384
41525
960358
966901
983265
242227
150901
776888
861410
894391
118952
471391
790914
777413
676024
12126
239714
631639
284186
806646
524665
880395
488083
978260
237493
662603
833086
299627
162711
896427
847257
487289
69311
662646
551466
410017
640913
685677
793686
679313
447428
902112
570493
904329
567970
560320
591779
296462
725506
423614
685105
907365
570221
938047
163199
368641
678952
265487
404517
524017
381435
299761
580078
321440
656158
219235
976692
266143
589159
305313
510410
770651
340626
18343
708137
75932
501436
303362
826707
48150
562305
11373
337488
881894
310322
896324
882770
54666
277116
130606
534619
273504
626279
707180
228074
772734
305491
897323
909626
920194
319899
319287
450471
21855
385275
343465
172065
345135
461605
703809
621643
556711
441424
99710
298357
660391
427363
286115
482303
811261
646496
865163
607080
534807
352611
863055
813139
449641
765840
230042
833306
859491
314622
563395
317957
441300
896068
454263
83518
127771
275469
324367
134500
146292
487748
999716
350608
15648
255382
557860
477146
140704
867849
543175
865265
204906
166148
441998
832244
45617
319548
223594
840754
695272
598002
579400
429909
193497
711444
731913
169321
842994
765298
225186
153073
435629
10462
473591
362182
671421
243523
482403
989626
290693
191681
461824
804625
190683
585802
409601
930862
331369
260854
554007
206717
90762
455262
35926
563800
907245
252932
725111
196138
916042
99078
641685
670947
772433
451374
708555
238509
860943
283811
393564
816078
615387
264622
793849
904341
559998
342448
881700
876533
14190
139571
789467
25551
714829
84620
18861
236968
287664
824132
192700
984679
852099
703024
481852
596052
35492
337908
803108
633791
582056
649709
535702
242760
455704
922736
123845
974332
786593
754897
626777
332891
677567
186383
972199
67176
287036
926053
715576
612797
995184
738570
821934
959751
137751
753701
347047
682833
701391
146590
786410
348674
277
772223
496417
120846
897655
577627
959887
958612
59402
230608
635871
540223
352184
976183
115129
736393
343885
526578
737768
903939
448158
452998
191439
57061
121360
326359
452469
875462
413386
658740
800146
714518
731777
637653
121708
186839
535540
851182
958084
949782
507347
45109
506214
6916
398874
865582
842753
638892
488831
641042
360281
582753
282649
817655
427826
39194
764373
110168
564653
296317
659435
634193
670434
893706
222218
985865
707292
89640
708290
515727
720860
574783
54429
86641
150049
40597
210177
522835
918111
212478
421894
275847
229072
129127
552518
434131
227837
669715
412160
11490
415966
911116
638245
736508
256042
605836
633600
777933
593627
918556
865078
450
235128
130314
962231
181409
791988
689494
169003
135044
731777
254685
859180
930925
533488
854543
45039
542438
694684
410309
376076
481128
387711
715286
724737
858936
325672
229169
842176
268924
818094
424574
423804
637086
6503
719824
513083
114634
194538
999605
936437
928542
234342
850435
491757
152680
231415
369783
229106
561135
69586
462182
857628
834139
398376
5742
593684
748225
246590
37523
10396
132246
878381
831246
215082
632890
934930
662438
979469
263281
956806
850870
787899
976425
784891
339694
608248
234157
94719
647337
287775
834310
275542
156786
205030
829539
209460
438144
323769
893841
20376
882709
132184
59009
409561
488388
702662
796569
387722
603558
441024
997850
635471
19468
151367
660744
264473
894702
880975
437564
131680
792054
908036
836228
557767
103791
379919
790257
943215
699033
560210
517862
191234
165934
656352
558840
802993
853205
378205
496194
663447
479712
361956
697674
229879
520875
608015
615254
48685
251631
939451
586687
88149
931084
965884
797049
206079
650659
969557
177626
548412
477214
88702
947920
858891
776302
930634
497418
168320
124586
700868
308144
262753
394354
938482
517509
248568
916254
226529
618422
455665
199481
982356
980685
478002
167525
641640
477772
519656
374337
411689
977354
573620
560389
922779
634010
104500
999204
400323
167998
325193
360987
425923
702823
935711
577027
578305
561779
837101
382096
733760
604955
367646
742292
71549
492959
278182
113406
80614
472330
148399
339851
245218
320163
846388
472967
610814
688401
566508
760535
135554
422230
37339
169037
569074
164901
273141
642606
352493
736638
21148
13673
555888
116867
726900
497214
203917
803086
430272
767005
715300
113220
585537
732582
224115
617520
745388
888354
840570
508600
567592
338415
494465
261701
675932
271998
877363
632113
121163
741726
936316
699034
72797
864171
587758
400871
929462
175401
271829
599240
229033
716018
852621
709552
513839
58949
383155
120781
909076
699871
200131
681939
715957
464302
737322
343136
360863
649252
944634
402577
60896
435364
105498
515092
156613
134296
765880
387193
595299
713488
425952
91912
359778
649049
780119
666043
172888
501267
775544
152252
29107
470959
328802
496755
538042
54863
668203
71622
595163
673205
487184
229223
184558
476617
974483
537265
160700
484279
320467
868213
111982
116458
187905
515358
112489
99299
812699
562278
466433
339218
622218
719211
242132
780574
604257
179183
433500
754506
451745
56593
529547
362809
968597
8285
327118
250977
78947
117110
159940
278760
987676
757755
740532
628720
142439
720278
194074
590934
292592
804257
559723
500502
681406
421673
843804
694097
333300
45136
811508
806239
395466
557771
395364
360526
740897
687167
452625
154731
566233
964568
788395
984013
113169
840995
986225
535831
907211
203393
899671
312728
633351
687179
942877
960433
931863
854683
645068
754396
447564
591429
999533
78546
98420
866999
531046
135023
922536
141681
202603
360376
962115
423098
531451
574923
491169
420877
738951
807856
446360
279700
482726
217675
986650
435880
243827
202604
632844
33771
896251
139087
343997
771310
287328
914320
890155
386799
96874
956177
331517
842645
796930
713101
24554
31099
708116
375588
853598
903964
873485
527059
199126
829985
328814
653327
746592
69358
218827
160292
188691
221297
58036
812779
231302
324869
643601
813439
224216
8341
216717
757
525985
835949
258292
19617
659639
813543
510520
749427
138538
696368
931382
197729
635721
216428
444805
593927
292032
445036
224497
802092
465950
113156
362576
585412
99371
395367
341305
895228
576980
468924
706681
978071
804009
269272
301218
897016
973284
628462
209837
943387
111131
517230
597350
951172
996537
502711
336605
83855
247696
639656
417293
274314
35748
763132
608767
569735
715841
491952
838712
684681
897633
253325
572845
774388
358917
964574
971810
679144
360137
196205
51094
151958
211627
442192
612214
920689
423321
516573
200532
697921
816497
694678
616699
750056
867388
748754
983830
197124
920835
68177
463714
411877
401647
164672
828221
203437
87692
494056
429333
21804
833870
186725
663600
229760
191241
818034
252699
184948
590050
742109
556694
409170
691498
121686
61844
245797
492828
689828
388644
38065
267344
578089
390683
155994
143975
829139
899743
696377
790914
772508
111691
746341
249638
324618
914470
268347
992905
217831
733908
943849
297140
498977
435650
82192
956628
340398
405361
502167
902240
693987
12785
745099
513228
438552
316003
838885
700210
749247
973980
509342
181480
860117
582541
481900
470178
810711
728073
150623
986802
18727
839829
954349
550259
401301
819079
332015
836282
893593
306523
60325
816758
267213
383203
779538
549163
30913
830289
829026
81044
785372
552001
882805
613812
104959
586961
675883
125813
765578
443020
599526
272908
47629
51805
697236
305237
915459
413965
370183
26237
511794
522845
826928
156306
435331
334417
723094
805434
927393
418820
920074
4486
895795
194714
308564
721843
456714
197210
361545
975713
450490
899697
702704
676273
673461
961063
388621
141600
932505
755282
918868
961929
715891
34168
9687
323163
416220
608206
96857
115192
250983
324355
756166
213718
773319
917137
686580
750112
41573
346713
508621
340250
413910
440852
229016
922192
859555
419759
968459
962351
939533
156026
188082
391959
336017
456917
248286
100155
580407
788887
878513
372973
924323
578875
527683
193115
5579
366940
350081
657239
373172
98717
628988
473416
582736
721087
363257
565530
554339
550319
956095
685389
298983
552419
661140
940938
542855
484695
202530
119680
923040
693291
23251
46313
764017
672686
117238
77665
447047
109771
338361
579404
836461
580168
656872
540000
816590
151360
699922
983635
775919
295511
154722
905953
481873
104692
724721
886067
229924
992975
513684
869274
466160
616324
315090
541590
833279
469924
536630
359076
19352
151463
684510
18694
610244
745610
300631
308706
655201
166259
542473
301128
286976
209165
921074
191746
622558
348489
215999
144153
558267
652792
761059
606589
860870
956741
255603
323484
510765
94242
795276
564686
866655
541374
256396
255548
754094
45046
125083
203462
988551
745817
340881
555217
227245
56959
463689
702254
557514
762390
385405
210936
772390
997560
894032
899539
8721
710211
661995
255347
313088
335107
436833
501526
332157
442100
601010
464897
346248
135898
763401
433099
755176
728205
799855
433264
963928
564772
483155
793424
278030
532833
13373
375518
624202
890611
724176
458091
52511
135159
463548
693191
105022
997729
476854
300382
694300
705092
846884
295751
32234
653926
679285
267272
62341
172700
864638
629831
301865
699222
488495
177851
924559
285788
840007
43490
654738
315181
177294
135014
394773
998887
223482
138076
971704
964509
665242
186077
193406
410699
58346
603349
114351
932261
462663
354791
583628
974139
303281
237255
778154
254498
617309
75442
177742
882772
12916
751197
120723
512846
9730
286814
899951
640066
662293
503270
774158
544400
558426
133150
490939
492918
578644
297824
46142
89724
212465
845021
940191
868706
173298
876026
766391
496039
537211
596021
288544
604837
822164
357576
813353
707320
238096
298980
854116
469728
613955
39109
537547
614723
683756
697806
996584
662251
911667
491456
919540
61163
678205
657840
633738
723082
789343
319616
604447
673299
486197
361624
464216
434711
307828
335621
839984
966900
205453
581492
760081
454547
266966
298703
511008
518667
335888
770245
878078
536817
641839
839000
646901
972907
206175
915617
85147
627209
963026
71651
241760
479190
464337
181200
754877
697170
760233
177397
551419
944620
411804
175110
858522
276451
339231
890570
198166
310420
256103
344422
815743
673808
626450
997672
949887
245022
962731
617681
771563
309223
41963
465927
371943
525455
269696
175956
638219
198068
990804
170310
518636
990399
600160
825350
219712
714920
631109
497156
151976
48614
221221
942164
700446
692165
