708941
583578
635184
128519
436580
957961
929239
528719
573482
386044
687017
343622
198320
188976
530511
307226
28693
892780
981003
926950
846251
666667
398105
538280
72843
230789
556867
790523
311587
870148
333022
795524
489783
621848
707947
985880
280264
707600
335243
344997
195541
142560
501641
902109
807412
628683
888076
917630
742210
456667
384222
836021
707508
484665
327501
945340
649673
602596
233
29058
135126
520262
206566
108032
355678
826369
984155
301651
895107
205032
451576
853952
326024
437414
418534
661433
660512
183419
260900
727836
488149
593957
226460
762064
107933
567666
302397
569562
21651
879550
587224
520805
429959
452633
223517
259170
151178
680644
689822
601087
630161
136426
648328
936440
251553
694420
818025
264710
716666
374081
947650
335611
973473
320796
264920
548025
408240
707672
45572
736805
240819
230184
80448
911885
383041
975136
506994
823969
881228
947432
614039
858389
723502
4429
256302
994978
787224
214443
52363
983583
809412
251182
893001
991191
511463
767097
238664
859730
755447
335072
429474
184100
228587
374957
25211
506101
990352
681702
141507
941072
75800
333647
196168
872159
838027
578841
954215
229451
230761
324214
914318
266184
704308
41785
520822
456144
152590
393600
502851
191297
331175
710729
861468
547547
396984
166529
573561
332984
882795
631490
260746
43738
997202
976078
578326
963945
753116
893115
773531
628940
959385
611043
759984
668108
65511
813218
951142
727163
948279
606340
569785
603031
715707
833090
280679
503068
704847
613312
411755
842748
88401
720561
532058
342563
650458
172510
945300
43043
348560
626900
437770
933971
377551
790368
852487
496906
299063
902385
222178
414618
81277
391861
527963
44611
589297
986548
847445
649299
25940
459369
400455
813334
915608
818075
814486
625734
596705
259140
117870
184043
535945
581744
860712
812438
249009
338616
54294
331327
866350
275244
128706
180768
481499
574695
812811
998110
343376
926683
132940
229461
631812
993216
179430
24461
68787
309753
917828
802795
866392
446970
464851
366720
528008
911874
124382
908461
961845
110250
932554
407933
402680
933913
510168
647573
343358
807014
354628
93336
773027
579373
771913
434184
717711
943688
506623
913932
227655
550155
975457
553935
633718
123622
993970
246863
497552
198175
269924
26195
605344
936969
287677
331845
87067
497094
298966
748401
956895
854577
607773
715060
792041
183768
259392
267510
136100
524403
842392
533123
154743
923659
813499
259931
282075
198813
942419
797909
169691
2306
611496
436821
250606
52811
449899
837724
833406
418304
478280
314026
482591
344805
156067
233449
204465
979832
94146
170117
530657
404807
357800
619677
163679
13538
710457
95449
907706
55579
423252
60003
47007
218562
101701
495752
729488
509896
188250
772185
462526
622265
567445
485791
426983
161482
227913
221496
937598
916856
671840
74218
60470
521903
576835
247278
852575
700691
537700
451883
76268
865495
384535
167530
911739
727918
91260
536342
725973
25452
652449
149511
793781
386791
686084
945234
630822
783301
438802
967439
700294
296116
792277
812232
804154
211851
883876
39847
168625
97365
598243
639462
925913
854486
375731
831425
763343
518972
211575
273249
41526
746170
648175
214003
480861
271695
672692
987226
123186
947288
275592
375739
603360
45657
172346
262887
37081
867905
890569
57694
903179
354523
465038
274516
978551
548695
557033
349349
216190
72101
543678
211323
942162
197841
800148
715960
270214
958436
389943
411517
637321
924523
199817
545596
628090
989495
368061
702823
378637
387444
737781
874045
305789
198894
954763
721684
380840
958020
180596
631452
496561
916169
676443
922524
221707
9106
283419
521177
43358
389449
618806
962944
119750
934001
186455
958903
300782
474569
84795
875160
985712
56932
903397
390776
520308
480481
239789
137392
221935
646522
964628
922186
339664
504158
628464
477858
488796
423199
488666
75272
671553
203568
98585
16284
652782
200273
102817
837037
462106
632924
443454
928270
824096
742214
968567
956761
654059
395020
457905
650109
958891
901683
933767
641018
349592
98682
849723
99613
226827
186389
599857
235380
382928
720624
795508
350630
81475
274626
978210
144641
455623
532684
386742
226689
869324
156899
27284
979436
270325
848076
156756
990962
242986
977197
399027
83415
803306
433709
727605
561813
79252
410637
971238
731834
110050
531021
402864
152310
708294
457456
360507
862374
381728
515140
755860
357596
118337
802326
697290
297396
497179
355589
610886
969565
342369
441972
215708
825305
476308
929349
455416
841878
59513
237474
584981
180631
894739
995481
224514
834374
440598
550613
780596
891058
375339
299140
906337
500392
212303
634100
711318
404097
19949
902764
815674
642378
224219
704130
836380
590215
881673
680643
311904
398104
30374
664003
217887
46716
740972
498934
142126
953319
460535
881313
931048
140046
390416
44135
75147
245789
519004
513708
486342
166059
770541
121981
39046
86929
711654
968508
879513
613622
503152
387484
273737
829849
652574
43315
191851
566679
642536
393204
79676
193860
774117
571447
534327
492362
271292
23274
242565
570455
510281
676855
43201
304456
385489
57476
950272
508803
802101
835156
363175
259978
557347
250390
55896
451349
600091
686673
792789
146414
492288
396829
446028
233086
828018
178878
243048
692846
46260
844139
415409
350028
144050
985725
598143
961445
361472
679749
609201
552217
390615
436541
578743
478779
188424
626232
700526
667681
954847
794292
291428
206942
546967
937021
703634
278181
493567
479867
611162
108222
123951
581059
190857
682291
422387
417790
303785
394781
738691
439297
155543
34776
818648
464355
370823
962277
761144
616560
574445
431582
225873
887380
561462
581808
254819
577243
14749
883485
818311
611545
112557
695958
460782
578973
601865
843825
982944
521064
489432
206445
155905
479831
504457
497207
703129
177570
431568
697551
918226
944632
790911
519655
231663
450854
976477
260153
792543
21039
719662
467606
78637
78886
173610
583200
995554
962240
27267
62653
642449
796722
979603
245699
698616
463123
219399
931041
589307
19743
731313
864182
568474
507645
665695
457053
544510
570878
465843
898011
357115
830917
171194
482210
974970
484718
192656
934431
318118
299817
834820
428176
164812
809211
450957
437191
851526
334795
383154
778975
247001
747232
228898
433586
544734
824422
614684
51997
325814
111806
937218
882041
166462
725304
51112
858121
247337
729286
94122
821475
420706
980498
252149
411805
776910
862956
748688
31790
621185
987359
56842
320023
71890
643325
935133
268487
554476
590998
278964
4759
871924
744917
513519
522697
267310
238866
261934
207209
429789
794894
537382
637904
121881
262369
444522
714995
928021
484369
86456
100185
878228
858271
391766
849978
688558
836693
572947
57940
419827
69067
132158
14215
737859
566464
425131
725799
516598
441798
955266
629031
684245
880458
603903
506653
890809
435930
170787
271922
415007
360389
382910
12436
850157
409145
532430
717524
170758
478750
332476
30826
89144
745546
988199
73190
195713
395585
771104
732266
784678
756364
515813
350538
669099
592194
357409
793218
676828
195163
233834
812296
81920
489082
892413
396914
535171
774353
56974
679604
607488
22515
964356
327950
550294
39906
242131
275777
426441
984121
149074
357462
102735
91872
360686
139157
649234
692978
154594
462051
477343
881922
514646
937025
536850
416958
507014
60796
236997
672159
405841
167741
886366
622287
728839
337035
607891
29710
214349
410170
273846
85769
853164
283674
604748
800820
764392
489580
807071
180589
853070
637395
566560
798007
556774
330842
35315
877898
461743
322201
503067
175058
79218
928258
173195
743760
443644
451191
397197
272527
39194
402546
26532
233574
421398
687338
682759
261839
901349
972819
886586
60531
618114
170368
587795
241373
817137
750517
384505
230925
162780
165183
975384
490737
154780
650301
851700
264694
340487
117128
737804
845495
388686
584349
852186
878746
440797
609842
840404
141267
671491
727663
910693
971651
850500
791215
881618
282241
960799
715820
560818
575489
998110
630342
407639
4829
574784
908625
182719
723331
404806
248308
433335
888734
760652
922089
994700
510492
149197
627459
74610
708840
427966
467987
48633
923207
274537
861820
211450
882204
223208
763846
145559
585167
721876
114051
267072
486309
970390
164505
168600
566315
253358
488459
485884
495286
745304
776058
657933
289642
697279
907443
840029
590609
360246
378115
788334
916376
744307
232762
705053
135894
61341
532134
622838
35478
60828
202408
431430
970721
391911
897044
176924
936668
884511
193176
879845
865242
975571
890868
112557
446907
264652
706665
824644
287930
258014
790551
784050
88818
311672
692139
230989
124162
733291
788779
670850
805699
902770
4247
46634
744524
452547
253976
86270
194182
291731
348215
439040
754883
198942
651745
835750
737075
13301
379676
493666
926979
744383
580014
7404
753163
847140
805241
712695
186202
777534
964526
441987
194656
22229
36857
671756
819775
871594
896841
380566
882999
73701
76229
626453
108916
713939
792216
770923
62866
836385
64780
820493
321534
286616
397390
96730
416459
801893
464276
656083
803273
873868
4158
366363
650668
850234
320435
122649
151074
389703
436418
936736
182690
302654
994982
77454
182995
218356
757330
647229
518114
696920
260670
659736
895786
816383
659955
794726
426240
668822
878748
292986
28696
79553
85484
955266
341711
382475
172491
975911
374099
379970
321592
391387
460735
769591
170847
885515
204248
518620
584411
840822
120592
817107
840894
44999
503070
463022
642373
739262
454074
517713
502883
477183
972041
615723
125345
110687
721176
789872
621957
826612
336555
398508
730080
344423
508353
755547
59246
806788
634075
528405
1239
927700
571277
183002
527351
329876
975929
4695
702887
937783
632449
244970
905904
292899
74885
788387
691452
908842
505607
69386
41964
127694
644752
438543
504202
655505
895236
512213
56623
114291
297589
387416
875785
491744
211759
745425
492045
893656
259916
74205
129991
904141
543427
958724
665410
5832
107957
436122
790962
984011
550835
800859
83588
162466
638701
402442
926626
482088
402954
769857
495054
479586
410434
629919
294421
948725
394294
449572
431188
196506
909422
958567
545165
624474
88530
529467
451029
180941
547559
517919
792714
379392
848634
747146
351296
781514
975392
230539
682943
273041
565801
336701
581437
854689
282048
11697
845998
842023
340572
738783
831284
957153
921879
336074
994713
955780
309134
102398
133730
624572
879213
66721
173863
642964
978558
654094
907382
492199
705452
567828
582321
245350
112116
610727
968068
411046
765305
430010
263333
986259
495786
415077
229371
194099
77870
787824
647090
699515
248755
366605
511417
404672
300138
128205
828042
229912
348859
636151
443856
957308
271519
651895
451737
840174
162615
404201
407512
450594
796702
881637
230457
394174
446428
530963
147796
85431
208428
525471
153680
196881
878894
609714
830474
837753
383448
415819
352585
395571
114607
336807
195379
332400
394672
555370
9436
213890
693512
213135
822222
11052
668278
989758
454797
514522
595877
723851
424896
411802
104167
280458
1250
256863
798225
290791
138399
308628
774181
794616
296211
142128
623877
980596
118956
422356
368496
985862
526167
529717
81518
701072
683978
907208
590422
714861
430677
704591
917723
783247
538854
82195
424969
326116
292505
962362
98987
643403
598003
336505
427056
225171
515346
513049
856671
896204
162632
766445
222967
90243
213709
554106
304498
450830
809124
218249
808646
60859
141540
184344
359871
248730
181202
109444
349548
865286
844788
783037
100864
10928
90715
903996
537922
378812
83464
185051
317607
398576
652774
178853
276048
829045
774274
513015
781813
939283
83974
314598
275783
925006
32713
337832
689143
975975
896451
399988
302047
274495
608423
265995
451465
587719
392428
354322
548500
255705
259996
211265
879116
407925
683503
910939
675958
625960
18044
648640
666016
715046
471984
180138
101478
60180
117603
664768
238835
475645
121114
141288
409167
942678
935621
557400
886670
187037
985138
798944
662853
532520
805470
225347
235763
286308
946167
903206
67203
493625
814464
291133
41968
823972
608774
645407
951423
564089
195920
531915
461995
333172
690740
51127
343609
394431
756368
438787
907000
38139
292620
556936
391903
695475
786327
9713
169197
183919
95583
603746
972177
9506
542737
2100
769621
693444
536524
768618
873337
381694
645610
591010
376052
127309
168537
247786
568809
670631
701387
729732
596287
404097
670006
580728
977505
628152
609998
576188
379027
44138
218198
715171
320774
694801
318181
55699
561158
309083
351727
417780
364142
517907
124485
15415
461824
298246
464815
547586
780402
335339
160669
909114
882208
572597
764695
48503
110622
714583
767997
39248
227937
31818
3282
894386
37891
410277
129649
479396
51063
599339
964739
418566
599849
460822
528079
24275
862443
706304
517512
533527
775254
143918
344799
686978
482358
847326
591317
330818
779599
339238
726950
259109
935016
438558
852865
836841
685068
812425
298101
86692
359141
813185
173412
182974
467471
173059
711531
805722
896128
343201
709688
316348
361320
101219
847265
876122
580033
653860
886200
643095
985694
886032
583817
801324
106983
27702
119647
498994
130379
122936
545750
276136
141733
224262
978266
479097
791569
831253
472595
81041
780821
295419
473341
757272
206202
362324
765127
827021
953261
452428
169138
860233
685944
114890
713258
658675
576519
923394
626681
175476
795538
765022
681895
127594
619
652930
410752
140576
810115
414049
226458
654264
370877
501901
915405
687841
591917
35132
821447
246986
878250
663335
867721
566765
451756
906782
42810
611044
385678
777862
615800
469962
692320
919297
214078
92290
964292
240367
464964
745547
268996
384246
298315
938618
811718
971282
714583
846231
705190
292161
304926
272004
152444
372863
247161
661344
172280
823771
793250
209648
262380
393665
5284
472375
373496
398447
211094
443558
76428
133518
851631
845644
909213
375151
460449
214853
996488
645139
163389
19615
269092
902078
254068
816662
241688
409547
254108
750565
14699
335445
871479
245582
622382
520878
384916
95707
585171
823778
764297
316037
711827
100758
186563
317717
586039
835630
93612
913093
898494
882558
923583
197055
462005
766123
91367
811298
333177
893429
504753
243649
820926
81032
525028
732988
434266
308645
756049
275389
593323
658808
399779
501250
750365
902818
456259
615105
383140
784962
774437
304608
366120
453247
543291
115714
131506
462729
997042
903666
480247
171144
823137
203291
19267
639944
228163
21393
688428
567104
34158
172121
506070
660554
177135
301408
758164
842449
234900
224844
140371
485027
900491
540088
574453
620782
645548
489337
185562
511151
577767
749676
301223
668581
846909
246684
727195
992640
392093
899238
416112
98257
191113
735500
756392
150939
693641
476680
122048
76004
999511
403084
573636
887106
336474
968448
628721
258814
520086
614027
686002
139719
167778
853064
499177
159612
839753
885188
162334
392175
372224
385907
240230
623040
389660
933095
274943
439034
353864
866944
183646
466487
430774
711539
613851
180332
392775
430283
89181
780135
210112
808907
694761
233285
175742
157891
724869
437035
704228
313253
463106
755594
296719
885339
667086
544019
424171
149268
710219
649998
400575
701049
791546
195471
197649
8838
831999
8807
316101
386565
325931
636914
487430
556459
497777
907906
61251
432710
13933
409636
693593
498625
358750
857912
743263
266537
25248
65447
114310
216894
812828
148258
623279
699420
581128
30858
937945
529199
405254
201610
678703
251031
980414
783748
85218
583398
389981
789689
972355
987524
8402
766137
515146
370544
652809
352897
276351
649821
429634
759700
963446
747926
915539
961584
760615
455052
917784
46887
15201
986868
972966
953208
987712
272178
426082
113113
785185
234031
826476
361794
706373
636530
908997
448384
974416
173246
890115
599965
225455
385127
989571
80701
530953
593720
622440
117590
763213
366310
945776
857980
746082
409673
366506
54099
244818
142400
429295
119444
476367
459528
60836
217202
228013
280783
406969
487954
922512
811499
704665
94988
89756
802222
527345
101797
119684
457655
405688
943004
373752
175448
41062
580914
241918
266682
745605
185119
45291
244566
181646
579685
10914
682991
862515
479385
11300
772940
492661
166161
998045
146239
693770
346371
368933
20050
367954
291286
363118
806175
38277
891276
173001
829187
204303
863682
795976
404778
665178
35655
78550
606289
520985
106936
682580
598554
951534
75708
669200
438376
163700
967129
241309
890558
307151
493464
506608
797548
86796
737023
200683
890679
344494
273992
304829
397944
452108
316916
121934
950748
277797
995063
364565
327281
234939
167096
267975
271368
919819
628246
390788
240375
798695
938590
90965
863336
647672
436447
540566
160042
314491
549609
59316
760351
816170
13930
857946
398872
228617
103017
344185
37812
352804
511610
305957
764508
532715
863636
674485
482927
441279
974964
698217
664208
581325
258732
727798
217747
829085
601702
635405
519777
994294
898029
769248
866915
106785
723252
72909
513658
272789
213113
577838
533780
251935
943917
183469
655430
881042
898843
816986
972946
881991
710780
886502
387217
950032
891757
351279
372913
967453
967270
660773
269351
854347
669414
100696
944530
644054
833281
940488
299568
276196
853021
181414
268578
689687
178579
6076
208420
513792
769762
876733
295526
517127
6155
144010
452235
358643
817399
579745
483830
409029
124378
380432
81924
515856
837253
964853
270477
33651
366090
549768
259457
481589
496923
862490
990247
227335
409976
372080
276886
894851
575374
458345
521821
935996
32996
262893
222740
336086
132085
782457
721789
475786
598984
823272
850496
653514
155733
889804
984702
234871
430921
701870
724981
499239
596090
373594
225272
171270
699015
650849
328207
18765
14031
380993
902773
596318
685947
343471
363155
440041
18846
679540
422763
805158
115190
845513
647280
634052
738235
260347
82818
790966
853263
227992
6831
704237
430027
886388
503845
723149
787157
513141
562006
662893
186498
355076
902028
254751
729490
864434
470381
751725
369199
784921
776419
174350
57283
497780
546021
157493
807727
251776
488019
306875
65754
84795
43071
5395
95705
326279
967494
347860
639790
392607
923218
112203
73832
349775
464179
811752
844187
597915
963527
475206
791788
109436
98761
473353
218972
414498
673651
859356
623170
690592
340050
478044
512653
227528
455632
636573
300879
518870
411589
45639
791727
734834
850103
891549
862914
183477
715218
388231
115421
133543
700446
363635
611716
616914
881935
116258
66439
892040
239377
708911
89437
590786
905179
904852
909882
792785
541685
662413
753687
867803
26689
366627
944948
491827
234201
251218
336674
813000
744058
716648
284224
404508
350870
183814
206178
209464
139218
471300
908162
880273
986321
166661
766551
308825
587323
980029
987751
860379
768269
607107
128531
69427
75936
376468
476486
204130
777626
952378
911499
811528
23251
976237
889880
314909
477469
13639
949680
536717
518728
339647
270562
677747
495911
776662
193977
885906
995424
381163
331843
42375
302303
746909
486902
574015
833659
396517
527325
207545
292519
614239
786172
202230
253432
504241
781512
9064
683478
800362
901743
252517
604487
538232
909498
98110
423300
249521
760471
757341
843229
638386
624725
127312
688935
438892
598484
285319
339905
298607
920744
847999
647088
694330
72720
889633
908987
840703
863883
653312
906031
338913
919534
201433
979929
873612
350221
701184
921025
838979
317668
254721
763104
795290
887468
73250
571767
171702
651769
885309
21583
666288
186451
238859
932774
375034
332304
313248
165524
607541
205627
351584
11214
722250
698557
259472
584019
413506
319023
99315
704525
840532
178243
77340
41120
73315
913497
704812
216959
874874
898253
294600
244442
114971
158228
263053
971265
43301
338379
366015
677167
719487
846739
165616
282110
802694
548471
867251
95509
772920
320961
246397
412689
992294
363470
202837
1058
451576
782437
160024
317541
918286
433947
179113
835498
920162
616881
168227
620195
563520
370004
801792
714822
43196
793349
647022
468020
32814
262816
815408
655788
85049
71386
956810
30220
651577
300419
459037
773310
202322
547937
634340
190541
578829
630428
41434
9402
916650
269815
900460
552105
591884
909570
413224
935887
682438
945955
593067
638205
939791
126329
434377
480817
798988
140593
641211
329074
54309
955288
216416
877846
933782
407785
742438
538819
173288
452505
383771
459850
528211
790319
519278
682338
503649
139335
605617
25747
383939
420294
875660
399451
475819
65965
724050
531947
205880
101315
154137
733889
484470
438936
957678
956946
883460
543985
391804
815417
830588
95799
952999
915285
153141
493592
8536
128070
701333
264641
317524
392744
40332
471607
345586
976841
8883
717035
369811
733658
989514
94906
250326
663436
32133
362560
814134
855339
544632
505448
942444
822613
818350
265047
59559
510586
314562
212969
576307
316505
654665
206587
193675
326918
740388
539109
1810
689616
359763
733254
460611
481243
546484
982966
623271
121093
38433
84555
355736
69767
297688
935405
92466
379
886490
966110
878282
740851
305683
21542
365888
587994
140046
132857
922081
494871
175510
858350
374615
48537
541335
183554
454367
710182
954559
731195
144667
553342
861468
252734
658333
729337
651627
805768
599975
20928
208743
165326
643954
96107
686081
353584
695469
182888
924956
757378
854180
806307
587203
186900
522861
597763
94355
736599
175464
530520
551393
466227
588371
401940
642986
419242
879056
230456
97496
451446
972779
495980
4359
704682
606864
730580
318554
803974
521109
482265
18066
660755
795042
861022
458059
377612
266600
483373
977894
623435
483900
41883
287940
531448
870087
123913
845415
787093
662260
23690
462675
297292
165764
273729
770997
435016
516053
844832
487539
345210
29781
152426
977158
939013
957114
287213
559381
705423
2014
959861
543400
471676
731155
802838
433309
601285
207631
288001
600358
573398
894110
140359
519141
855248
586089
52171
23503
877047
571742
971547
867112
382185
849852
115686
605437
298529
920654
180427
303957
105301
643879
819885
294336
555152
580673
168019
747171
170877
99864
32434
847263
223332
22211
816527
37219
846015
111882
479031
651843
472402
796910
669268
759490
879383
951846
217947
156811
723542
7399
463484
987708
380484
911159
43874
306627
595675
182723
273263
68313
654987
83519
920181
716278
68878
345090
742964
631573
721849
724772
242604
858248
374899
423938
869687
584901
510670
745151
924502
198672
218076
12781
324237
772361
347328
553283
921835
273405
67118
635259
724983
472187
305450
865714
945939
54406
577986
656851
596472
554955
403022
474579
604811
985926
709213
92445
196543
470576
985815
11213
6084
659055
834780
6821
736917
108303
564424
898316
23957
741963
407747
670101
863003
899769
430649
874696
152813
411141
214548
78436
643156
382556
990986
695839
952341
948682
706395
514448
683462
213373
262013
892662
255675
753065
328909
186880
409315
94567
855285
54466
950042
660799
244632
855451
943355
75441
248089
414743
166466
420466
123898
310207
914841
726262
844229
304578
573365
279015
841792
992071
181427
733899
531358
715039
580919
577374
117447
15908
843370
944239
142447
944600
81217
42239
676714
250007
763071
372940
877066
103824
291502
447441
706163
883726
202065
230119
838990
107850
879178
674872
966884
242402
658408
80388
346904
431103
605233
118543
911140
525660
424454
638544
273216
45939
918377
986204
639291
725443
302006
322351
850604
480727
607276
817692
786354
239993
774083
895227
209097
200958
843474
324
442804
775197
826107
832668
765642
647468
970194
170811
462781
950466
408702
126038
363205
396968
62723
680806
509793
551405
209173
608208
455333
744763
731992
601990
312216
701459
205541
596958
635925
607379
810063
816621
73638
615365
750884
379133
94229
97296
114262
884248
189305
75546
783939
690921
816697
289763
55279
635525
270167
908533
83992
264792
92321
703158
538106
230994
36275
402792
67435
120762
258514
473956
688413
48848
843359
237961
20877
836911
264901
48074
16011
754161
866331
795219
975778
597398
794130
249491
43974
988804
368109
81582
401288
404473
228461
790334
701181
483909
369815
875069
508927
731670
56813
600857
307017
782209
420695
338375
736238
815457
225588
867683
219751
656048
44675
963845
310051
800072
915664
447829
324772
507971
141824
159136
408917
490654
378938
678421
982670
395560
849732
282206
425577
805856
349829
660446
996588
407605
702296
550711
333128
192876
445285
492186
74377
996144
208701
561184
608381
507725
782867
420991
12057
262446
598002
271000
491370
81824
130004
4615
545568
35042
721408
234034
105184
949010
707853
737477
1342
372694
216877
101538
122026
290349
938948
627988
941068
216094
803177
176977
102041
920512
727784
491171
922067
990246
904783
410234
704958
888526
657645
805504
579385
941397
771577
922780
992057
492903
860049
250320
542050
916283
312840
982374
309350
240220
234466
8735
515689
859591
598592
757394
367584
274622
573509
201221
140053
312166
408549
840604
934796
403097
502403
43769
954245
355139
559655
191098
105031
249562
488679
190449
398750
652929
124717
746473
817849
910032
379496
770454
693632
474093
3934
995678
94094
461783
375972
321864
560327
794047
420575
419939
230792
211372
145956
105794
353171
40237
900870
296387
668964
303098
92515
293632
542012
958265
412137
180180
919805
408192
415974
325358
152826
694485
255219
769866
663194
549718
924185
512930
827012
306352
543051
546511
772843
279181
714592
356180
253112
312809
926675
963750
5879
608822
214868
449937
268426
731931
429668
909036
960486
805409
481295
787318
868295
896602
621726
369652
524177
395528
985953
128900
499057
91996
333613
734645
511250
678472
789570
516561
679105
835087
542921
314332
81022
474257
448147
963670
10824
72460
786855
538147
625226
485542
939792
818855
80983
344297
720705
112064
135368
891358
154808
658778
909335
381492
728400
451443
605687
4669
244536
486855
779696
270445
282627
667403
684089
471600
754605
479054
704177
35488
821316
807659
341108
333831
58646
440424
250795
997282
715717
849542
760723
916383
737266
543950
959843
457311
56597
309655
485601
384033
661063
645018
654178
690869
452460
619077
697845
835987
679104
90640
218466
594753
584272
869289
237134
59463
285922
741857
404476
168860
914699
321658
973013
314192
231843
750291
77100
676996
968069
218243
585162
184331
77489
573229
969973
861107
947614
172629
930675
4874
495162
580478
367582
489700
548067
28815
970396
923714
965820
179673
333717
190792
654557
256062
958812
743628
443940
758688
960270
516773
356760
743293
589676
731282
464274
194399
544258
676793
876924
909650
559802
208500
504271
84257
907582
56482
530838
423640
389336
759393
60465
695695
601487
259035
376970
645477
105528
984947
298367
439039
608261
695578
715669
288661
21382
808838
544019
555589
846371
860602
7994
137770
967860
668999
225477
250403
65056
981005
326710
786319
596092
218011
826363
935780
600690
865020
49275
455916
769756
281745
552397
213046
190303
133187
745130
322902
700404
391235
423760
700483
94136
667690
926913
717097
131194
459798
941827
711591
756780
204586
227008
291298
718654
764092
66602
555567
731922
863977
688208
594200
222577
273441
48252
914366
533818
170276
146476
510765
581376
658656
822088
603369
901169
689071
151629
4004
24206
760133
405079
431754
322614
181183
853858
228134
426076
990165
893818
860163
714599
605904
38457
276543
883437
704928
221525
235649
99810
804000
226884
580066
367506
205331
652217
205394
287377
651350
45293
769064
140976
288935
419822
893333
985774
736702
114146
79494
752559
28297
837675
319143
698949
422900
377768
611086
479973
865587
678290
772476
136713
35271
838970
820059
535109
636469
88285
565522
90338
705879
916613
164198
80302
547145
730574
271906
182607
568227
754831
940037
406678
850302
888927
375069
377245
678617
753015
796701
205273
369331
838513
83897
189052
742852
502788
179452
532970
238216
111475
939966
198565
569676
543431
756965
589742
992286
424405
368522
502896
866631
465773
894632
920850
174309
899482
104506
92965
938025
920591
407553
696257
824855
669570
182716
849943
453793
223177
462992
378413
825351
98122
168605
823456
669924
920858
316480
711500
849246
10058
70265
272681
821420
170503
408503
284448
337054
586354
565250
647601
798154
404644
117762
528028
240609
629473
807913
442383
510537
377651
212620
223857
990525
655290
899278
911966
660578
293743
804284
194489
313911
845496
155284
255903
353462
396429
40546
614027
363065
971770
441922
271563
120464
175129
439292
534893
670992
859502
330312
200587
165553
625117
393310
310281
871247
593709
538095
176528
616747
817658
409545
752998
18895
673296
457534
711294
528808
800942
239975
356512
669561
249480
830461
610196
25641
599568
13032
817783
832617
456946
607340
369136
345851
537017
2783
379488
920872
917367
611912
335162
649299
384915
577099
797875
661888
933773
553922
948438
18219
638261
780230
136934
772001
297681
186230
781562
821517
36766
282726
211771
972504
914827
343770
996700
572970
288625
62177
202784
380962
677262
197960
319202
823276
790860
403052
324869
541270
234964
657947
583714
24568
520698
806728
420962
899387
991395
229091
3834
267204
195220
963248
646865
466669
209381
679978
316740
66012
892889
62533
86960
322696
235820
900968
629258
37952
393438
500650
777420
732920
85003
184067
983379
529821
269342
415318
76856
628552
291243
90983
236330
144963
213996
405101
798920
133063
676602
362472
870382
745958
536351
352493
533411
223454
447737
591298
787424
276039
404825
172971
675961
714946
195426
299361
23640
457219
794070
852313
502725
957289
872411
176924
565176
535237
137465
621901
68526
422904
180824
689123
798772
862738
77057
72537
476591
75077
21899
350989
742478
139951
233451
851164
268452
626801
979839
376927
188091
731213
704127
473589
635681
65799
473289
511970
775739
415344
537513
74422
651215
437564
258232
916841
865244
626323
883983
174342
780841
314986
217335
459854
582855
312991
874409
864892
272758
58726
913337
438051
970546
777324
614623
609359
931532
510036
356750
319434
251247
771197
949453
536766
310425
579075
862012
772132
626162
885425
658775
453754
542990
528074
177521
777004
270545
236386
582741
909458
160393
667672
374602
569621
828392
98758
601904
613571
999355
42172
417255
55874
219797
53356
104729
344849
367231
785818
660679
732091
862264
503797
882252
420558
103065
174603
798505
70365
455161
364624
997500
84478
877499
591576
960536
788549
955655
463370
928914
395102
912026
977662
460598
356895
44144
915961
542209
426071
668422
490715
761581
585331
470905
362719
191087
185668
702771
659239
402590
333774
897319
40178
808970
139647
152442
208860
298845
395880
758947
908573
781202
582420
163544
24162
865923
102936
803128
128042
718617
957339
626913
46760
328015
243250
611489
708113
416539
322116
740453
573567
780763
403421
415818
717591
947614
546965
907804
855293
984434
834849
193311
188582
159439
146919
855341
757478
12110
227660
140745
469957
808965
107003
34867
623365
140808
503486
706529
971653
378323
77148
179613
318732
955109
187973
24884
666716
38437
306785
441148
767334
413128
591432
145288
753399
597279
306678
47509
392463
819181
651568
774398
608153
524791
718949
441924
826889
923811
767127
443712
889123
47744
679078
264917
89865
267882
90084
223953
802433
347058
320258
943561
240433
861786
438401
656432
43343
605293
944917
918556
52592
929665
541032
1021
736092
279254
1769
950766
405349
791272
416563
199092
439334
269111
591744
71347
439784
241778
576345
538634
688120
937493
24573
928335
617701
531769
531586
643142
45137
316201
175648
611818
923392
716262
271352
777939
628619
418513
702445
759288
548120
465355
963025
589649
975214
117043
218408
30325
733283
968481
803545
592070
759880
743660
746910
212703
163096
766885
677589
984055
755754
313471
949659
264419
848504
955459
649521
122095
6356
975835
110017
943510
111465
661841
317926
895171
98772
586691
787050
779398
287187
219319
332774
213685
617918
969402
72565
58809
185873
485903
852030
269575
764312
390794
858351
773971
662378
38670
635433
649766
297979
971420
968500
866311
594582
915398
390240
221514
657133
434180
919147
874625
240832
867548
827455
644462
186349
402819
462212
121259
510705
357971
785692
400371
308022
574520
762736
689032
210224
680774
524876
90714
91865
204837
412299
817999
921174
963749
405071
592845
441186
907421
628181
452536
159088
363573
963701
584716
353092
537049
523909
773199
588493
338212
81407
88733
334531
367499
49823
468590
857467
142155
251080
389796
201982
801282
629058
274670
524562
396612
180666
982230
932416
92842
726474
274846
965772
435279
355486
130518
837999
868847
195015
324045
476010
859317
211445
790551
569441
52975
670302
747815
540550
615789
945323
154204
537503
870167
167169
931505
861888
395589
447458
872754
591803
390505
775223
441494
191687
986218
398893
598072
740556
923401
292147
964881
191498
493007
129801
408152
271930
157541
395852
479812
314891
277925
505334
814740
391943
446672
571045
761228
580974
872349
224134
718869
396621
24356
484683
390447
145755
811772
604475
534962
729892
252881
523989
351173
347670
200601
306708
586680
587426
946508
924371
525324
664375
724835
21902
82406
837717
745394
734852
977750
342586
420755
840593
122985
887680
510939
696561
9609
616346
298374
200792
900985
862259
760246
351235
766647
923685
448235
402156
285348
114090
403476
275055
13647
847747
328216
751899
874667
989741
734502
189763
143137
885532
607808
449841
259829
233574
99245
80709
544306
226054
569822
835332
525195
983055
57717
455092
68399
533158
52874
562898
5185
781136
959691
273365
807132
7430
692043
900672
204783
582602
381104
240912
450396
960430
636691
393988
741885
21607
917211
450686
90845
707128
765226
483106
793368
295138
457835
656999
929618
198069
761173
912269
957209
224064
106923
347944
680743
200013
939858
521275
673939
118769
865699
329737
93546
154189
965170
936171
244799
544197
491287
754974
990898
716896
600166
35330
559306
467245
52494
661699
484262
181766
761269
1078
950825
85947
156253
131398
101598
418940
909871
568418
824361
920541
967948
637163
450431
838228
504815
443718
79647
471065
438397
17717
976599
161378
644345
19046
486647
886172
827502
958172
314416
767769
728238
416067
268271
224776
763256
712850
68763
46818
186521
138189
741351
382985
785478
577765
992083
612522
371329
722058
979170
11802
951075
410653
684079
705846
759573
760906
636797
298600
432048
339513
85119
11187
263133
956960
881985
674935
503003
27942
490909
582579
899051
192838
406493
833127
732870
549919
743324
636675
246590
934165
131803
89458
324039
958591
351775
781110
574811
352780
691588
581598
554009
470134
961797
652273
901148
723694
451773
652048
202982
956610
572573
404805
959562
363346
817960
561301
765890
383986
230852
269225
418505
301871
535820
245409
55315
175487
371417
630776
646317
703006
572825
663687
489260
84001
612024
432946
861454
19315
791642
939980
659957
570753
7247
237927
741235
483789
326183
536277
726431
507611
130170
1941
58297
639204
763605
158065
351458
368962
612757
690167
124499
104145
339432
528439
647640
364191
908961
749891
613517
982048
397564
443548
290217
530643
525677
696181
788510
829391
378707
912309
889688
741982
132018
329579
333317
155085
585335
456663
848035
183884
325762
796235
403900
260618
228534
439154
899657
291684
166875
777625
638635
529543
502724
260405
89628
536715
687993
275250
883432
415469
892571
115517
525647
254557
106923
30799
914410
725779
797498
992307
102535
935491
504819
720194
116780
958669
611667
885626
180715
232049
414983
465826
541972
125247
613230
721668
22109
720371
860025
119234
646754
681732
313156
69003
908098
303708
601383
789635
675813
352582
325516
115218
888361
885754
299931
758376
326874
263349
540234
18308
802047
349038
384136
408116
772422
354862
561281
254385
468601
324737
316747
876007
941622
656935
195714
9813
467691
216505
188851
953595
867937
32802
867364
276549
716109
990120
431335
906958
379824
27894
416277
232087
140965
773487
946832
477830
997645
947274
403778
804641
336406
918412
113356
827265
141580
888660
333252
768087
263713
991529
263867
382099
336739
801400
441886
872156
903962
761045
667781
498615
201989
767143
509311
469204
355839
554817
935502
587412
782576
642495
199477
242037
436178
786916
429325
432709
20547
841136
641449
964460
403261
973148
349211
923781
125600
656992
197663
677795
523197
516542
483581
572122
596775
905015
577134
737160
514499
875269
180168
917259
743769
690865
244910
746684
951558
397233
219658
714109
230484
246870
79098
328341
884871
940368
990600
338008
646037
859630
92145
627663
258347
729170
464834
937000
400880
428417
855848
903436
517652
336563
92811
954596
692987
96503
708972
884307
942112
504172
792972
934301
578274
840839
788533
609023
158784
91967
533330
868499
744127
258119
594149
48841
451698
638475
367521
387030
877853
509640
165590
885558
604643
337249
128584
751965
371494
255657
167232
1610
801665
985767
417098
714951
895097
875298
104574
29979
846391
270780
176448
193882
445565
533449
435684
690942
149794
632458
315262
587884
238858
718215
522027
978204
286376
24122
728207
22636
143628
757446
521834
467276
758567
636756
625475
599288
776000
496273
795847
924375
837664
480377
394024
17591
858809
199592
473466
717904
797293
429689
172252
758455
492567
26991
881412
316328
663449
147342
614956
385890
115133
752644
724852
373566
233176
853606
258819
908969
869928
630760
491057
326597
888434
81425
151039
687815
550817
831164
37459
231215
950249
116568
105732
363467
186070
414709
938567
906126
690404
131984
155775
331441
187806
605213
795454
28470
41356
408084
69901
467861
196464
818069
513803
329074
847823
511335
609771
6505
848378
280552
422844
541465
276595
998178
816247
716521
991602
896960
667264
963169
466083
465781
244250
24013
101538
655445
44313
483660
152171
439028
583808
196039
962455
670427
896685
859527
104126
67377
118508
504979
336385
228255
957672
875716
948935
380266
745306
967598
480156
862947
234322
852690
531544
721723
579133
961350
64014
249838
824130
290948
680460
657577
551584
766056
326584
954278
452681
482545
792460
847550
461901
819616
599171
7429
901354
742230
527717
795670
706061
87261
263578
601479
782649
800153
700446
854677
345085
544293
206879
241881
416008
288958
399580
11376
832781
491962
785097
386902
816898
917150
67027
725943
847300
220432
62571
943783
557858
281844
842165
692054
483882
215100
362793
194983
151993
561967
860493
156873
761115
886129
556024
94792
250321
667424
502410
476016
454069
456146
618829
816898
214448
757788
812480
436469
637049
995918
851246
812813
428313
689585
407880
953299
352738
511230
340585
574554
23298
957855
771140
434818
174614
239897
78667
792663
307781
356580
77046
258862
820456
543056
303845
538646
933796
482289
925147
101007
393106
39897
356536
898202
490512
505694
63200
690844
647979
189933
757412
767951
780841
811936
814379
370280
82560
68292
275560
146178
912415
516128
370073
303552
301658
178082
305461
462829
42700
993813
619499
600427
91305
248553
331189
800115
478420
832275
196160
657601
515356
352478
630619
947458
482272
996074
334378
361497
576608
364057
37749
868834
450649
944188
956454
302207
31606
648432
283445
41606
807226
928931
790935
719071
325547
962303
487894
645295
898101
641757
781047
759161
434519
910413
325369
257045
922519
183305
116605
551445
507457
384712
585980
739128
483568
442059
748649
411709
450937
278398
870300
435926
557810
537835
836547
28232
330664
833358
404532
85209
656250
82095
759543
137261
970310
130858
601905
63682
830421
951026
928934
24953
594798
403664
275853
115611
691241
356877
948664
81811
988590
248966
232817
693215
47551
387169
768850
816166
490642
274701
380076
436135
150237
11094
688441
370445
46554
825712
126846
584036
980728
382620
743309
791124
665930
920037
864207
999201
478254
592551
547384
985126
901554
946803
123542
500258
889143
669959
282072
454544
326599
773865
400504
195033
231561
562875
425215
821256
745636
70945
666819
382998
708702
835894
290189
475613
218746
677022
214241
564601
553268
444065
100180
254506
87860
752199
415060
2406
305766
639347
948135
510671
418576
970942
500946
564253
10572
215995
196786
525038
962603
160214
741308
129947
568298
227995
464016
472731
424777
495654
794422
151957
795160
895971
401555
381388
800976
306665
225649
661030
773673
121997
198461
303543
408880
559065
577947
846008
175515
111057
835487
125765
172074
714030
586410
329697
438036
658398
501374
145001
707747
656420
780210
3480
201234
315121
817076
847911
938849
359219
452077
864242
962800
186687
314391
337976
330969
391563
352374
926231
351751
150715
937298
781977
816545
622645
376261
834361
893181
19358
316950
971606
300004
142993
334957
335696
553320
4798
138672
983364
26964
166020
730863
518456
412567
296329
130149
484106
793483
670868
379367
937870
341625
804643
139721
19769
922492
179533
803354
892024
274970
721284
650943
443455
407032
33838
463893
696524
939758
355105
822102
500818
447130
807376
614875
732295
852069
634805
740359
639220
361774
947349
555215
853430
70266
654038
942624
68776
106994
394659
650189
296761
736935
307684
255637
344402
216961
461417
781192
517271
618789
856244
950541
358655
378275
185263
423526
358952
811220
136247
439028
576468
127776
763965
989953
885161
815783
172034
837673
235278
679396
91343
79875
448647
934520
981411
392788
630159
680992
652170
761101
363956
123865
506844
524912
715828
702745
777649
937524
578703
367892
482096
608339
289709
573402
925621
335198
655992
962551
163702
932475
679662
435337
784707
709619
709858
171239
425962
956104
186967
735993
441620
47313
406274
549071
714657
227139
344394
570592
756544
134955
549801
243880
707896
997406
288604
219351
439130
491294
233068
894104
991964
264042
296566
162677
637118
508306
391165
979450
1459
402221
938043
313667
307029
131518
79791
375083
829656
667059
164248
122638
815757
999073
850284
553764
766327
35371
356057
156020
738548
437434
288718
804744
462744
154529
571418
701840
620304
696230
860484
663167
416050
385525
392597
730259
329729
903856
848175
181977
114336
20729
135340
563824
637996
983523
774028
245649
386547
647384
391891
462725
682354
877579
106290
778527
539509
57678
64855
833941
72411
637426
206958
312309
139525
329540
936630
362666
425129
777020
696117
365960
156174
725961
850155
523817
737368
533622
87718
531856
787203
15762
845517
263332
447163
824430
983403
850957
349512
477320
633138
707049
688245
825848
430261
264427
396953
250887
597078
206351
319014
126253
257437
745883
573272
427043
182740
870115
138232
354726
644961
271520
60135
441461
778510
305256
958362
435530
820634
771543
319121
822074
71657
843021
308832
23147
576388
495234
974513
782679
344690
243343
276006
109133
73847
974629
389225
882748
219692
103507
528677
597165
87948
366769
976812
429656
343329
583200
511973
947916
617026
893534
840185
192466
71188
779807
14634
811750
482957
407135
353409
733435
712679
603913
482793
798840
222913
659284
497946
596475
980851
936430
798302
898165
267309
767329
101455
878194
153802
549668
624910
376943
530934
940748
931507
691326
597687
135905
563664
89116
732498
227252
180172
724742
973896
97764
369518
239477
449771
360286
936353
777871
645420
898578
835525
335615
590689
832513
683673
416115
628231
712573
555422
179320
244049
221100
757815
620313
78163
579845
818532
766563
481479
899837
70372
175548
90229
239852
639556
237268
966403
970330
958125
66389
667029
641489
79581
914563
535471
130198
329031
11376
653217
765329
579582
938176
500863
665072
164485
981806
269472
605437
941887
798349
665349
325052
456465
361084
579678
946771
720493
597240
395318
391973
619978
279026
663850
31268
857514
41726
538905
843862
350296
158644
848544
800955
514495
453451
848777
868898
616716
755473
509368
998402
872896
257686
921407
99035
715358
850583
47879
361297
638802
331742
507799
136924
873382
153726
117315
214521
684567
367010
230408
454401
659210
262535
142044
597485
721987
383574
966855
12160
296706
598580
840778
590379
70539
459616
785302
354864
129261
439685
906394
4083
978519
421397
600766
257300
470243
189496
276042
56993
122273
476305
987721
942801
273452
435153
163072
273968
198788
776522
620254
873777
847029
135730
330963
380951
506921
513501
150405
210625
897084
77468
467079
78342
101139
721647
410371
994828
885788
310288
26043
454848
853245
541127
952532
604105
933010
367485
405786
814732
1592
810705
536884
240533
300079
608739
144869
596127
842068
555221
429869
950534
843749
214767
418916
107040
683744
842975
416763
134816
814806
965214
829823
887273
732482
217968
445535
919107
257063
212547
676732
468083
946667
962499
714513
761401
55427
812941
677031
323443
525886
10710
986733
671008
544231
280494
679921
818566
127
604143
727272
169387
405425
16111
706229
708106
59473
278589
444894
867776
447325
546740
861272
591274
68752
270297
918100
387620
476972
449842
252789
260277
813018
124093
206283
421129
751719
878876
189592
493203
207315
413394
104196
606880
828415
99065
921687
734847
584403
397627
307412
704093
721842
155513
333449
552391
291501
189722
89888
17551
399759
781306
807685
339820
609971
72329
677198
270392
558423
639623
697866
780315
282695
988099
77712
946118
824986
300620
281436
145942
279342
741185
363628
990413
832631
28942
126339
210209
730743
932451
753583
522997
628218
603306
4233
230257
363430
800100
332612
582701
495830
431272
480859
219190
633999
502637
232665
52219
771339
972890
93994
629417
247230
248026
668558
629787
441753
513378
927258
543323
976463
688059
514205
307975
689529
122022
191438
186782
337761
941802
604414
607047
494454
741318
183970
474136
891451
787500
723921
796374
85455
645709
605962
848155
240281
227115
243584
396953
874022
308626
72857
510348
651352
661982
741115
180686
714029
478179
848792
280691
808311
713920
264629
467693
931087
423309
263510
483382
604061
680375
665032
738797
220682
400732
118938
228733
588685
313306
150153
303757
652728
610823
325154
821696
106434
603822
685809
251339
725050
498775
947066
376994
218444
260693
94700
281115
838193
610147
204300
105392
727792
769879
421482
2882
981907
956337
8707
681097
568724
374958
964769
975744
859189
292121
519071
284353
199922
478487
123610
226908
943228
828855
931005
646678
743752
444943
4910
330938
301968
167266
526677
376392
646179
71433
317734
578146
340385
206686
626638
435789
310788
950752
83254
656886
935911
492784
384112
122568
776760
966911
459511
423150
56362
775993
942582
424511
442609
563766
701956
38946
37482
870272
107331
919328
172615
993107
194006
274267
745351
843914
477901
314537
295941
146960
503403
515467
996831
385230
352715
553697
554320
188580
215895
529680
25640
839401
654761
733669
312813
802479
736311
184158
893945
253931
672502
665915
891965
961572
706633
157769
295285
41194
732419
915516
562340
84190
766365
352994
299440
616455
284709
357344
855908
771492
322329
164794
171356
308748
416654
920840
269829
821204
807346
757988
465134
116067
35807
143594
7475
528697
771951
656942
355782
594281
802392
990241
432009
877682
597590
26576
994659
500722
929057
195282
978339
764715
666916
256595
250748
689914
341235
294701
96054
590072
40207
514425
943575
718324
709277
78512
559774
846824
396729
147514
407909
764357
180008
55248
673449
949833
392569
388628
655144
467440
349843
743458
188664
820676
650965
960029
4852
159907
825060
982079
53797
245968
453964
72376
602659
983554
504146
152253
376265
797205
279773
727662
604199
94684
967313
665354
110589
879403
542250
933113
14678
371255
268619
546605
122327
53886
455286
928759
572741
221000
71882
185917
42371
712236
1903
83079
605900
821705
350174
696759
521007
470104
407398
567746
438838
992249
849728
699987
309493
451451
916157
612138
889363
932217
432973
490568
217775
41801
849363
571708
314693
24964
223581
890422
122937
750058
265837
330081
717828
109563
425345
234841
383631
431659
715073
825908
309097
980573
976543
532273
323649
633232
586781
884775
840508
600479
522628
825561
626019
789507
708569
815180
154030
418073
858834
101772
188629
782209
447880
229837
696182
559650
547306
809972
973480
370480
150557
99162
876761
817725
440247
626010
616143
922981
729860
221461
854198
46323
259633
289211
421650
946598
463785
57306
684733
608950
753718
524540
626932
649471
823460
940436
647144
393591
639587
614219
408319
147860
935794
373544
241780
797130
852813
903754
939548
708089
155738
716766
172198
687865
695396
667862
88125
983206
484377
205965
582504
614595
36891
250560
595992
906788
150242
402535
24324
122075
689550
32603
452868
289881
344285
524770
675610
443819
408494
388066
559806
340734
462459
186170
219815
320595
51193
464607
440743
275143
888084
921761
428331
217691
304293
76761
96773
596793
494664
181793
824688
535840
498733
700224
278235
549219
433715
666356
49206
14037
253674
587010
958325
858636
640212
980867
756014
306763
702717
352729
262256
193631
6742
593861
660015
764799
34750
545570
860435
259985
566020
830223
52126
621823
757445
674674
579833
226606
818685
640841
795306
158614
93515
711366
253534
522349
700780
439098
745626
339814
800391
819914
281263
41047
665254
43851
955577
960028
329446
134020
950387
352924
287816
279303
784881
768673
43296
67274
140727
235311
730971
828296
371015
863007
582378
373827
898780
25870
205725
185070
750678
936088
614074
632111
397273
16730
542514
558246
768224
738712
830233
467109
671095
793868
571760
249167
213373
700897
996018
502337
246102
281358
96793
921842
836474
170803
372298
567885
596630
602755
323809
737848
478295
174953
431599
372389
746891
94209
236654
165528
758403
914326
310354
87713
550805
248788
126593
962969
406171
756470
23361
213242
320800
622673
844279
638668
510951
383309
540358
411227
110113
199178
171009
140388
684049
118750
827120
969597
239976
360159
41882
270668
183755
200953
157928
707769
178681
497804
92488
442580
348728
698150
113641
644551
42561
17882
603638
409599
746629
136573
438542
687434
705970
977115
68414
927075
674288
397498
622719
660283
942320
173225
879069
227158
438719
689714
522002
111914
43580
145464
416048
483199
585075
221750
689755
365345
191074
432910
924774
399354
907403
14013
775130
805183
826461
829293
929733
97293
905400
437157
933590
568920
461105
348029
759033
745764
712788
871880
724275
22856
939527
329375
13073
495569
268555
505535
39690
906345
748929
303500
265272
966062
586740
753998
243229
573187
786528
380660
637217
826916
671705
340964
983913
555967
82352
496518
882385
699288
300106
437069
111061
344608
307966
591903
142543
134852
173036
91909
843461
688995
427713
667775
20657
298830
996710
288586
848585
400724
23028
377147
681672
734156
783160
700551
315252
376257
127040
545206
511644
870080
620242
89377
754598
73694
11467
755833
800815
54278
313788
683697
192513
908880
341054
899065
526528
386568
68990
573259
21971
573088
482516
633039
13384
401511
430790
746557
227955
621380
224832
83230
12691
171050
754402
630058
110082
858109
166050
451295
323129
232412
596325
933126
81721
353339
848416
94154
469995
439625
306780
412762
312423
462652
659969
898006
10250
253427
928255
292499
505196
475904
268449
457275
853108
857280
155717
854123
305946
651161
500231
114874
802923
543551
250402
556116
779057
114306
458755
66681
381203
487206
972680
747734
950006
978063
401110
54433
49844
524437
369244
135421
752527
371200
708345
312881
160310
239459
48627
885242
823940
769695
107532
762182
289517
245801
336466
811816
653278
449024
475988
28704
187022
986409
938520
10174
603919
843125
956448
598754
202968
89357
201254
685370
618760
309514
40055
602399
862889
9102
508729
346443
240949
379031
575859
536470
887616
537734
447695
636627
82183
751919
398368
845834
288958
562258
877393
352201
83818
272196
25900
206232
856093
312458
4779
572535
592605
329984
399711
911623
698349
871178
164682
686005
981065
76183
246347
550847
388715
908364
812141
441170
32402
953262
376030
58979
724219
465194
38465
504534
764582
106229
46097
635917
763848
791958
166206
470095
788879
838959
692740
795932
707150
595701
90345
464809
938745
790308
764872
420999
932939
237700
783681
457997
960086
514647
483501
539205
214370
441242
681686
461534
10871
536968
927884
754815
651854
795982
201599
916047
307738
531260
988038
525099
102066
337629
457529
989525
632505
953304
404779
77959
136904
308949
493137
212593
815375
456657
816185
555483
112878
31680
698544
977846
192360
649325
832048
392841
21189
67219
320545
28374
301535
953081
950656
273736
86145
624499
214040
705752
24781
700413
674029
429329
789753
828282
953880
159166
127885
587555
520886
572209
660385
980284
746188
966514
379092
766791
335639
24534
764652
56490
999698
144508
321966
695335
750265
234152
571497
893710
440179
58029
217562
13392
742529
255952
948693
428685
917518
814416
771384
102436
583594
88037
978498
65517
607135
729265
590621
851427
689462
70664
85648
112597
588915
717963
839541
279030
309763
864138
292929
479205
668351
419769
138185
779185
110752
884511
100517
134233
510578
236266
178213
305611
984759
371904
497491
275361
67839
695869
213460
939716
1277
235475
424883
43174
179486
651001
89538
699279
470241
161325
899980
403656
172978
776575
992435
930863
195437
283242
836647
625960
427129
849426
476551
278893
927644
960054
502341
947452
431381
595690
542459
523616
829250
424704
191411
934408
936642
196389
293606
448492
374286
642198
260350
552365
851583
50392
77107
75390
167656
343979
100470
747364
219003
924233
561716
120728
107526
456505
421269
95024
761050
798598
35473
945932
775082
827760
761084
917301
433792
582659
418155
662208
610830
558450
817164
188802
231124
654562
925957
419649
124050
775036
874264
427878
374475
77950
181474
489806
85002
721923
634702
758601
666722
854809
533524
874278
890978
658923
956916
603542
962768
792654
246881
655070
683226
642589
604528
206242
297398
340323
560070
680063
796001
903719
971361
654452
901646
798998
594180
879207
512370
752991
359738
446580
58333
354433
603919
539133
184512
523293
919532
86056
334025
258064
937693
677094
195588
900440
610872
858557
114557
594692
205245
543263
934507
617347
207675
815966
183115
179693
422115
770266
305683
117149
780376
648881
675788
392157
385254
523277
438298
524048
353366
432728
905838
801757
491520
989923
519072
818818
467118
220793
667012
772780
360064
553570
704090
171211
829749
248107
558667
178261
979274
544268
129855
839382
447041
483436
365889
761549
506180
578663
623032
565864
111169
142178
744313
861223
46021
609694
90930
346291
747045
537221
6966
293527
492651
744587
815246
330096
313548
334738
111334
781637
379127
657626
363737
103468
944963
459999
37931
801749
606663
432208
147619
324122
448409
718633
665536
522727
377178
593926
179169
182862
717093
524168
562341
444826
599570
229852
678659
822768
562326
40032
219740
529824
788725
65752
814951
807352
254393
468066
17663
981789
300349
943494
902914
96942
387236
226032
143149
757708
798005
965232
414388
741062
716113
668028
316479
151065
636706
234378
631834
431820
826121
604271
736355
765008
236852
57068
654277
119681
331252
980745
916817
123514
729575
406029
814394
587860
603034
948061
995780
290215
663811
320252
905936
879826
831468
842921
514110
630807
600118
796017
65689
269055
156797
459708
608551
637190
746978
105217
247592
802791
316727
104898
393115
122329
704808
271925
420332
550407
382325
293658
287840
393453
649366
390101
528585
371677
327191
955366
24901
715205
178064
280473
886421
941222
912678
150178
43207
586748
693166
15400
222327
900546
40143
170501
4580
848127
734014
395725
46397
979143
237343
132496
542023
123244
77769
5253
767728
766288
453248
444999
371660
72862
782102
597043
505298
952377
709379
42706
505194
567753
637034
754634
691268
87859
780467
558543
661458
70973
655008
669985
393903
89467
385644
823246
911681
640772
644568
61864
533528
215588
869838
351926
68742
929140
274752
803122
240013
445243
883646
72305
904667
476871
888923
163496
136964
271348
69145
252288
749385
3918
173607
695648
440348
99581
320896
406273
834131
235341
981218
282216
807429
851470
841637
205895
697239
972321
903394
192794
97502
531977
519949
195158
856094
661069
871603
168588
728644
663164
183062
803124
813837
291507
578884
640202
735284
235864
816306
828062
902315
335491
602069
469250
714621
267842
588844
484315
549318
361726
395571
266331
229988
252981
488796
262987
339828
654613
903448
12811
291002
757615
229236
303662
388855
978683
611485
242464
716202
570060
623235
815615
678633
476393
812580
785287
662352
205312
210906
290102
437040
663824
648153
268667
157653
716361
910989
414435
589462
638097
771023
39634
876518
986322
246002
962223
265458
945111
91352
625921
893446
38
773579
399849
75338
801818
740518
591766
128809
133655
967210
522584
912338
698240
972034
143926
304679
309176
916678
398297
374686
424109
978940
548383
952969
144913
977333
528737
53187
989137
478884
909335
54161
295340
473218
377848
35335
168521
89439
56236
760744
438751
341345
454801
530961
364283
596544
603501
700778
203148
573886
326436
686326
105478
873442
357749
929162
329476
863204
823568
735168
955670
14192
552957
631854
163040
749574
205805
82295
220589
16131
312261
140248
26551
650677
125530
914739
609521
929860
392182
578359
372346
913784
929733
364141
207346
855412
377851
487934
363671
805682
692436
561587
276779
294487
766402
714984
785945
454014
276901
887574
913682
235714
811103
910019
458430
933482
745898
369135
779629
886294
716968
528261
85503
617097
257728
466452
540939
980441
618447
853246
517804
497039
607344
88122
531864
348638
315703
918822
66178
186036
118757
978265
200344
410276
813253
636271
468855
703790
780541
183284
752045
436811
350718
643236
193210
331052
494177
8673
676785
628278
814866
692117
125709
34013
526927
695896
163395
535050
47428
194737
821161
733758
941104
987964
476702
286752
453410
648177
978018
511911
583413
904683
693011
161757
128471
331212
15172
499420
14521
752574
259334
607020
528887
62769
509229
650302
428073
985667
332722
342107
517011
276991
934057
90860
207334
694751
344226
203136
272004
191581
804297
817820
218972
336079
805115
138676
119830
489851
421400
318724
125836
1212
551982
819824
204899
395997
430224
751366
139480
996179
866776
374823
577037
563864
105295
627082
607013
952490
929699
181298
515035
519197
740485
261612
61792
459974
351561
658968
778637
156198
169915
897700
166657
522935
861420
404078
476085
336596
246834
82219
331717
444332
453427
470917
597215
350952
429314
256777
543967
629387
294027
958500
378352
863305
28343
123627
196623
657571
956403
428334
853224
43613
790396
111428
473090
873928
870066
243344
710725
482766
850101
170698
842310
910332
376118
51203
500622
787687
378555
105738
21960
378862
1098
566010
702065
901889
20998
455662
966771
801227
241768
666966
593345
640355
18277
289339
661031
334700
31225
808013
20274
540842
488983
565741
585920
4723
789330
142813
651174
67073
415606
642116
866815
259781
642730
108511
676803
963764
355680
186766
862863
767223
481576
971102
910961
54238
515386
626768
675452
240102
996047
27085
780812
434153
449716
293272
841937
445309
888828
362205
82876
72730
71193
663682
377887
121713
953057
987465
447317
874185
769925
96575
126277
270624
729635
834703
519677
217494
380485
684768
184867
79354
576745
885965
751089
442977
865399
187166
969557
935104
800310
863405
702238
588742
646214
879902
354009
443202
300129
575465
368121
60868
761310
625501
907747
6430
554696
430264
477674
735043
775075
998554
107102
294549
430537
219274
725606
528204
640635
707302
569750
990437
303746
91285
825280
48327
543729
745390
576391
862488
292703
751639
188568
228250
631823
301443
585179
732690
831252
70570
172649
731879
651189
404128
668155
365769
506282
893309
37612
158991
655978
100002
6988
789658
96491
104581
819378
80752
880750
240809
120103
189801
915059
991719
394255
486028
20516
281908
708117
358464
692486
312599
939786
66136
956563
524484
28210
232214
623738
765229
80934
164438
530831
652029
949537
347670
114246
28122
227068
915986
131077
866495
437339
368983
40947
326461
188098
115951
597165
288895
458512
33044
506102
954407
88480
79260
67638
900223
414550
397877
915020
742815
527707
562989
281363
127979
337491
786668
986640
48884
645449
96452
702040
478398
818787
935514
700981
250436
565748
741023
420960
989787
223909
113702
398347
89722
657768
620282
605739
82976
958156
809190
672871
869996
659301
672246
387527
542290
390287
804077
419079
852367
314530
730714
112412
314464
706028
345239
676228
832540
110722
271876
928547
713494
153262
50717
900379
900035
523952
851916
470788
252153
724295
1097
478798
404376
269845
683021
771797
113691
647554
542925
161679
881395
329771
26744
300410
953214
814639
243173
411574
860180
629310
468494
177757
741285
74842
553539
973368
532060
95859
519279
772967
325735
346675
535576
758903
281713
881613
854014
612171
918007
736829
598516
189935
201157
399072
880050
9351
572771
150110
135255
889577
401020
754936
515235
748558
527249
27198
131679
486028
616932
255305
657833
690159
639531
958599
340712
825286
944582
28341
135444
451698
35020
259083
835777
560077
878182
493089
884424
382803
104209
187898
829266
210120
926652
938
955146
974347
353474
219654
347761
361334
359484
304987
394204
976065
93992
975772
632346
227006
366624
117715
386511
137652
852190
674185
552753
838479
499827
600622
906300
917509
359859
593404
968630
755073
316144
503024
622405
480187
248911
191003
657223
933261
156594
554132
294910
188848
544139
989810
405615
217229
264030
244350
746036
936685
110143
291172
475905
830738
514391
536945
595206
430485
62557
659680
941498
84468
50964
768716
718972
252777
148694
585733
313809
78692
386137
169993
443986
300301
433119
158308
468737
254474
923968
821547
878946
146881
833490
942189
233030
981283
37922
201648
904581
864010
576668
857213
56554
52472
885832
881706
18977
773727
218922
103345
754028
31359
514502
888640
932910
297755
975
737264
414398
278549
715858
793628
889843
534911
274206
415198
543814
624610
345103
748098
12415
454346
540061
536115
974863
655562
191465
808191
397435
920315
807143
721097
704973
821675
220057
399825
717789
301608
560838
712931
115614
110749
420579
632297
118704
360673
499499
989233
153094
308640
723913
996173
993436
751862
463798
469094
575371
346498
566033
752924
705597
145787
159492
187793
248825
836308
887715
687448
382285
2383
945863
232729
548735
294738
201496
999284
822777
647052
774471
566520
185280
400732
724269
854012
181116
136878
236473
799958
436768
404018
513692
279685
284111
857657
773892
335368
55818
253727
171593
201786
644604
683703
890376
307100
307412
253
293893
167513
448987
230182
996672
27959
333588
906309
199409
927859
169695
237132
344462
175387
920237
375656
712946
167836
567155
270989
264903
111068
604877
25208
58707
930770
409277
646969
231831
971984
252783
964130
394977
732354
522728
888528
287029
619669
345713
575013
796205
6954
466218
734122
175950
659086
684384
144060
191317
602473
253270
872538
817946
985909
846210
172910
501027
77526
435264
167801
137686
768563
177439
975099
139118
10193
770621
387980
940285
644039
390978
778289
223613
629918
408782
567874
988214
74140
423824
191380
499588
770064
153064
979737
856361
916685
680678
773152
740282
834470
859423
21968
370188
568383
447731
290072
91824
331099
763468
600956
566538
491926
522062
846551
99288
971216
650624
921400
782848
263514
759204
440358
605574
539607
130710
127025
933519
418636
511438
479083
265577
885444
821776
364393
629944
413398
515829
119868
566699
884321
848500
335391
387615
673332
641779
495620
24632
725336
182313
498639
563016
296356
841875
416693
792604
36382
532696
57190
254178
106261
248782
609379
558626
438756
649419
532334
386052
777087
74551
133310
425937
450312
31829
78549
960690
42270
190658
506435
84187
993403
68306
122166
709560
61587
146381
28246
519035
309545
715367
732844
670598
769708
842927
39298
36339
769243
36886
382509
432762
632001
214920
149829
430548
923423
690573
241631
318018
616645
816033
262226
432414
684065
569468
623858
214255
816307
429543
584309
424405
211802
32820
785682
786057
800675
944859
368970
999849
763052
260215
152784
674786
821997
687969
479677
115779
933739
320014
231161
728537
686620
259280
742005
808232
889391
843657
906894
655467
218984
149660
330249
898694
624210
94093
433461
171584
501407
960926
205193
943750
711316
193656
886240
571264
300049
316690
349736
791146
620240
779866
221647
885598
761635
435952
344152
730535
740894
962439
873468
272668
646376
42105
24908
511995
138943
999155
770483
394137
248908
739245
265037
390269
338025
573544
2371
484239
734337
860156
434529
360418
491196
370455
557832
918842
13517
45135
781000
103891
20324
90934
258470
292057
816937
843466
126591
998701
419128
260953
162096
367315
297392
490056
701372
449350
776142
730895
704773
351532
724133
800244
706859
443417
353184
10916
788459
514178
33027
529081
147991
503991
545042
732506
465189
400128
860266
979456
586411
870900
800083
378240
519804
761430
26768
336541
646355
560369
139194
997230
618286
744214
951404
677044
582753
12684
104519
572019
941024
155943
779649
547047
805799
298550
169469
945876
790672
774927
85605
905755
870381
836035
221184
820395
709481
474742
510715
262081
401359
307640
94150
267748
243870
138257
922664
716588
379814
957256
963592
132963
179780
948733
7464
84811
166126
497122
478432
393021
131712
791836
444107
900446
380329
390531
460010
685086
646302
448624
848225
455586
16770
101741
939793
411759
386114
665445
401468
145510
120976
820665
836146
770465
988129
398391
849118
878886
935243
691892
900675
344438
88337
13330
443236
765226
6306
278691
887268
162163
344580
810498
657850
664790
360753
66103
445739
407103
479593
573120
750500
1279
294678
612088
634965
832601
35469
709498
461234
189995
228286
580831
730161
982222
299734
633740
226421
962861
774316
6285
270433
628532
493470
960090
387496
23662
652398
964062
404935
953353
515934
188021
619371
898701
623085
523280
963251
83791
992586
459788
528830
291665
87816
175443
212421
528317
440612
42734
710250
310489
216956
312880
865677
801084
36172
627141
596509
123159
384961
795198
74801
764934
128082
733663
556093
929813
607139
561690
37259
859436
674767
548113
69234
740117
241737
734870
937740
159758
393471
658797
242039
522849
422720
60669
71400
999286
741069
923922
584044
22652
868669
970953
273436
957692
950695
629551
551107
541320
497494
158176
729806
591268
822607
330124
406394
442408
529149
831102
58074
655662
94005
632631
847100
788856
149567
215121
87343
6914
850108
370137
925812
146983
536413
499893
739859
581155
402462
56021
172643
740879
178840
383415
637123
287241
308820
966544
131118
724033
386084
756827
712658
307460
29285
46964
517422
466239
708982
32247
609132
91214
816391
259457
4735
619512
401284
88810
210349
457629
30278
89420
982717
375549
461399
88761
585520
214930
654595
998567
357960
641669
538578
796385
379454
353415
439923
528061
477092
118138
719975
602198
471364
493345
547829
313883
945204
679621
577046
138980
975075
255296
753015
531743
43556
483237
483768
444903
880743
945954
492750
786777
728791
728996
611087
850649
543829
199691
283543
829600
965609
129216
482023
71851
691051
212475
422703
925166
490057
989479
391118
249062
643878
889506
37586
869022
425667
100164
122899
689744
171569
598313
937459
334610
265044
500879
665350
977727
206802
820808
996105
966954
603423
131414
967205
533833
975974
686069
627538
756461
832851
4306
883248
387319
456454
352708
697302
89513
155102
553039
449208
118800
364503
583934
400621
202319
19606
588475
223540
177686
430194
441269
795084
375740
721347
817158
783903
493820
382191
915598
628172
755228
490069
786796
917424
443620
898049
963771
466940
958692
839810
936309
743981
918763
412206
635479
385984
94841
340649
678705
519555
787579
675220
72419
654570
970919
868625
620576
370057
822520
429
50949
569454
998465
477360
48028
46645
178527
677832
487737
268548
321894
111848
380375
792241
119337
120548
381069
669728
931266
529808
389499
718053
874838
315131
186075
421664
177754
127980
807110
413474
30694
436068
192811
201806
422951
124645
605156
757954
897505
402879
76129
469320
634092
894934
817233
779547
55149
756507
315633
553484
988736
767774
226032
986706
735677
227760
607687
521006
676095
82989
213607
528152
959124
753807
209155
921246
19092
82210
462692
458649
742764
628252
608363
466693
352062
905575
835708
110110
896614
349975
394372
713047
684083
541855
620474
511409
145996
387913
66992
86699
659898
811387
194323
209475
91421
625377
30230
924109
906698
998033
734575
933626
815470
264950
99713
405683
282203
676709
99034
66528
935757
341981
782454
906361
313485
97609
343341
203148
852266
933306
549383
54402
209092
623517
426262
728442
767435
371430
922655
309462
260917
728485
877616
163185
647428
480082
327723
359753
214040
145913
65441
959219
619441
911698
946044
647841
392283
370106
403882
656649
308875
100718
857665
127029
159421
556520
845374
17510
962127
850041
273371
522873
314425
555260
61356
487099
834540
332124
611381
80948
853088
157554
467387
284627
180436
714090
223374
790556
2565
427434
173367
738832
829189
59526
257463
999278
59134
294203
33872
477171
348368
645162
134447
431614
424384
586885
872729
209279
822417
174979
692601
107072
146049
629706
894727
543538
926929
885347
390668
741324
38546
516325
718465
409618
584895
250587
313065
547738
714351
711703
470300
155056
830441
799452
767551
879689
10
969263
145263
372549
233851
894912
842107
995273
103687
700211
237925
399246
315429
156906
285427
588599
477920
29943
207663
221255
859845
763394
386450
548676
625359
322500
465558
546637
108952
770856
307339
168219
159884
510176
721030
303708
481409
440497
787975
468479
896695
32999
452216
804755
90043
341969
269016
804526
866334
542874
749543
877008
133618
153396
47023
726376
24383
208313
40487
316036
277604
153848
322752
258480
314830
694714
436750
253930
838318
344966
347634
144710
528871
600224
703440
587874
821768
360502
633510
100551
279836
356065
415484
950404
211958
921127
670265
287457
647131
520374
224588
975559
929312
249205
368948
460282
484115
579597
913311
566370
627564
198348
880318
997193
317046
577015
616884
804751
289140
242059
415643
146709
518396
121854
18691
251801
349099
855150
858606
326422
830411
828751
679775
84464
630611
102298
532331
371549
275375
743561
346651
481042
907597
599905
948256
816734
14562
364809
68139
476570
389785
405181
512405
417689
576430
589943
551362
154486
183632
784897
170939
109436
852339
712491
566180
512995
739939
670429
599240
372681
193241
385424
635603
68892
203061
952475
522667
362701
527609
333768
454832
754856
840510
365626
258545
824078
728849
255043
283915
923217
764341
618237
656321
823018
321045
952059
16506
923595
61333
706486
932830
21724
851951
577949
836618
48919
309672
80952
794571
676122
864715
651314
208681
411727
400761
37746
111983
255026
366491
334030
622509
142026
359472
680674
283285
57216
563874
664498
421424
718178
675434
63692
220432
60369
128881
204340
385758
849632
621377
880284
824561
443775
999939
140740
390574
348174
629753
771890
527212
806133
149500
564542
602525
816941
322510
867034
597470
536973
176181
50505
218379
508229
318415
546376
154382
730273
451157
412504
5686
816035
847260
570857
313584
636609
432721
63807
101757
577703
740640
378005
283903
159742
704183
191866
308788
389745
627181
647227
59590
488596
628615
607395
915013
168367
992280
881813
467823
575700
57530
552986
67116
66017
32206
52709
214856
163737
889858
587033
161639
431041
678819
550891
16519
536456
812134
407215
225402
118778
455114
952882
572646
724823
103817
668939
881971
791684
814499
494371
756871
409504
281895
861855
617432
885423
582951
528643
693799
989015
96487
309469
786947
687580
524869
55534
481506
173019
854309
704899
808645
818053
594342
872154
164192
30998
924871
834528
673823
751121
501338
344646
318670
145588
400407
972385
383389
278438
938950
859312
209379
169437
382825
864266
802997
797042
460292
95531
511401
611923
466495
535425
32713
44484
194228
698884
553880
754632
804397
300354
848264
677900
898210
194859
822598
126876
758436
982505
46520
661430
631587
382135
700386
474121
505021
930143
753628
603744
629056
420478
32670
169500
704869
520175
134579
173916
613681
64679
596620
390189
448377
408661
130593
217273
118119
180586
783610
755033
892728
365934
64869
391777
558513
222592
755150
206702
297533
255464
776827
624552
961071
553153
593138
230235
694336
688213
746792
941932
558541
707117
450428
655757
622355
586993
657114
283290
121488
227709
98502
933871
388235
679053
315549
904902
961213
939087
314061
928752
877348
644178
669650
255437
139638
112014
616142
161481
263667
338334
915893
777376
547935
901938
878930
417530
159744
718486
844905
797500
818339
764207
622357
885666
934140
288813
841185
125954
372167
473561
798085
429603
908426
177237
101672
864202
264908
916637
831562
445566
573072
307963
457972
185335
411523
943966
157907
791120
614832
263257
491789
334304
489081
3850
522644
447134
434354
946863
243094
431595
115625
335695
617260
926730
52792
515581
145329
161343
527082
228654
477222
809472
423732
783496
402168
403913
496153
346453
758246
625004
554616
429406
359257
312752
31280
831889
489122
386823
866198
584210
165413
231721
709508
68097
34799
34926
134849
36028
333312
751333
110238
928799
629515
412365
240355
990125
608057
405332
978012
404352
981225
390705
956083
661693
812860
471559
242744
460194
871556
150670
846447
63769
57764
369857
804897
891358
773217
821000
872654
621501
228332
592324
941983
666977
763769
565539
898128
9999
694258
524495
72208
248566
772997
646203
86218
339800
695149
505329
839585
327376
642806
441708
931255
638329
543790
727536
129724
762117
930388
278351
315593
760753
670261
894594
258150
898831
404109
377897
470432
378345
676183
453619
180916
830334
930444
597835
893612
593974
285044
247686
778613
759948
999128
752251
715781
844754
813679
876250
620867
695764
711656
781536
878726
467922
438055
602694
824804
525489
804480
406937
520819
958111
346829
350257
686048
597649
58142
442429
683166
507011
49122
987159
341823
742677
129525
998350
58365
330475
223771
714721
572123
192084
451800
914433
470211
116612
404805
737975
818223
171208
330394
317878
593715
593109
756363
382254
890255
10086
811841
707771
439832
888051
361008
430179
155966
409435
877088
905191
626343
848288
590986
357305
796243
290736
976633
293760
381987
145931
538144
432546
233906
897146
774238
117633
321458
846720
505386
926619
275172
784953
928003
806114
948794
596464
292241
679435
240414
102552
663442
5312
644796
490287
691531
347204
755444
193158
382379
286844
383521
985315
185182
262637
53117
190481
764658
233636
12686
930889
486361
466103
880149
466773
789225
845766
756685
309704
40320
630706
689998
744931
621583
352665
408354
255512
610354
80414
341900
636388
614109
755141
839665
609656
279678
14150
396595
214198
242684
70334
586688
591928
38594
319623
372387
796450
669119
776333
726923
159729
677431
544226
457466
327240
328290
985529
890569
445407
600004
338503
314937
166762
274650
184487
315215
850550
585253
787735
969179
954425
890853
299193
203445
706602
807298
450392
569137
890621
374765
584380
418905
544552
911675
92994
688487
748447
936081
856148
598502
518494
499212
904414
322464
355458
984887
739437
638194
32243
917472
904696
113524
875128
791039
790873
555308
141623
58406
739389
160493
254058
564653
944713
491772
476745
458913
3093
298450
473481
98137
585249
773119
453292
290219
985056
201283
863880
933124
225281
730353
206283
473550
190265
772955
526861
691351
532342
619928
270257
57267
909363
596264
258573
581434
907826
710505
567727
627880
141682
69582
770239
540517
447792
375275
245975
833561
133198
587800
591291
182777
128061
433456
892916
329742
68659
858241
718362
879330
827043
733845
905322
868629
969662
829166
387762
560284
874491
819673
325248
448530
7236
351992
521478
763798
559803
713651
705449
210809
667348
835716
361209
786130
400219
931800
390563
708343
995059
755868
950552
996883
166876
874310
814831
254546
674598
825494
295283
629629
95589
711209
912571
103208
930746
221032
550253
357052
685851
430715
735118
959814
782899
545706
121273
17769
594776
81771
631836
430120
399598
941824
15608
763460
224601
875977
147583
726682
679059
805930
723432
219649
922046
995202
501868
606502
999698
334619
575336
592831
172028
469169
466075
931250
41329
467616
135659
511621
186699
714020
33590
177709
661656
689867
337343
40250
947059
174980
813038
566879
656592
848583
206016
273888
261080
564445
152726
812109
277910
603568
596200
29551
676154
215803
258845
121070
303464
271906
874666
599376
273284
329908
321628
20163
263268
347658
488636
658883
489638
33115
324586
332662
463367
290654
799609
335792
681469
597064
562242
916702
642529
619860
556056
681700
663358
961461
649388
201633
562575
966804
492068
803660
147039
482206
379816
657275
462010
635751
73657
790160
228131
756921
794967
387630
357677
570876
370960
50267
556619
111339
573639
735592
272479
860845
289108
118965
58909
675173
48550
842228
171245
449393
285110
228569
192295
508531
512046
768767
345036
462303
678132
492350
71268
868482
395439
379215
246024
520373
614252
105082
624104
853459
437266
273633
62242
847408
349083
146039
82877
412633
310994
613534
139188
522819
467717
855493
220131
24750
86405
735648
769868
665682
45941
772616
62468
327742
66745
801866
873641
51472
690298
47679
799332
790836
26219
957285
662212
216781
792162
801422
516752
485596
140513
722550
123194
634718
285940
711736
440863
237123
595675
221447
109069
663047
581334
147449
412577
965098
584373
65280
567461
221969
674447
832434
253514
174280
73436
254548
998496
337050
154144
580824
47679
154536
58957
743033
421179
952316
677030
252977
488944
19011
10198
571293
443148
39536
338879
711142
667708
393242
319636
475308
112682
687107
871109
873529
224230
429824
739680
821895
114094
972420
299492
355729
83770
564190
62947
910367
988013
760897
600953
309356
778457
950711
443563
637624
207287
824039
330041
488220
608997
407369
563338
90664
468414
953597
584047
109482
771163
658748
831911
899569
950241
543534
347974
862861
819139
485925
890403
201682
314575
192677
621740
669541
3078
71725
707316
739263
809533
550108
982477
334375
155867
269001
502546
612718
25556
689197
817698
1614
351488
711600
741406
392556
359502
83484
438302
203175
475615
825216
996088
459267
857632
502276
932889
459697
504747
653997
799321
532212
738934
925126
508276
138980
911255
567894
476130
898088
632212
308090
693512
102753
844725
766383
280939
523033
905033
829126
378959
331002
823572
819446
462846
916406
627356
49117
565052
580979
278691
27818
467361
255020
162007
162040
156861
888481
831672
797532
329510
625350
630264
113155
797187
460127
943841
460924
607322
804589
302936
176662
391211
546348
88629
516435
639843
23052
151074
681272
897745
328908
433240
180070
842890
205888
77213
742684
546073
1292
47959
658308
685187
263283
303099
66174
491373
812420
751622
119577
636200
247848
632497
742571
450677
337117
411293
567002
655419
246325
38739
488228
835456
551898
182741
933311
118195
570338
733498
780526
987679
157745
1697
874431
966976
932716
574688
397033
938391
532372
293947
689268
520148
172177
393739
153071
181602
258051
874404
653915
808152
459180
889001
779204
222801
914410
360926
217192
424954
473187
762534
586303
166803
364099
331840
840807
159867
424139
435952
693342
753656
999657
523135
830200
332988
594818
377461
382457
796653
393137
807681
435834
425221
868036
149846
751194
390574
721660
393311
606557
326755
578989
907498
584040
585770
791739
150283
562840
75574
237306
430516
249911
571979
863694
284070
716203
693475
703532
964782
445145
993812
592308
498596
902000
586699
590085
397285
35435
911421
390611
519556
396137
575615
929420
414973
922675
719266
38291
930289
841677
223646
177849
283411
384000
276722
138214
497780
337373
447737
827935
855513
742759
402727
579133
414695
418281
961033
959461
129498
641196
754815
886710
362885
286327
928410
595604
556812
196847
114547
560780
45655
820418
304905
105851
928783
205581
993047
397389
295553
740091
858517
820201
167376
852929
478550
728923
472777
481390
751479
773402
600006
869251
957364
513435
765949
908849
118791
600964
838794
700525
565564
17749
357274
369973
739135
45125
61129
357224
234359
506295
285653
584195
21595
427316
813256
166681
988833
571085
83968
153943
545010
857896
541770
537043
648190
289533
14775
582141
190802
765367
776062
880430
985942
73776
387877
343396
205009
88309
889972
307642
585336
607276
658328
338306
247800
175069
974883
395293
660749
206449
305844
340378
439013
928246
989071
613382
624473
329741
63813
513591
273805
249829
110772
349119
317840
362379
216938
206217
708994
89779
939611
695866
816579
148454
811060
775364
264584
477267
394468
384675
786939
46829
714795
816038
257848
365773
726554
523255
997614
675421
997530
299668
330778
134267
200516
592869
868292
942010
680127
201712
75164
252419
800546
589032
990801
1823
848192
895097
708359
569368
399680
991972
22808
775655
473746
642736
87672
154441
707169
705473
914124
607590
418451
461834
309099
718917
647419
457697
106354
316174
736048
897819
836784
389671
913570
427776
27402
365674
920923
579912
705260
599089
905430
239170
988072
380132
184398
506620
37961
574027
524710
828974
568529
240831
804478
454053
633493
242510
599059
172695
554942
544853
277849
922843
3624
62132
584564
901673
118806
963687
787486
17076
815861
485934
249042
807574
432814
129775
658929
342399
489430
465550
810407
215670
856471
757123
702498
797319
131562
913268
380852
432756
207946
891458
948477
431967
773650
413941
57506
772877
684808
744332
691116
671991
799602
947818
558539
626995
631664
930606
511118
961828
326295
788328
341163
600721
44041
671627
326204
154166
830975
9207
952006
721346
201731
609839
738173
340021
190970
629125
140132
349890
918520
661174
755501
434458
400568
755895
780002
843933
153700
338805
860536
472902
369943
73621
342283
447876
922330
928138
202019
594608
137136
703386
720993
630376
830074
340390
207865
256962
19395
504448
782403
496874
511438
759818
340122
688771
909281
485693
764945
715979
1613
692548
76554
573626
724120
208499
421629
304045
354062
741324
324955
100028
658836
202327
205221
877698
719355
645267
190273
833660
525757
819473
809858
284070
119548
23813
306425
86931
205741
683963
821238
155909
363189
191553
112019
85856
582368
555813
89199
321232
413720
44944
75114
33099
509892
207786
808276
198169
785166
797189
421670
865098
769756
308630
22771
739841
486161
115720
804350
355473
325227
231932
401915
597811
165039
718283
556619
236709
120785
496350
462515
587028
655684
744255
585298
923719
715668
873773
892386
678016
962307
319440
546001
434472
726472
597902
427587
142982
895520
27123
187061
67569
559216
801448
489780
951754
480775
2435
216660
692926
483103
540083
372191
166724
384159
30032
484013
112377
252710
779426
177711
790853
452575
906355
788403
558150
848432
507033
690336
537205
842262
798235
154721
216645
586752
765684
118378
777660
149113
782337
703944
270536
385879
86091
525182
127513
420959
456892
477082
385397
674111
189377
288182
691881
821895
483392
778804
374025
490782
19471
11325
599402
525329
783641
510927
985801
477776
737267
865110
869814
665676
412309
346652
591096
785466
907605
343829
602501
74149
41812
332329
397047
111821
201899
391982
46716
877542
549488
905951
46219
430351
506024
657702
565021
713205
624246
350085
853055
402129
129456
176283
607974
558949
676543
561400
891485
215151
538118
443959
122505
526761
995663
971927
275406
541847
283463
933956
658229
129980
859513
578605
239017
858216
171341
190797
672629
111711
606202
155140
774218
936662
617510
57543
346757
826324
939091
698748
927873
828517
184161
110863
724174
606064
736567
754762
167503
31423
294611
809995
459461
828258
147798
24174
481212
502122
187754
56752
87823
124645
994897
161216
429307
931305
566292
918671
165225
657151
942765
100221
263611
869621
840109
810382
860514
332820
280634
316046
591244
751037
253363
791458
196133
831197
679177
746875
92640
779284
754101
632879
231962
379579
487718
609337
735151
115055
200636
293669
961186
228455
66981
916432
466657
814011
771680
727204
530554
461497
126183
98856
86658
721819
979199
837688
161475
794781
3967
205061
738879
881146
313603
632844
326576
777736
851238
199432
186216
93045
723434
350474
100765
895924
174260
734621
187557
485254
689044
395381
654309
654260
614315
594864
563788
889952
120649
864859
571277
678259
5135
93425
526306
712326
134707
631499
198301
737692
449379
852725
657521
381220
850512
276753
233497
391112
770511
219124
326140
868595
40796
980044
944519
712782
539042
239925
538497
388208
434941
662132
934211
124189
970089
123781
971762
854565
326914
396866
728024
231337
293685
121700
940361
864836
127227
311262
698699
725923
930137
427782
659633
602608
61876
7689
397722
543148
102250
773643
888558
517048
263711
292800
407759
258341
683718
125181
12315
228248
825494
46464
616707
89497
585304
624603
267620
19157
775790
69838
326784
392465
592228
69850
550916
508817
158085
825990
736398
882061
39322
972776
544161
754031
40855
506548
573078
534789
162874
185480
714098
576574
789300
380065
130357
424665
168272
691829
401328
238736
70785
151462
517695
334610
968530
475999
321826
437203
924031
679060
820649
742220
909728
157153
595729
639251
811535
134375
26123
820354
217020
936749
50192
125369
620750
131460
805658
735002
217788
142416
30110
107258
875172
572573
628223
788799
435195
209175
977683
255850
241631
259116
380902
260422
876347
409706
292808
97968
463092
769642
655370
924275
763525
369530
136875
294718
945465
595830
633185
640321
153672
131744
981797
18624
626048
372715
855377
221564
271877
553820
772413
821527
199611
679935
380896
798275
232820
440587
134386
131778
744405
760380
144066
258431
145419
293893
784392
469379
645994
895195
191319
59036
467263
272655
24736
391217
948010
333043
705733
483657
632274
725130
126509
18639
528610
965092
654976
582987
427200
244917
553346
908636
112271
633263
395023
764105
340893
626448
513761
513781
906145
720865
765548
601497
617895
106694
905124
218196
840301
343040
88904
963815
599115
384727
968317
722978
464648
443547
743870
383517
63922
211000
531598
303045
499356
483458
939229
680660
245630
92268
919812
94402
715273
129101
140005
711738
191015
522344
253338
750702
853230
236439
462575
608789
279976
511066
991331
357222
617438
169046
278931
995203
414239
342614
109601
986086
212096
601025
511785
422180
514290
27211
806717
507152
873528
942167
534813
777837
906768
902587
220042
516058
192805
382179
902679
468311
122006
920149
93395
473071
401082
120180
534966
208254
36662
276215
743188
422110
571329
541021
359519
945195
841253
621236
565025
856625
75085
301976
269752
527803
118241
184521
944283
545928
560209
294524
784326
796671
567947
698949
341107
530832
186942
975834
390250
504882
318915
959090
493303
324628
829871
251793
632236
929268
617951
66250
692573
875746
595713
964328
733847
776624
92356
42988
749820
383339
779543
926755
675417
732211
434477
640035
17972
682362
639567
800026
277678
931714
332735
504058
632289
593960
925389
339943
876765
156697
831865
273185
680251
584185
90280
4645
878489
407573
651502
287091
968426
565878
202327
806256
688789
995898
818486
145479
878728
166321
857161
446691
394672
44022
853036
94566
289569
363429
335958
297555
535328
981404
558742
459975
996836
691779
905800
370432
474177
416183
865307
810940
311821
900891
374979
249335
700538
386118
869400
9550
2695
729674
706187
125168
229963
815911
474143
576504
576400
271776
168649
8669
589738
630053
541751
799772
691212
727389
802190
797443
542746
310864
500347
455377
617288
293324
408177
628170
53381
807906
736090
840431
833592
364758
269671
575076
456283
769202
569205
59736
801874
409730
522155
452704
460302
110253
825562
752264
434694
436376
737152
850104
217020
700850
934696
412386
487612
652943
12538
88473
346428
738786
878701
337125
279078
876322
176694
400213
72072
664303
850335
44004
309684
127412
767714
303677
395918
256150
162430
75007
724233
80431
777771
75946
5217
543363
346804
919283
104467
679579
374830
773266
771593
891113
622664
389247
864087
492986
596789
384357
240195
901342
364341
436346
762283
894072
785597
733689
47039
17611
882044
412364
269280
656559
279259
215913
124009
981218
819104
367013
128271
132084
463250
631506
535608
874392
445917
689124
645302
581522
680868
530893
599201
852802
488413
264965
143623
713405
905048
208105
625683
665466
536629
538491
35898
871930
737330
999502
415772
443021
417268
558682
146722
753053
388911
808683
42237
641551
165408
395171
264171
104342
120688
550488
361759
985992
326298
401187
340882
116311
179607
631359
745358
608484
843533
330272
834132
796934
572286
354885
915393
344858
54362
80441
718160
656738
120691
67780
159453
622652
854662
304248
811445
731185
964990
658390
950478
632131
40466
582135
274824
957024
357166
983727
29179
773046
674902
858117
303178
936433
83522
353369
417857
304186
460278
128361
328525
118873
477689
363760
913340
838466
755011
299192
32451
974128
151511
297516
70482
511808
136333
973671
70949
581455
819703
288572
68559
770855
912508
35959
74626
326595
581983
509556
817406
150416
221130
515686
758016
796403
608293
709413
856445
419124
640804
252720
469491
682173
446041
31261
545766
455470
918935
551310
240356
774457
136480
544683
823784
571387
248702
414393
434857
539517
992609
589124
341608
542995
440844
209209
770505
701574
62360
788108
404814
529100
40390
413354
225607
115163
377868
474149
100574
78603
861269
275758
323757
42816
221419
276804
129068
803449
504822
483623
789531
694366
752376
840149
227645
34960
371837
781332
752039
827587
872241
69154
446310
477123
309975
956284
165897
222232
675154
225250
831302
630440
894159
297381
494470
154616
414379
594260
316143
288875
802064
443874
584773
251265
251831
394081
223265
215239
837516
248234
391104
571373
739876
116319
908651
89023
181826
654623
396592
228080
265311
147867
365961
601626
298797
234165
867774
672712
707052
110798
397586
109061
470691
852502
101939
841869
694442
373632
462731
35396
718709
253811
188507
185380
748865
126310
275616
882993
154357
675665
639040
78977
557566
199543
932330
271699
8410
460804
608781
681471
753492
497413
583186
632008
469010
897718
207606
587169
823346
294713
540638
605373
930270
811100
11705
744564
199128
256284
845449
341274
213671
449822
465833
235513
453105
682855
377944
723363
750721
120354
335548
985826
390442
273927
818684
154990
195811
316841
68903
344041
12420
349031
89183
98776
315779
267065
505660
288693
262638
547747
862667
178133
72663
922796
769146
147709
95386
776302
35566
781690
252860
895045
480233
58944
556590
703441
736306
890243
250114
501214
536597
919124
498808
995936
111946
264551
382497
563029
579272
104974
156574
930218
857869
566187
694530
280463
788013
736482
426553
620963
657630
656630
344089
346950
766949
156282
299442
669617
973397
637402
109049
659924
165387
265151
188099
465148
961096
180515
208489
71698
242761
600707
177735
58867
717724
187781
602316
742131
227977
662074
933654
678352
522225
850718
623001
368750
637656
865364
510912
257753
726525
713903
706028
877990
990898
71366
757562
52615
633099
500599
83795
859695
270416
393480
400132
945412
446171
474595
18680
251987
698019
236126
758918
935951
873533
908483
593164
763423
960587
884047
216819
357472
84243
439647
435091
615301
880040
489534
832624
182147
287769
256056
536778
510800
584825
364672
295344
676962
666664
947503
252384
754810
308968
183645
231990
826334
457936
516801
192576
838045
454394
891752
687425
132114
971678
640070
820215
643301
851177
718710
412972
579847
322811
566419
487957
277668
478582
86606
599487
186179
330576
757914
636257
656304
861492
594575
354363
533044
902012
62926
159928
379850
856619
84727
939030
149621
715822
45216
770384
323744
317807
474459
920859
909330
883052
879431
569355
250670
187642
159307
267239
675168
197033
609548
794995
280737
622404
943181
936012
492138
853479
322496
27547
897272
164106
636478
366125
593336
371185
462096
539869
641610
269990
107502
309338
593013
352817
576052
331071
953111
432438
384507
734276
725612
525438
14529
85259
933395
929588
494151
299514
195542
2494
860396
969906
117002
563573
14634
199561
832701
608525
759144
506317
581163
225184
626624
623590
71284
842399
628781
576693
266483
7634
855562
552904
456382
83348
149458
116165
22943
997372
83256
68755
830856
462168
515357
343795
412961
431809
703374
476776
864240
281473
274918
166610
335513
840568
558490
473111
617641
936003
771401
269581
355224
521966
742069
695930
112986
10186
650696
498884
720528
283398
772354
782192
611060
133842
500160
297695
131674
688521
762657
82188
142178
804126
199027
800884
228002
495694
694714
246239
654683
142926
775648
299021
899748
800528
123953
136830
758409
485113
605464
201215
61136
874540
232967
147946
452105
837891
208813
729783
187222
863100
710796
523823
80111
541346
67622
954402
764701
384479
651888
392513
879035
553985
777651
161924
857545
870781
960758
469786
946172
587239
831661
717988
697573
688315
960439
275920
256604
285898
565606
224692
177085
597422
516252
372137
266436
654607
35908
103069
897484
460738
718141
295729
731592
951224
444326
185851
464889
129200
335212
123330
943029
488471
702781
408321
811785
933034
550990
500722
453574
284967
27787
516644
346578
284859
376760
297147
54425
184862
397096
513499
986576
894633
321159
308200
265422
137765
754470
935065
103482
845956
92836
945118
40088
186218
25900
610759
587914
448102
58759
825732
42898
858732
185138
735994
544856
887625
658490
120598
776799
917325
725381
625182
759070
592739
114370
286394
934829
42625
138618
106446
922347
602152
780572
815784
879989
172136
664830
294138
975593
898550
417364
348482
764044
464405
949190
526393
196855
888147
236982
883479
529176
50992
323818
581977
511070
213304
861730
810812
210003
697957
337228
8368
968745
40276
442239
199831
64061
10298
719833
161408
680666
770736
885882
73352
396721
350036
889510
935430
183717
770753
708138
244050
732315
854896
358710
990566
252207
76260
97930
860531
682838
422004
561031
122496
569778
43584
837608
929664
181423
314283
147065
985951
214350
822665
937495
620691
481726
940651
815304
751927
312903
339228
944428
921371
879396
475742
983938
590343
592267
361950
485342
960404
249101
613329
835803
585842
87716
475818
91884
507704
250186
703906
194061
923884
879826
816377
794077
275253
430348
194334
686847
398091
9515
105992
636349
460066
682416
105311
347816
706720
432996
207383
910600
749454
724446
169929
530713
217089
592087
135454
637775
904076
655583
613348
910331
205018
256638
306125
556364
280369
64467
902731
978561
211127
86387
754737
984760
815402
45053
281689
565671
382236
931874
374538
391321
756552
485704
331150
842212
43261
670318
708380
194334
966774
165649
146811
99050
306270
771463
852794
238326
946047
309098
548439
292169
24260
827440
910091
874494
695514
638382
270856
867763
49747
793525
216233
609750
342459
517193
111084
572595
469239
507418
412133
5941
485137
65568
762102
839271
879157
869299
927998
319372
72765
537494
704285
725568
927316
721804
257174
627119
65298
119185
761421
486147
905296
12079
151913
143992
803339
316609
897913
493583
643226
520748
56385
583092
449000
791857
225551
287973
217658
685625
864219
814290
185971
732957
378865
987796
598001
143684
447555
79163
725334
315340
177785
591214
453585
311348
396937
168063
603324
964148
463480
707681
86623
420181
327965
344020
686871
241801
796361
133797
351380
644977
62133
156833
250833
105014
251304
360745
891811
483411
5372
794442
203913
100694
161434
297123
788178
32486
692058
655705
394241
916582
781668
950570
191984
294182
632451
458068
478676
793587
811940
913655
60851
275736
224220
221178
512567
929022
769091
450617
827342
365504
790334
200816
291874
451488
839540
759933
200499
180713
970558
676265
566632
156084
82532
856864
604015
843092
439554
885660
585068
702389
966739
885674
610492
75880
94978
680963
780662
881020
879574
502787
749957
154057
179864
901881
428816
514390
516046
453115
476709
309852
670874
437851
642786
753668
220357
965959
158479
78868
597337
70645
291405
830228
137797
32808
287287
673994
216819
792437
277526
107572
798412
896484
755395
763453
702678
6725
501767
599441
752532
721547
774023
67496
40256
542229
720372
652829
4205
543910
45843
974373
246469
695690
330156
19692
11222
112250
129432
32394
724125
883636
282314
286854
895419
76668
824326
967129
257620
387038
239273
190875
581150
364079
329229
343554
609261
553102
908752
740122
861904
386402
421847
835714
870321
495950
303542
887414
365600
437274
597304
380875
786954
567837
125641
39894
605478
694994
588329
800454
231961
77369
463956
101345
751386
530734
494330
41456
846936
280158
739972
945887
200173
455636
859006
233250
509508
43458
224582
780930
682971
809767
956363
737940
425152
476348
369475
983565
54102
920257
381257
412161
461178
105154
766079
525185
937780
945404
600623
946006
293088
604963
513132
211237
39805
417271
528684
695672
396805
738439
460416
951312
502001
64896
488801
612479
770197
181657
232571
875177
746712
624552
779773
394440
379483
157781
196677
478620
906009
540775
547718
880756
290780
437625
925807
110351
502619
496166
513255
186217
700941
254919
456098
763062
945596
983460
555969
420981
804384
20097
784673
731625
342114
564182
288073
842610
556592
928464
577734
142152
949390
520233
664531
451067
744304
892895
807014
910683
255554
314439
643730
38970
866603
454529
906902
271358
855336
757063
717349
128537
681095
994676
624751
650900
904496
457770
833630
362573
827125
629550
352239
640124
377314
657669
624595
191335
387373
775224
210966
420371
149895
497208
72194
355426
558598
272772
478851
947346
730324
110795
842292
219392
730624
360397
468479
906326
839422
974486
40566
669889
47654
482733
77903
519463
952118
473452
231245
149999
266311
399151
818199
246399
808450
752262
81822
739470
363721
775857
598115
271525
5518
553690
769103
979188
533920
752295
69976
509986
171047
188882
33787
720025
602546
281296
388237
13953
126553
869951
995535
254508
800045
44570
947045
292141
903997
947922
872311
117277
279571
698142
374223
659409
511130
203947
816943
614135
952014
946268
604954
162673
561284
400656
507503
311078
107434
165111
523267
55949
420057
597630
407117
782967
324976
671727
785582
387087
148980
146623
106618
282477
416438
958280
123296
922233
26794
647679
447749
235939
773521
704182
413593
728838
237919
924613
388802
346272
345437
269957
979461
30080
735705
510532
223351
704081
127959
264378
232595
53470
534439
894817
435871
920669
409149
77916
511114
663795
709947
273902
584445
401383
913087
982996
873875
94861
506384
82103
961168
110768
543725
546457
259986
529096
323889
664918
762210
243501
11664
676739
279740
542794
903381
557713
566495
647175
333849
219330
439201
590539
569536
543434
663551
724695
354592
743098
757749
500597
753725
499010
709642
823385
10328
41723
607271
560771
783721
304845
577575
711423
277933
877926
346463
365723
942361
550946
616198
154830
125960
492135
584529
301037
269059
140268
444904
696086
844571
694867
272253
413619
374563
313157
945963
147051
873002
910708
320811
177941
946266
555917
735610
566598
506069
578028
187700
228028
171356
77527
876155
583267
511086
591986
779979
608320
378681
216534
545282
583254
350237
352634
898167
43353
581262
524620
986514
128230
2776
892998
246251
433994
794588
90962
86455
605094
383408
280814
629835
397860
472800
779854
472046
455296
997240
142890
320773
330630
223159
233422
950063
10700
84138
39659
775559
76317
908191
439523
321382
370777
817346
437843
655121
503942
846992
354542
366412
594011
829646
36437
206512
641449
7859
470068
211416
935231
853224
563161
70849
926610
653587
113777
996371
99178
774572
650335
483733
613148
315778
952263
986588
231297
844330
265481
188210
131494
919876
812445
966503
379445
784575
824445
838638
254848
795803
218612
617048
328171
809788
66963
287074
739894
602304
380326
229269
406808
67254
771173
875146
142543
225405
813882
941591
238352
278979
900104
377633
380350
478642
46215
161723
113067
489597
188150
82846
633016
962775
188232
331046
914631
569310
730186
658041
847256
341999
810622
511610
151902
858259
629301
220246
80979
251505
949214
625655
327985
679774
363025
256458
386007
71467
293563
283526
953302
639957
271197
87067
517865
466336
539207
667738
318548
895581
962477
557660
420341
554968
893474
313653
135803
380050
773423
608477
251645
648687
359300
301489
259721
657202
838840
644242
75432
526331
229338
296303
191661
242697
7354
707418
525825
331034
963292
924370
375802
946355
198934
83951
738592
475335
718510
767226
118771
915677
381185
289746
266235
220853
535858
158409
460153
948952
522271
630474
253135
943678
980116
424045
826750
539105
556886
951935
297252
196205
658275
626888
73359
991114
997126
136619
407220
875687
770177
393814
137294
83360
147570
491986
863341
697170
281861
191086
739615
17262
272085
669710
4600
426760
612881
498023
603481
119714
380420
720613
578297
547816
585883
187699
486471
970271
929449
23120
713906
492727
639002
543878
414121
132575
