329875
74697
773136
745841
851864
364781
419198
810119
160071
663741
981486
481117
575561
240016
287059
535341
92521
643878
27404
931733
134114
178851
647743
192694
191295
965130
671358
548198
418821
319287
417170
870681
725372
609315
306777
81202
594436
329172
114154
135978
497131
955733
161435
530408
307911
31809
852573
632926
454979
269851
365516
772
181878
357204
944976
284503
128193
458527
188356
961645
474989
803296
930892
280019
315260
815737
608488
290112
825161
897652
529873
220721
259082
265923
527435
799615
130813
381279
25494
672875
837578
960155
946465
970548
228900
551831
900486
448545
680028
880194
812468
491426
173098
341403
144255
135076
594101
558294
297767
844837
881375
584554
41760
987134
594203
578812
108526
218620
183837
54415
323027
904768
942773
948766
622747
461499
910823
399661
46577
464572
479929
640471
482172
140831
944695
190250
422643
923583
918885
546050
325490
659870
712024
652036
338025
720563
272506
510036
77104
332022
909894
149961
888560
19375
942776
946456
815673
477221
71058
753020
924104
262190
770026
261003
67677
901586
62314
538959
815210
351212
448349
112930
458315
459510
678415
912954
515773
619880
578180
896905
642794
839706
836457
610294
669328
267617
295495
69607
292510
229191
457228
785587
149275
348498
318003
556722
265878
798877
301197
456578
831210
307034
348618
766843
618915
548182
354799
441692
366739
626899
292534
298868
554451
671200
78919
641136
397220
625679
852704
39081
108020
227513
611218
738659
474011
155119
659244
6498
700429
823658
569734
549620
720001
267442
891975
729289
151147
422683
455260
479419
687603
797853
164907
217439
940409
243855
928729
480441
702161
734884
119801
881870
186379
164571
172934
717152
220621
9475
710299
709330
852770
509755
885335
989959
725319
406546
419935
240516
743797
352745
674259
661832
990957
692342
954456
495954
981757
659148
487029
221487
825294
364891
746351
620929
603258
94485
980019
36340
213154
62507
380882
236194
685203
278943
325206
300168
91018
674302
415962
874515
973559
680419
433227
179980
461524
381200
833989
967008
71430
227267
41590
61745
737405
794882
714658
162797
931687
109195
868723
834971
559211
901713
867713
748850
156628
65955
443743
519057
718589
199128
460514
750241
970628
975049
552878
748122
682276
409185
663559
848478
659485
839667
748016
759011
376783
348294
570360
662597
70020
980812
70085
513168
682146
398405
889523
437545
487568
501457
634273
505869
349987
938869
326389
877544
700264
703468
203196
689221
99012
913755
134335
647900
709933
305569
652321
684280
276114
265937
958864
725078
954458
825328
720058
426237
480880
278705
282033
551846
374758
372329
620150
975071
300221
857448
740938
198321
678952
33771
263645
424141
712525
410912
336050
994519
182828
146957
80680
138794
341346
102440
785458
729632
47148
317137
841517
772372
39669
678298
771772
207940
234954
272635
565795
188062
406583
749366
922814
838111
942411
340360
342532
658865
55079
44501
317691
322221
284590
752828
429857
268882
957391
869678
391958
614294
352397
270906
811747
525700
465489
165234
822493
26486
298015
397038
290641
124234
780919
709625
827761
654956
918796
193122
678280
820706
453265
965121
769790
778240
629226
126861
628581
831046
22917
153114
108124
202191
891230
429747
688904
870467
903490
659315
737233
284611
289437
884421
872349
561572
595967
284461
435771
838964
996672
602508
775009
943649
743862
851031
52291
350463
807533
862566
251135
229397
53675
301602
220296
577818
162831
320681
7745
916291
454284
612168
948189
867227
327303
617439
23149
261461
957263
463472
375374
17044
516419
588813
947787
629541
723596
617438
112941
839968
452512
818855
916357
89592
207702
614857
992436
91712
886807
86813
861919
751449
953168
1992
25117
325372
855595
38942
924440
736551
186406
252419
964515
222244
731336
537588
255498
726055
321097
291910
978678
763130
691511
905431
573632
700582
792188
261241
582121
834813
598289
759514
489396
685877
717518
915913
418901
222293
593568
860309
774040
787828
155259
163252
620827
772740
724071
277112
123655
151363
33218
4367
646968
689942
389357
532442
153157
204855
989739
967390
949823
227140
386434
314720
940334
303455
362895
477797
947881
676184
968272
432505
932252
456254
750344
971345
270569
816809
660095
639780
21832
267377
300438
132456
918940
866029
709177
350419
962753
62852
444930
29212
19823
711143
493006
875101
23984
254081
70446
541254
229183
596058
960528
305079
536007
568641
127866
246277
104336
394706
760264
341818
963404
409153
768112
615754
771378
629505
997812
616557
351827
604707
474063
153060
965080
281861
313539
875709
810678
112756
531772
982863
591465
319769
991449
151527
168726
123151
572615
280547
782509
192067
644911
7021
708744
259172
714927
988111
911649
527449
443826
885737
410207
768715
601585
828633
953669
265359
523626
857016
600153
808718
430015
617075
735703
49584
246571
190047
114617
833764
850310
60929
483276
630394
959342
731545
627293
405824
51626
93814
706948
622255
593833
411729
7819
830157
243700
68503
213639
921533
430484
196110
989702
78049
350239
189409
540612
119793
123071
238024
489931
685955
61756
438132
324983
808210
80625
707084
73495
939544
692302
775985
418166
516550
887863
622445
992034
777328
585530
475497
577071
161523
840482
49348
709314
386600
697378
28186
376031
902054
585109
351870
65458
556371
792533
880666
538183
398585
879
534076
183253
267064
166219
186670
233697
90247
697143
293363
528511
40778
956814
369023
57200
643347
747622
336606
782865
675014
419702
146445
153607
889061
865405
485458
29426
766465
172750
667374
81089
40464
513727
226701
751461
390102
410813
672037
845125
682852
774087
554062
201033
191790
709235
667369
243808
493287
627274
941028
353940
111334
35328
396157
602954
30810
115774
26256
627732
200121
766943
185390
664308
655965
318726
112356
543891
666705
264267
927861
851141
966180
645188
117759
446679
862781
512520
793376
967399
720077
696108
111963
647825
223215
531224
576003
16425
154033
349448
7538
886857
639658
351939
430667
466575
274139
330909
206418
191666
100235
915397
677096
508419
522009
917183
899997
254708
537379
624758
660845
655837
574013
961960
325658
714370
273825
706774
484553
463253
993355
735544
76352
97560
61213
659265
679904
477108
530060
964731
201091
794432
627646
238092
168215
58264
700428
228179
627086
349135
793533
825959
176577
774108
910467
553500
87172
858046
17202
29269
197931
610464
328512
557238
586190
742830
730360
318551
895077
354847
998820
314813
450754
176705
312177
503907
709163
467508
384307
478264
767789
499634
251220
599037
503410
398066
473830
195479
212516
525580
763626
432987
721354
401978
282853
535516
544785
548784
483759
439211
279454
445737
624140
317135
558787
566290
571358
181864
790083
580633
229296
148146
174534
66559
933379
97409
712078
869688
388141
673899
634515
14953
40448
637445
463664
237837
734447
294239
515494
52480
345508
343801
275995
955436
2495
168613
280136
245482
588855
728739
5700
652561
437785
846925
721499
176325
542929
536860
172048
677733
730116
863393
938903
646367
263700
729647
289624
491576
422917
621110
479616
819049
952092
977592
498582
602124
620129
377353
102820
939982
460260
208371
532009
743526
427669
648281
344335
307843
158008
911840
916608
861485
334008
458873
128245
336853
590832
499073
231024
141458
27954
473680
926255
856914
646400
251135
642646
56793
181528
578552
256243
317100
568056
455043
461504
490251
654383
807741
687802
428055
270581
449823
601781
477106
791929
31801
196279
317256
851480
784730
865157
580321
503799
472727
256018
183117
206027
415700
16773
689289
581354
524758
580505
807266
848708
976689
916385
803127
853278
639021
427889
758578
660140
684203
813504
201922
970069
123979
879212
12279
786475
918515
590515
295734
549659
370951
328160
107364
631887
725583
837012
29959
624695
274049
946873
953790
179827
358406
345136
302886
380116
65953
801360
125772
458085
507111
147985
340695
192239
464702
4001
640307
948329
324122
519660
653099
427959
867684
101952
534649
41034
962041
422818
284466
730811
529244
770123
417144
605587
827941
19553
645598
267799
358026
966936
811411
791531
652942
955851
301267
470499
832362
225416
226305
384390
825278
294637
932475
940334
141276
976909
336758
170862
206061
991819
670742
289058
604076
903303
74400
226338
135822
448062
727986
104855
724074
268289
982423
754797
166951
546450
839527
465603
83305
517140
378406
728434
987728
32928
66265
208542
128644
710617
26596
714876
398881
806762
395796
643051
365290
356108
857002
106928
571469
202604
730358
899131
494088
900594
117929
547143
541323
764974
341158
734830
107905
53347
463269
678396
31474
109757
706264
525488
731773
87183
797672
23797
858633
664189
103983
336922
904892
775156
157084
898245
165390
781214
243113
240294
64622
481176
725349
608751
485466
836591
647725
692116
386776
42149
100752
661259
233696
904076
253727
828627
871929
749947
370916
316401
657473
599753
549114
909012
868109
877466
387907
649427
87450
843704
27112
527225
761598
25325
665017
358154
101144
336129
84787
178101
169000
118292
145907
523555
506736
889273
111335
771284
553920
929448
391279
637816
838456
173344
414833
489798
645778
251874
929096
842216
883043
92146
442151
692773
298024
871112
380793
82679
986129
17113
707455
695680
501820
987304
564783
734765
489479
887541
592609
113455
218810
634249
47693
128992
693323
244033
127944
448996
49620
250676
99492
918789
776447
700580
784384
604722
460026
940936
944547
300553
138346
468473
362762
546771
704836
49966
464006
585420
192760
409740
590971
325609
912040
356497
673619
258563
145758
256193
491875
308855
321189
344936
943355
246908
309778
762697
848750
143925
557074
46427
259637
638717
726670
746930
31606
732631
720185
979978
208375
461417
518291
757495
691508
631029
742730
743664
958042
824374
485407
270360
629033
840208
651042
83308
125855
776216
96716
469123
883139
755109
940928
950595
897849
308120
121472
932054
614680
148746
405558
506632
460951
1071
511938
929669
218726
965859
458206
134842
430872
160770
238858
838204
366357
637333
500935
705068
412023
188665
610240
198598
11765
449783
393690
763984
641760
177178
880449
213522
565671
355181
750551
30526
559411
529676
552169
185764
424508
321099
782975
806459
94323
223461
370210
153433
596894
388282
856386
857523
106489
184132
433436
945481
261534
215200
784163
735868
470695
54927
204362
995868
839457
139553
892994
351797
922883
53057
833059
106191
789095
859906
668124
664226
506073
812780
205108
161303
626944
651329
721551
453353
766963
924154
455104
294378
817133
736239
923007
487443
380597
216902
571913
814126
370140
950121
962229
26603
91932
320797
446900
837910
936174
76820
352083
325897
32348
796803
714092
470102
971910
889375
689599
483690
209481
385453
259058
736378
275883
656018
686122
560030
793535
137247
594855
472687
269268
552025
528898
605502
152449
739455
741722
87889
476330
33787
535073
266286
420514
285529
621707
109718
386144
942929
996210
123259
817951
514960
34042
910308
648549
104091
758097
810992
273425
297945
485146
606477
982566
480455
476611
479879
161566
177302
442926
290547
783068
309277
670353
303118
346409
412226
195322
751763
936721
900365
115316
387536
137733
798870
832600
848862
272708
921493
432072
314517
735864
759284
92002
434061
423265
213464
904431
333819
95270
689504
591646
757913
145249
382643
442277
667953
352047
556115
613543
682674
580567
837964
113462
159308
171372
436135
702537
719488
852464
836350
14723
760126
483985
742140
581638
691548
282229
244191
488324
597143
33408
661667
260827
98971
108164
95648
743068
172457
169359
647540
829308
48479
509037
37987
660545
635436
789959
78614
971635
291586
817250
584814
192035
850023
703052
926209
555005
932224
69579
729886
101585
857598
333730
298176
56589
809625
805042
875806
51897
181072
480294
244475
158999
282538
559436
328028
664946
137525
756293
696271
130560
903432
917139
690384
824370
424256
569686
218251
398124
126362
127553
165400
631023
336465
145169
298546
34222
891012
163843
663081
777754
202257
765403
310807
290651
302947
421863
512923
68574
609449
636142
120394
967578
809777
714810
455135
730373
344332
904334
119676
528556
691504
876392
902633
80891
729395
569094
866512
873812
218468
747540
388982
590668
932098
92015
733096
43557
532071
28548
186962
383050
955383
734690
152802
692598
360564
457404
866589
512615
554926
349834
407861
673157
204539
831377
148689
683445
158831
294745
280946
97977
367052
19948
671870
642191
231135
894980
444143
26580
644420
181450
553680
374767
107351
790358
820587
739769
366759
94158
616408
54980
397906
539218
107355
925962
114149
646784
425966
400548
879575
127355
419863
844566
92951
877921
768398
746889
133923
468768
645907
304834
961206
684786
742667
542808
564922
788675
794400
378601
962577
482038
456977
647079
508801
760368
603427
697880
974614
222494
195949
504548
251100
369343
954157
117923
603658
203832
653384
717286
139621
424638
870648
364903
109773
66245
346304
98564
461054
135273
636627
430853
432150
779618
760918
170688
311008
109003
573811
716025
196606
308770
38579
675952
768417
230841
255927
841420
556099
358897
291015
418440
398735
454880
166584
707869
119576
662303
173998
845753
295738
534783
317611
303276
853661
275111
723017
139060
295810
315058
286138
861871
775737
789452
266331
458383
809564
895495
948171
154158
469092
568845
291142
269241
399092
766572
159045
283822
68412
824457
76368
339703
342880
452504
550560
898830
918012
748651
289991
670843
564097
60925
498480
9444
12990
138515
388363
450823
819307
674341
609298
217067
310546
366688
140886
828012
229447
396657
679466
164213
454839
955665
807734
154363
876052
55302
144858
562438
239089
79883
635329
697940
366749
252077
797891
139816
912881
606276
120369
644386
525801
801491
642254
901171
921252
889713
784101
323112
949982
286775
5066
155802
184394
560016
620675
311571
185932
254795
282690
664554
537137
715778
612779
411295
311521
329376
182941
300739
570929
221823
540286
446649
563440
933936
232936
199691
7225
906939
944304
759078
63280
163745
138153
63315
848987
611607
733857
591795
227246
890274
976184
576267
265936
640993
677512
217783
61314
616002
755901
373926
554496
884014
640897
103210
248801
990738
858091
375982
957434
895393
662110
159790
380713
952650
330331
86675
783324
928549
725443
324322
292791
625193
213777
514535
913837
17453
346408
132329
216661
570237
598036
519110
692155
175981
698881
496409
149122
58889
105993
431911
325791
729481
53927
637035
6579
964567
833660
430067
2204
177505
4213
618500
279666
356734
219555
462153
380528
724773
51361
382206
550144
792749
673587
604797
169625
353801
458069
528319
406998
367829
602127
40046
76963
180312
354048
536672
751716
377124
332786
197441
977456
609881
972949
573980
468134
956569
670447
273646
768195
362219
233687
354008
164466
694574
396601
424376
536437
12809
669641
229252
413944
792692
577916
369058
92720
447365
109938
625977
242961
925487
853238
554858
140463
315117
165145
315382
51511
365514
679202
663753
635556
776355
507718
406485
791129
423345
366781
892058
548969
586822
201511
121648
23624
652151
570546
447575
185369
783877
209219
135026
273779
61242
250309
687615
203743
576552
405244
897185
50702
438592
737582
594491
399682
833599
110619
670841
189064
757221
594221
455401
530649
137881
94900
602504
758763
636508
186641
762191
229343
762721
80353
583805
674651
624925
874022
209343
776429
48656
472677
875575
81944
676717
678102
996348
84276
262770
363564
334364
885069
500357
966337
815788
578423
576576
582855
932430
616338
534287
693694
13915
758835
62666
368992
901786
214471
934551
529352
206637
685472
5358
890723
241962
346877
323388
10782
327612
638834
716951
636549
874610
349609
335721
489081
943177
478579
19414
195964
557143
807248
266107
364683
16976
778382
606613
325085
959066
53082
105227
841466
938747
698357
930242
590147
909852
670761
85412
373780
913050
405485
832448
651516
212461
35738
629257
214516
931130
64655
765267
419605
356223
717473
34958
328248
972607
823891
114664
402691
290687
687245
541467
455324
635184
868667
940841
921100
83142
605671
189420
301831
638891
69356
984738
75641
299355
794096
614517
463197
644845
275417
330231
672630
788203
159427
60876
278606
56986
438971
803506
97363
306509
629305
270932
807062
827358
356884
634492
622373
830066
572148
20910
744081
156405
796080
61956
882304
814117
807087
889825
964756
587094
755552
40465
387103
475238
524665
483033
244312
765070
209938
490879
446604
550261
582119
293648
323477
163504
46735
588996
790021
817397
133447
471990
522431
403232
27646
489467
830939
370522
505728
827953
618120
8523
836483
832127
775100
330509
578155
595121
998418
577704
855181
284594
757038
596222
832125
182001
43496
558174
905640
905657
437490
995961
182441
477116
632896
153712
335843
875587
454526
70593
712315
453455
860439
171748
54071
438546
619014
489949
422695
732768
766775
489080
682479
917776
132217
488580
345344
735528
478549
789659
375237
66433
556858
651254
111372
129844
68366
900095
173531
558264
40430
946012
269070
240568
305038
561004
784136
455777
132826
711321
575499
33456
934620
769003
875769
554978
504066
436067
445707
903204
234976
920117
664224
812696
693156
461986
46029
620806
178483
160305
915712
920406
472225
306988
139782
906814
796163
913759
97241
604135
107815
377384
99032
29133
654524
509064
271994
118951
405384
790206
897130
903290
859622
86850
933990
68032
657323
777009
623978
963149
479214
127710
209956
767177
303640
369965
546022
848831
758470
167968
307407
631855
320286
500194
14701
380794
519820
428857
249756
621371
40440
938692
598338
746746
556255
820710
694942
328587
267422
324668
645007
39926
224758
932801
428708
758286
570467
202915
425900
946536
452853
862203
841704
268140
914577
9443
538293
305531
368038
974979
545794
752027
453469
534671
69467
652772
388504
646450
230792
806907
389722
108290
387173
608052
377752
952869
64287
519112
522746
27216
621318
688805
334258
83606
677196
438785
861155
144479
525355
860429
669892
756741
294753
223608
383222
567455
440978
219136
331431
8835
214044
342610
263260
179088
901377
474181
64412
633333
846137
634002
773559
7465
730910
364569
378828
894924
303866
456472
363368
885460
797744
814772
893535
561001
643042
226944
539919
799158
67181
53925
306818
735107
976111
874235
529156
2229
330635
58094
142238
303986
231738
692785
466106
217898
59494
804917
80524
778188
320421
910239
937834
835835
892981
32295
45259
756319
584288
249769
670046
380817
884449
628698
135525
571502
768481
298193
29379
863832
346639
454871
346676
7390
734760
243752
604727
830957
510249
407223
608755
177106
304369
178982
503686
208263
133810
533348
820634
450961
870005
163577
971511
137688
217458
436909
217537
725319
19855
887841
304510
645632
809985
724782
581951
566309
559115
215659
57200
876326
941013
700565
459815
162802
120967
343593
991965
562436
957006
66004
132690
736532
309383
30813
293600
927960
270265
224794
629047
959066
751200
740454
335230
361861
69371
308263
17859
440963
209753
712206
646391
528365
350402
238069
681159
177489
414922
10223
21817
816059
437166
473797
119171
827432
484722
72866
388886
616021
982116
645792
246392
645461
346785
601508
474533
22409
166602
733119
783652
885155
215643
882730
564409
130067
989237
965577
148860
542524
212161
238293
213324
477414
851519
269470
351370
592249
465711
747102
819170
70699
603524
465980
421635
835951
810722
201184
710804
365745
350664
547995
232160
575265
912359
755768
853779
398307
482169
807458
61879
736404
203274
418894
418998
72978
814011
232332
568088
446348
154614
949733
732650
918769
960585
87077
532086
935839
989488
755299
767886
346310
650302
833685
737325
452395
92206
992582
565598
756839
666036
733952
543836
547325
695604
402822
712916
247725
948366
875940
388434
398056
286988
483760
886417
579691
889748
129452
603416
594583
92288
554649
588712
147085
33529
687980
396618
682054
59269
19694
877500
601523
608912
794136
995289
347575
365279
880865
962194
368202
785724
493289
708913
456563
177025
249769
34815
862417
333455
599236
422522
741986
299438
458392
327393
186880
194315
823608
870526
750
658112
373136
691405
672787
385922
432205
235418
123997
94588
426300
802461
366685
689334
670308
425017
775937
923750
548099
496892
73491
163945
7019
432006
423216
874194
289221
611925
70845
98782
532020
355626
366470
192281
374700
581836
33912
80578
152657
829645
915640
429708
81561
520990
295213
578908
508165
214263
359164
85547
879111
712383
7632
101437
971367
809118
541865
213899
262296
920039
715459
808783
462701
649979
363411
322633
858606
167845
913270
251968
295234
333288
12714
509246
911462
359639
978260
589510
829122
365733
190451
214941
835990
765465
532702
457729
565986
318626
78203
558143
784521
310250
573419
143969
365174
654166
864815
373581
574890
42072
566063
943019
332321
440152
611202
788240
294949
416117
131799
271955
536113
881886
809243
525075
434041
995035
955417
508735
197656
326814
57090
186175
72125
396364
416946
955642
618230
328581
829318
723960
636912
539252
813507
322718
434974
681844
795865
177405
505140
1741
593290
299658
331608
944949
465107
282944
294969
357320
163948
682055
41822
646594
730839
957744
688070
603262
122611
90682
630139
272254
40727
977206
46197
456210
527440
563495
57163
765980
76
281356
663371
702846
399742
135336
180264
476774
594989
847424
732185
458859
744262
82884
245439
963565
259566
614443
707002
819770
324376
809082
585415
539190
232038
235195
711844
203148
629733
285852
132965
419472
553983
948194
424360
606748
213735
861434
430398
422813
806181
328655
806805
838844
70015
160151
724925
274479
839456
300424
598248
149360
117150
326868
136540
383039
272653
668333
955686
216283
52032
2168
191674
113515
647235
867835
400506
443305
615237
164395
708760
496214
465853
875599
387226
635231
65155
977584
805141
967714
448581
887464
337200
301351
177513
587
918532
722048
213321
992939
513969
650199
342372
938342
188093
451080
391621
607289
291049
935804
847457
931345
498166
382268
835446
280341
332826
540568
141397
363445
857374
574173
601535
158147
2250
972556
312428
387920
993617
933866
798840
286390
521379
307323
629792
214925
507780
60740
986241
421007
381405
934771
66468
683525
195149
749921
970277
313862
29042
83219
227365
570177
335778
61246
886351
523209
959752
199907
740052
927119
15828
907022
416898
281281
675886
353605
431600
541985
867189
846376
992951
393283
827876
44255
490785
57305
914694
265317
865362
97051
253150
743071
856236
767996
763614
461303
826730
238886
961257
158938
335943
826309
573915
910952
629731
876594
862118
757604
403045
893058
864182
107761
168309
810371
300382
761035
881342
342471
634794
103284
193981
244017
175658
54802
373268
60336
417990
638083
380728
883175
839031
175928
484008
308570
780455
263020
134423
119910
803975
149968
11338
574936
871747
766551
315971
232911
553868
520636
224021
850791
831946
852213
259281
237130
691322
110454
764712
710004
384702
7744
948738
511049
14595
710754
799885
807446
546231
488931
819780
1409
714980
685822
119244
703739
273821
572450
866376
493345
757475
281591
826479
348334
948114
713458
821087
537898
617119
656566
871800
804995
832098
640750
773337
584075
485830
696181
577167
329978
279830
88017
187709
77131
625504
143273
879879
621064
836995
675362
449682
614277
561098
491353
254317
268653
935893
674182
24591
290386
133781
408374
172191
128234
923703
759884
912924
761747
761863
270942
881843
22313
884101
587444
901974
762728
479124
301132
807232
982236
546010
261532
279060
642684
235890
167421
887449
57971
689451
916466
53943
643953
281455
442976
35457
375221
485252
145963
818831
110734
762956
870549
37959
304903
407784
66286
117467
654957
526455
482946
740904
433242
683525
95770
432558
556726
860351
675062
848117
15621
989446
476643
432497
392960
211669
767127
57649
357324
901818
979897
921233
204422
26411
78093
265096
705458
403368
450442
596558
621740
842837
21773
312699
775564
724488
747569
463603
29012
288565
235382
942977
987292
960176
206686
215372
923483
667190
36857
145167
873661
166482
456534
332734
649293
693319
329052
836943
625782
774016
365219
558262
678576
869341
200331
551406
340511
6333
661338
619205
390161
633126
42068
520855
95311
580318
563850
950803
933470
249733
694997
61098
738266
914759
946638
218043
430994
651265
129603
688761
267424
309861
103356
333030
520526
41076
511684
122469
315699
964871
252460
229256
934874
465889
76445
448410
376993
547703
846725
804612
343623
218057
982975
554308
208788
80159
765380
216862
470061
906316
838487
113562
667419
29935
719868
862208
164805
88707
609346
377017
48768
572870
354964
574525
895524
278205
407362
827215
733165
286360
807854
499802
911048
844527
149199
55166
142783
976040
190027
752512
983054
573941
744502
519931
577439
798362
884769
886169
297749
965575
225396
119442
718783
172499
868441
873452
978604
458056
784340
778455
432992
76326
916285
433487
261134
230825
37954
753404
424533
337472
90771
584189
387122
820369
471013
992515
223515
817979
249607
474132
323301
12633
774308
549924
74617
137231
156004
800928
939612
300740
510544
332227
156054
942626
474635
191189
974359
944644
410063
325804
256007
36799
123591
942894
206183
701211
491905
232266
101687
913747
8919
743100
462494
161338
929144
804821
204374
698566
305228
878006
640784
331993
705161
410758
340526
929090
561232
878746
10522
955075
835676
711764
153303
123453
46818
534998
478755
614903
393905
848314
342165
831134
499256
141499
503702
882449
98978
980911
601804
314591
189869
404220
623368
780668
930164
500919
443694
630824
742682
208214
477640
599558
767052
701916
842187
487715
530171
893870
434061
295142
168029
385392
443554
953676
102653
33822
596513
431043
553226
453380
91018
874322
514391
186373
11081
647048
535522
254178
628129
333912
813298
829815
599450
450366
147876
292210
196314
73258
946423
541183
198809
636359
194692
582384
569033
98126
272695
614026
967879
102367
96329
99676
2327
501182
195405
973614
491772
913943
424168
867732
774290
748034
106648
881936
567315
791667
183895
32128
222292
430650
431599
113470
96292
262354
876444
734683
922838
207711
30907
157807
12117
796050
781172
682884
499481
499530
709876
15484
988277
57799
184424
236910
466453
962803
280838
310948
474306
664261
67794
606462
2348
544511
223479
297785
601680
607364
925347
494025
980088
300669
117825
886385
920272
875622
532641
851088
697923
541228
385775
831878
811652
432401
539603
28942
337431
788748
381238
659694
419081
345233
71485
146124
996945
408144
254821
717370
350342
182644
488351
216798
901958
856042
5466
443423
109083
111458
98342
830765
232214
859480
462255
461712
993563
983535
686128
481720
235015
255728
451238
209610
474562
532803
688689
348292
958398
669689
516618
114290
21998
908283
743348
835844
800320
241760
270628
416222
715003
821864
534272
445731
6667
233697
636833
368959
824349
412290
853938
798660
198096
395126
275612
595550
446977
263466
303219
912410
692523
159756
272745
39943
913156
566062
441719
647997
541598
77287
593674
187566
592570
538703
237295
547476
523000
879112
639276
432809
275715
219116
609951
821120
55790
139803
593976
156891
653744
751330
581499
839436
166359
384061
136315
68517
178562
161735
554757
760091
228704
568423
320874
60370
458643
106903
421153
629958
29237
613040
114378
615932
389802
922798
605470
435555
383628
816865
782177
161728
562919
38562
539344
896540
687940
991575
132728
651105
670048
780944
176812
636490
834724
481621
302089
705664
441718
731804
83536
537638
591313
272771
756904
918879
968933
336160
658189
88186
388798
769040
60901
535691
470224
842465
398986
183621
26852
287276
689790
432609
287542
869772
385380
877747
159241
629654
680580
814641
713153
824659
625275
854310
82599
408345
556405
942632
335546
528201
983696
176446
416478
850189
791107
990182
537580
554393
6329
336139
260968
184382
253724
792744
759845
68648
797649
786535
881291
236729
775458
571614
262314
482970
662564
917908
843188
430591
688167
565638
275280
708228
69232
218529
532742
517192
543728
414649
933279
39528
846317
704501
579796
811391
533675
717087
368980
849376
686275
478014
453207
835910
547454
929331
221768
158258
15886
190552
470670
480891
896845
458467
695164
59632
20970
476670
940488
155155
744510
717849
656761
397777
257740
890988
669568
963612
723383
836779
3109
551266
982589
657882
434395
579566
486118
70018
804189
378085
789665
936623
872624
682309
564963
669259
425386
385956
603928
787309
221270
849997
361118
705363
967155
806234
867785
314876
861036
580030
606661
916686
17485
216941
367727
227403
697635
707713
668298
220896
719438
438020
488829
357617
23139
729168
461521
864437
804321
60268
553353
207651
640531
653483
551374
384615
859929
771821
453687
677338
571761
794219
864562
742094
765987
91613
410061
36188
866274
456072
16506
167425
835464
608165
436836
261845
172752
662932
556365
857020
368
861019
960810
20439
787323
500953
916026
617983
482145
700547
752422
752770
230234
673854
692090
422070
132532
466362
136748
288374
836017
203216
413121
44390
781598
243030
685158
683938
570366
772810
575219
6505
7208
119495
30542
139881
842841
130550
122486
774821
584659
999810
710987
566528
183155
871108
117001
423763
463743
968729
386119
21766
651521
102834
170027
559792
670260
512325
58013
453878
567540
529482
317879
371724
100189
299596
7557
462051
213933
422058
328354
52264
394040
261571
407774
951796
899294
695145
110984
130904
185219
742952
280734
531457
693985
823481
806400
163969
186633
761295
192674
501349
936538
220791
217060
319117
637907
192413
950640
912483
84022
410613
761456
406711
193176
760718
183741
407834
723980
147466
513093
357455
870019
149811
257902
469686
813579
985875
121818
809689
128785
741045
82109
446852
397042
858864
114832
163987
179749
297543
916802
718057
364417
608288
587211
736719
464799
726657
793951
806763
637258
829551
402125
694789
560590
232995
675395
991704
928018
461069
994215
388847
877516
412717
275648
529155
741713
126139
799362
16934
919654
584307
585056
150331
835348
471485
273220
366837
933167
174200
652708
466161
869447
269492
430391
843209
819828
722902
46793
52016
73049
83548
223047
926409
145105
53984
201567
579364
164119
866075
50450
570671
817684
829157
741742
808621
53094
996533
37200
523699
634349
125122
668726
542263
689513
425888
295598
168313
981326
125623
283836
434126
888271
990329
599640
740945
632836
887300
36364
700294
249554
445852
829404
28725
757147
702125
848509
984433
68784
690196
39671
963409
94756
490836
189145
190378
412428
964492
58429
805089
25936
978268
299387
367212
466152
260194
431276
626
817346
523018
295306
188812
380472
829373
209525
729387
423091
950886
101452
913110
503289
151587
304086
284158
257297
558397
112260
327074
598827
727261
685532
247825
563117
132552
831610
440006
226757
458137
946343
970172
475460
990078
792352
51328
415253
922597
491467
270777
399106
808560
533831
619990
922996
831349
994428
325412
27697
72632
502340
929448
108956
74929
780408
790479
504484
468758
787362
651241
503835
58381
682838
236980
623076
922379
502929
475911
413401
134708
646640
684957
349783
815619
644437
92604
867569
881735
430391
251507
691712
153706
80405
74602
888617
4622
103697
752926
713680
180100
671410
386813
955329
493331
598349
519712
333566
593159
472296
759973
223738
405305
131272
214244
80431
367106
238577
621063
154956
68325
700339
735989
18116
231775
467723
843938
856138
90121
908454
577119
853258
856707
641785
73489
648521
288293
590158
527782
590737
223400
156302
915052
696938
565200
644086
556437
732547
495123
415514
270031
911740
266214
841943
758172
599719
473309
314196
490008
141723
92814
771585
98137
355466
697318
233096
795292
132139
516314
126260
547880
368392
864859
681332
561352
633749
394436
860950
790391
482030
301375
446694
329379
641003
954821
528957
938594
343484
364182
789947
195327
580139
102722
963686
682133
731276
395733
11150
882354
815247
693483
530285
178348
378786
902376
797224
307399
657671
747238
160657
535920
687926
561475
918510
101188
726223
535907
194574
257536
657579
607672
742608
650593
588053
355198
777131
597686
334897
507160
593079
400288
287376
297042
496603
877441
952621
34913
750427
21678
767459
263286
86673
448267
801271
866356
24975
80552
530325
44509
557177
296614
42926
601816
827172
694527
237853
257808
992649
190718
599171
280202
767256
913464
270244
158611
5626
217288
445971
376291
181575
86377
190762
706454
695200
90688
215348
299567
235211
262505
813700
997994
872445
263973
595272
990301
738533
724010
418770
517459
472243
922596
629477
926698
310449
484202
511732
904645
567553
928408
267871
486939
581209
113912
644155
143510
464365
859643
633607
996390
646872
604855
876751
270584
120461
404929
711022
426419
159881
135971
290548
826742
494997
585590
678915
750376
50652
296179
842495
850995
39463
730429
206250
952570
955555
982615
734873
30650
30599
772832
327135
155041
897379
997182
424269
785348
663538
179787
170926
795647
513816
902598
256309
399466
39057
383947
188829
156682
364899
877351
344762
974445
135135
678139
292767
760466
114751
974105
879775
379869
839568
537764
142695
62914
472411
722283
769430
866781
917396
388127
538952
193079
996857
427179
49681
323614
221500
855589
96350
792193
331985
157100
13240
972177
269670
288374
277874
332704
558872
213205
105598
642255
159881
709423
502070
335741
59736
985909
5330
298340
700452
669124
156806
208729
81908
26648
846372
724436
944090
275726
342999
109398
525510
715027
717035
318083
188597
620674
943322
405796
528345
22302
215698
452263
787359
96567
6195
205642
338532
714911
233455
297560
640324
713277
419593
368738
996973
767912
663081
185170
468693
240270
155979
562507
408837
542631
842721
181678
290409
528784
706479
614989
307547
579373
770544
208784
196197
519640
298842
812473
372647
689285
8738
962463
335369
576438
475129
571231
524346
57855
746187
173324
58147
630958
532108
19437
589331
89038
534499
837918
939467
359622
848920
713010
201216
827812
674104
584747
844946
232335
881717
850672
409286
738713
86318
709235
570168
628107
117495
650922
864940
613519
785407
518317
93616
928727
73062
706665
798995
320174
943819
852312
600666
129255
405182
902841
315046
756236
595682
87155
697425
584869
719137
379934
241703
655765
913163
922998
314244
950050
398272
742154
979947
109660
419719
524977
841477
638435
241140
334624
875694
289124
249411
184624
684777
844323
4089
144072
893047
905237
115038
691793
6137
969730
282719
46021
326784
911571
566644
264547
113644
938346
425747
993388
80057
680867
850835
826434
702821
309735
716605
731355
134958
281967
442473
974372
314699
966288
166705
556735
65835
168459
393797
456912
71191
729833
621123
864613
562426
823570
311583
407259
281063
349718
696849
803847
358667
964737
278930
593330
588585
372599
715485
889633
852024
323226
985402
280426
405794
490340
603894
735577
311061
183973
81173
803846
165027
122248
315651
518142
117325
504854
917385
370667
351519
338892
332206
432279
784166
537586
307787
969237
594369
99752
539131
98540
376147
858204
224533
236971
905238
464152
3139
484050
867105
566309
831664
580463
236460
175536
568428
971461
305124
733018
907185
246305
316381
435607
118927
259247
833746
28737
240178
835703
317917
253644
637430
566652
225421
325751
622417
450456
612084
886868
342032
514059
30426
836296
668843
880449
920104
5405
829226
354493
186105
600582
751110
145083
763045
885589
246089
103435
383645
785888
795031
125134
185082
701582
958305
18349
476358
125063
28789
184882
734175
545167
185310
471921
880411
133008
922430
814910
828035
288668
324949
944921
616224
331262
44894
971926
748258
307779
74521
76675
984216
726917
88724
379156
915098
487289
863530
701041
705201
592029
125271
556045
608045
776840
985066
639264
762718
507796
265377
27085
64665
367133
751580
894826
706984
435313
126068
884649
919290
769068
444227
957253
308385
851161
43401
922783
975390
436238
233306
146058
297713
144353
608661
713656
866719
645420
358620
306652
79418
992971
504553
258982
907446
690314
439506
97911
313704
841119
699585
226932
828539
976698
485394
797403
194079
395066
656122
454767
985238
169255
305851
679755
794489
744806
727720
14679
645701
237178
13255
77607
322178
823505
616665
976872
72454
733141
418621
625077
802308
12948
647919
943591
119178
75049
417638
96543
410380
398972
778809
962801
479759
595783
366719
898584
786038
436923
620384
745228
675752
347110
440372
938542
75415
682757
170582
757508
310430
585770
917996
12309
144625
717693
469361
997289
391571
920712
422220
900218
840051
24724
122544
56737
148493
431571
749508
87936
467219
282771
537170
491752
876956
61365
269573
432240
140313
700963
665569
842483
165935
852440
799280
706746
90773
902648
653588
949803
355489
245331
206516
382745
540586
10377
197333
187662
667318
264584
590697
934301
649216
932817
516651
316430
553905
990099
231814
270895
529081
158787
36229
912078
324175
675138
567317
685236
476395
491460
162924
919463
949161
273134
777648
842289
864567
467377
131455
554824
370614
31637
759922
572893
225681
825190
474255
427305
865908
674590
518104
42254
450111
712328
9117
611970
603814
796291
521901
372773
671777
686136
667756
325900
565821
546935
539719
447548
493139
309509
207573
42405
213689
896912
869427
576029
995990
560370
325172
277394
389241
222951
10314
965521
343609
525674
555455
229653
955422
650862
170924
912851
408702
774368
364999
837584
970012
532621
180688
761062
921925
839925
169066
721090
710795
892055
725243
128617
562382
498845
472492
737071
418979
239922
210029
422028
856957
263757
977017
15256
131810
818112
685487
914293
172880
462402
923334
302831
598764
948746
111614
204149
437686
878088
135455
569302
931997
646207
652890
86700
597203
584213
891171
443784
769438
825095
492483
844853
519910
489917
706781
650451
835656
