665157
980301
902928
617950
624213
757354
3879
915817
22279
646240
145119
961220
721889
782391
819510
720903
480159
58784
377075
965327
758170
761791
701003
797679
101546
457283
935428
297329
102211
480437
34430
141780
892190
607279
572922
464342
159046
958739
914102
653281
934584
817856
90355
485091
591631
444273
304533
874585
670049
795659
790450
344075
367618
47402
361674
273049
304638
837472
252563
135652
169058
170162
731006
318348
81703
908128
513992
372239
42667
12495
655921
486626
335483
714738
978020
874866
139522
791612
355771
785937
805780
149472
685033
767575
834444
367808
770642
729797
272966
978825
340266
47588
410889
501863
401026
165798
357067
755328
503144
380989
521322
750886
335591
331270
888515
882847
644339
751048
494060
49433
821371
2797
421681
722566
845434
307870
995376
228127
560662
943285
172299
575449
184918
683444
10202
509189
299973
126064
494511
505320
54069
302394
271608
285273
886720
252606
523011
365878
425700
415158
475542
604029
590499
609722
500534
453853
982314
62354
974265
44071
329274
360263
563494
822048
478497
110403
180929
781316
555819
311103
766993
603297
383019
746822
966463
31533
791574
776534
584196
511672
819458
8529
171483
893767
950799
949523
582570
520291
431420
825469
356867
835848
294670
348734
356274
738339
166272
780619
373867
841101
722961
161597
349050
936710
967702
794572
428560
830297
198771
688874
560702
540465
199481
521140
848730
259810
66706
245739
275032
856126
725004
686794
125819
288641
323357
702589
224725
253646
630054
813025
98673
664760
470061
228871
567907
393864
891975
364885
528583
29972
353688
87425
380150
790625
554684
70311
516357
215928
108332
96540
602069
792021
168374
292489
285318
895545
131636
202222
11234
615161
982121
487046
565256
203954
501787
322770
879291
475570
63205
167400
697489
202510
531918
771236
12696
392025
752143
163102
979462
742150
810517
835304
181042
960913
810783
60817
370267
297194
548269
973693
74595
714600
441002
588167
187055
240942
453870
204900
90419
498811
869139
350729
857113
773824
744703
598919
712062
560235
409269
976757
232080
729936
860614
216612
425625
73838
465315
662924
341173
684212
532405
171728
955301
379157
781379
206178
8978
388475
751739
842783
265264
228402
113487
427503
253217
149364
668157
338154
810677
436223
81392
491027
627843
496516
835963
668527
460418
855377
669283
766879
89054
280431
67404
689405
948091
42952
581716
4943
858094
167432
28044
932179
362044
311402
293245
391768
295295
787131
118201
919672
266831
122830
431852
827615
898778
243193
863127
394368
114714
717800
88104
791146
507719
976090
36319
367506
10491
18664
995826
260590
271004
153362
707074
50553
345404
958525
199011
215590
867135
894064
242976
886932
964723
992547
745660
980338
975521
797422
940885
734010
147205
894365
455599
951049
359895
863755
128833
926352
461533
283326
857043
84984
218980
479040
260444
410318
118863
10067
114467
715341
565403
894127
838851
631045
190518
260191
798106
900368
65448
649462
259974
679624
316249
166378
795639
662850
968502
766121
782497
637017
66909
900717
941529
425171
68556
703721
977085
892155
952518
648429
179289
316304
453145
231345
444179
909545
39645
899766
325983
767628
793998
454894
648950
733863
949041
282508
27526
222853
955143
221585
149288
733818
473382
958834
565489
708084
658688
862954
566675
684008
827603
860609
443180
529804
412782
505978
647656
48261
769743
351061
170863
862954
734616
558318
111066
5043
719020
656799
710109
95943
179316
773038
346626
498311
844170
509521
976469
573160
14638
856164
736654
288367
45246
635683
525160
177327
157702
835771
574175
372894
299880
500232
936327
826625
723507
693863
410103
977983
818470
554981
668363
448306
793488
728082
662819
127898
391919
986070
476643
65115
901985
977859
204977
296653
463600
107327
949803
457178
527158
975294
128982
395957
764970
334435
242725
835976
600056
807060
712525
389244
219851
411562
96951
89634
776381
955588
250943
944168
431147
133856
676244
631328
141648
945608
296784
284520
182576
628950
457237
509608
8901
537363
911125
318554
907353
817
154420
349839
627348
320358
630745
751108
825457
579030
514240
538023
504341
67006
611035
730543
471307
164403
327114
397687
121920
193211
371653
462153
820182
514345
164805
9687
119555
998700
805528
920112
952216
843323
134827
917036
326018
108565
415005
950895
77647
801399
402036
6853
861617
384688
967116
80910
570523
758742
362424
395892
66992
549308
664180
270801
118759
691254
228955
492359
562433
552567
714821
11441
741711
72354
479541
745885
470356
790159
432499
729599
584771
720720
449472
323942
321898
700545
525100
750869
135466
42915
189361
574164
828115
536788
635979
485379
689449
740443
471837
206593
136146
576852
809995
22580
500943
545808
458836
301430
171850
500642
332569
581962
557058
424767
779587
925015
157379
274073
157651
782220
859145
209626
915966
229757
993639
40913
386267
17842
580995
324365
907477
137621
568027
189155
484289
335221
810122
527830
264199
310176
605932
991340
188935
491555
982159
566973
646891
911123
415060
530076
503589
846054
407410
505949
404292
672755
612746
903264
82016
523537
236810
323377
328378
795235
263655
143029
242141
59636
976181
730894
435439
146771
469277
746429
463499
344228
393800
144745
884566
598385
561784
591969
162203
744444
278182
184399
409767
210179
712084
647398
828328
296417
440926
125156
752557
887048
845640
200056
337231
341961
5955
765800
941335
991344
176308
527917
577279
53499
822775
160960
628368
604895
744906
46075
5292
976993
872799
432217
711729
422701
464567
300985
517127
150162
628445
195375
464709
439342
232035
312502
563393
58507
99555
265023
284406
258298
345531
109593
181840
556336
32278
216270
509643
2375
1986
796128
152262
877361
672609
870215
644673
787064
974532
775326
731489
836209
800371
616559
786823
295111
842677
600694
285035
177427
85123
422886
589948
649727
367562
718843
864191
250497
789392
366989
493508
318213
785125
315918
835136
771181
633661
711347
622168
28701
543100
928510
776499
971562
140127
62543
324221
62974
865879
905404
664318
775811
268833
969243
157289
160579
700271
6881
754623
571765
131635
707499
827004
271936
757000
894761
65621
912500
516633
259034
721559
694083
868138
979756
284751
173717
32723
310326
959998
243331
26061
635579
912505
636153
207524
38688
139386
646411
199811
427325
646668
596781
469879
499539
414691
178388
369473
672222
411413
254443
234424
104812
922617
572334
335230
901280
453827
438349
713292
451975
283996
938672
48645
565501
223259
371400
826263
130110
633809
301494
200394
804485
996800
389101
444446
85425
988515
470350
178850
991057
359483
68318
629594
224959
873068
627499
524609
600894
666093
367438
846516
920776
506287
579343
872623
511521
671905
771650
931640
287047
166166
988713
359048
88576
790892
243019
304961
563839
537500
589654
25131
157147
152997
980229
316719
590317
561131
496974
592473
772250
280306
305713
37897
812223
534725
742628
271283
571801
394693
2527
321098
741483
995379
31409
67785
910131
321720
319374
359167
957733
168178
368735
730531
387662
314025
829658
637193
812673
584851
834943
154661
459832
227796
992803
501079
721056
983212
114610
460731
821471
16271
205934
69337
856467
975829
643831
870082
618987
564001
531700
746447
833753
424421
832641
281498
339132
511016
73608
138949
254727
808400
643839
60654
858792
479190
783797
241823
855119
89229
413771
100845
662564
335878
151290
701585
361249
388597
35249
277095
304247
768987
302139
334867
683681
824777
703853
343788
42550
508816
246177
322758
112822
23993
467671
705398
24103
225214
176232
571255
744308
944068
412186
373604
943279
179343
6665
744944
94961
773508
124833
893144
630218
792127
253036
368636
749475
697034
164006
135685
221679
521881
526110
521488
500652
421080
449696
119547
972230
490617
626307
400967
554750
593881
479772
247800
251530
469963
607351
566644
672766
23860
282138
428658
728755
880645
655447
876969
203793
929802
160937
932604
769230
58729
283324
562180
198512
208793
667474
748077
286988
172047
990379
107033
706600
244483
337140
333759
187109
628717
499669
286902
254950
772155
86525
805649
485829
425168
158340
97852
63541
472286
731501
861542
62218
993441
558762
691383
484132
685989
89122
490257
692782
336765
640655
252292
947289
569485
481286
450704
721223
328226
338844
121969
743198
725684
760058
122841
389773
265910
644751
646670
889533
375397
22505
117962
177175
989225
459000
361682
135582
443866
686862
488229
36901
54394
303114
577250
933873
203903
74070
994148
225353
826404
554453
716328
282793
190600
735628
676141
550800
144018
829495
313644
203696
576317
507719
859186
91583
103939
680773
908204
170791
748502
443449
354501
958746
243342
879601
268052
532411
114140
460182
387910
116312
368757
164042
196960
172272
329068
259202
273098
251678
17742
708194
851180
373247
38712
505632
890608
878318
233906
479048
259927
150871
439987
159748
168933
877396
890557
122202
18471
125442
129387
486694
148593
455911
920354
644816
514663
37326
768981
395887
128614
496795
561521
246627
930650
897310
645706
180553
449176
596921
464100
11381
906270
562931
743872
831381
400291
855385
550376
951064
106720
118320
605665
951858
782064
748995
665611
166908
652391
892314
789682
912299
550042
236157
171720
145305
710566
606834
173704
755217
282250
75658
934513
636098
221084
52840
192735
837215
849413
868146
22911
120360
814452
616239
795038
414481
368030
550182
799914
581262
559501
29774
578290
20306
571387
686001
3104
583088
221880
510066
498297
458349
975773
473944
523306
764346
296051
606042
350863
166578
425726
399432
571960
874042
492719
218189
251428
125263
872510
712310
445139
871221
44824
317870
267208
590238
561042
89213
631825
698138
155879
734262
267369
900882
686861
276262
754545
844228
854435
243397
965473
978709
439724
137048
551271
361735
150498
705501
588655
936228
736388
762433
119385
759010
444974
697263
200191
957403
96421
672632
88471
501478
280988
935922
179735
84933
633808
686974
771042
980955
156034
621842
797012
585406
581153
871096
675022
65586
875860
504314
69814
4746
382703
900793
77432
288234
153584
10736
68199
587403
243966
325121
322899
896504
702978
585146
146210
350497
226934
686871
772120
302085
73850
263864
665767
214229
310593
82580
963736
147964
625552
395412
558775
529587
308146
603743
959672
635631
725085
792370
101014
529429
790855
602651
842270
570992
397803
242304
529376
317985
479514
564423
499262
990812
109526
736674
989657
822515
386900
769949
708340
678695
258325
182811
490801
255130
227621
152076
500127
7254
352102
299120
958240
497934
13106
151493
116835
471567
543062
869989
332684
857890
777498
452297
289450
887986
888093
436786
258950
226658
977376
233769
469078
979784
252961
717541
776594
487843
110910
981438
113825
108203
990037
181548
32447
127950
254865
385406
400103
415234
751494
326602
596442
99733
233846
174623
978844
720196
883741
881553
966520
970762
100660
871997
138557
483760
957533
963373
986203
376677
28226
805794
582210
503203
693354
63829
654493
678030
3725
174587
371161
729829
21482
528829
946127
2665
850896
693760
314690
164366
880430
414150
465302
59687
282655
364673
319368
305558
102078
844485
450309
552582
464563
610578
340226
870846
436971
132763
279021
861645
662489
708148
427182
230232
328143
703910
260001
674857
148894
675579
474377
300834
128270
434342
541876
572116
627399
817612
183545
185134
910690
857914
630286
766092
71288
412267
893210
284600
527041
876675
971177
92184
1200
70720
178587
139472
553720
617039
407232
21771
625371
358879
155008
461059
584939
269092
432760
479459
808645
736953
538006
809578
795261
190589
443473
991610
358922
631999
170305
64466
300901
431409
343552
887415
720341
915251
294732
667213
465616
22742
33608
896988
746618
137064
280163
152250
514435
142833
66067
693392
818034
917237
599903
61864
9635
459475
361529
548981
938026
896534
124573
843835
237181
850110
726789
285359
415784
388351
269403
399100
995433
75839
120657
570862
238997
189128
15176
307896
354007
697108
258657
814979
44224
368461
447546
198415
149255
824982
489100
164131
407995
842185
32728
223842
515181
597156
176615
30770
316867
197709
721820
265694
422517
71413
727234
32539
990443
497939
271292
87451
547819
436725
286836
706570
852225
862308
182586
791067
19402
301812
280310
367873
652196
53229
847314
221189
611768
661940
10412
412324
900854
866282
303538
96568
396692
154249
917331
645153
534650
43256
486026
879610
320804
887327
516832
353271
997678
807055
610824
425416
666965
994861
933275
999608
10977
372028
749346
987131
14763
13467
932597
898733
739010
11563
945348
741593
1395
41414
419422
535206
446900
908773
299693
23928
584844
218123
826396
294954
282450
940370
54233
761011
686123
494009
454519
430441
543660
684228
593573
356718
541125
385741
651771
949386
247989
431637
335157
965986
739122
126046
851199
898125
392219
452177
859602
116945
202536
935722
773164
858958
456592
21324
505068
140135
903225
661332
751885
878549
663401
862171
819176
543438
920197
497745
412432
187423
129495
938913
195748
707765
766196
428995
807009
303656
176431
731000
537763
46486
3456
707346
658291
446126
584284
417222
777552
813019
377765
508046
532638
178369
244912
438148
60094
989735
220784
425266
537970
693011
772623
14551
60056
753102
70853
259457
552118
435899
749567
942697
557241
513508
539940
907938
804702
762017
363276
691945
169207
909649
254464
671615
548314
619518
804185
866008
868981
293031
10911
536598
579942
581003
122544
507263
893854
467970
613511
237752
62787
122702
697580
593949
112679
469273
915992
113131
671850
627100
52024
118295
100057
228001
314714
304938
928878
202103
720313
470594
554671
413159
868380
584864
453732
550824
453734
325837
643765
894370
358039
104668
470441
807974
130083
359360
721901
314226
317366
620490
627104
770397
555412
339781
368675
579439
650992
341667
569391
488962
997579
756225
605744
371809
407886
699525
816179
573969
163770
866355
648985
384101
83246
436736
785529
30499
256679
604364
984163
493357
525013
551915
332355
205345
391059
281145
214959
95711
31128
656860
567154
672807
757714
373048
455905
618099
664137
108270
447134
706802
886387
478650
102096
356980
615937
137259
177300
995564
730617
804510
24827
767608
775287
8579
291196
157176
666899
763053
10934
180448
127195
817247
140279
924032
539984
480083
670018
733475
658883
328857
64293
136156
942261
14019
778949
103198
567530
544726
810326
351037
740124
249646
491464
925695
459558
468952
620222
233657
79639
402394
795957
606782
878096
339444
806940
673147
690158
202683
725873
617504
442313
423385
867866
504208
755871
551746
139570
300699
495319
816161
203674
963197
656365
163213
91243
441095
32500
597243
27138
370335
929190
328517
909900
107201
170832
402838
60144
538880
571093
879988
417812
571225
956754
777024
466151
503813
523115
874708
18016
14871
224168
935174
577944
512817
664599
766348
287165
916607
698677
511360
306768
495851
738025
188549
776764
105668
199893
696105
914489
31784
748915
214594
65957
49359
132985
330780
657113
599933
114068
52297
588899
342028
435633
236643
433253
276036
651739
323136
847950
946042
466154
177278
768476
127478
275726
854253
771049
44744
92020
577087
492903
791589
695504
301361
519544
726370
46204
91374
993124
745818
289556
867362
42929
953563
128841
297873
472643
259434
967675
365957
567279
561527
222656
763522
959705
699404
261779
48769
590756
86679
870365
12739
618726
667190
945045
16421
246736
190666
284377
60849
397855
169151
837949
621116
212655
269438
340902
151324
869079
934919
543519
972524
615119
201897
309870
521842
101937
388429
723551
113008
228067
950160
660300
395239
413949
937649
664944
938236
648920
746530
25905
110969
381485
875732
686246
902140
961588
459797
253010
465628
225292
170514
880593
854958
408821
994090
284034
961123
511117
135830
306543
984875
601929
689760
633304
896439
647229
655774
384358
944422
864295
306674
624381
221030
615216
617936
953556
91729
394098
358167
828636
498017
563362
19214
426632
646812
740736
993636
892669
988512
849372
295486
8914
829644
569150
710243
299324
69519
958134
739615
807654
850806
637451
367124
835924
759474
124949
784930
720519
985721
790439
855825
123323
140543
976031
148011
942598
947374
169213
262104
7339
11631
59558
699069
314921
31320
701202
130839
137819
410577
957397
354586
178679
415223
833391
837956
213228
198410
613576
759155
392005
880729
820220
550984
196714
633273
130052
188995
960152
869716
991719
934574
660469
146893
262310
834737
540600
224328
465012
764077
590272
672906
829984
836014
859575
508373
927061
61689
424769
917535
664433
737478
9217
598281
416777
455896
91650
645680
808804
98301
706057
67313
193485
184025
976419
473545
712137
699276
61963
427502
979165
228757
490383
964634
599338
129562
133402
818700
413716
489635
12224
452103
559385
198202
616842
355342
461665
298688
313824
35217
563386
577243
151931
80638
812641
80463
663404
534740
234432
272937
171796
597398
492539
3177
844407
17611
415682
969521
242406
923328
298911
640329
381164
396519
959464
188464
254532
383932
650016
983039
913526
564915
630866
539823
833916
142933
223215
874737
998707
141804
141449
689977
36314
69552
296236
546142
407182
118781
369211
670735
644822
541238
658849
367012
728993
963904
672232
687872
519127
435477
211758
720768
254444
718847
542878
711940
598652
986821
159337
381578
856430
568404
75288
241056
117239
962124
74101
107174
816403
671488
765643
538797
464404
815853
177064
855675
847935
53044
231908
80718
742639
549951
324408
288873
168388
768106
970909
400016
878691
533152
703040
928626
764307
321241
154523
761259
933365
731188
454412
832848
837156
11150
786730
407581
866376
420531
377837
376631
347839
568883
19162
695761
316432
873044
92517
842002
233258
302679
507878
360664
794098
335177
688724
786618
906488
997397
110345
926080
540003
201803
625793
240455
925302
841200
764890
517959
938171
615303
576820
688343
822952
104017
491020
118072
164167
605230
583675
272681
991814
201599
565318
346870
393985
788515
60944
54630
341161
291205
422120
637124
648461
701064
103926
549838
92282
692207
68345
821862
886338
660743
906696
466780
634459
515899
150654
437684
409931
627762
328319
272181
265120
202396
445091
412180
446169
458513
469029
991197
192834
175078
609497
25529
14877
251847
11447
189258
31448
425961
480971
32896
60207
972351
592429
388427
546068
190775
485537
81763
438719
548303
704745
937748
68670
535685
173736
966407
451164
44089
991083
887327
39833
658764
127231
979000
561383
775410
955162
132605
655886
578124
988003
266764
144605
378055
558916
566018
393922
695508
118794
846236
687465
934694
594732
72397
671953
625617
804653
69089
267837
712016
43101
445605
558003
478572
470946
376909
943497
254246
213684
963341
110421
885974
425783
750728
136741
218520
743033
630292
949422
731493
816801
140655
947055
998658
310472
418814
540201
734115
357600
418267
71927
743359
508807
913956
199404
430350
944461
55546
419071
683410
957065
328027
424249
33658
351513
502949
512309
699248
337059
19032
677357
746951
83837
933613
82388
834663
652316
979378
992670
915146
439312
749782
724966
240375
704533
932585
753735
9842
754612
174298
221790
529430
96375
735180
715254
670166
229456
21633
764418
261016
330831
506077
828050
856755
6443
758038
664062
520768
872190
465878
36049
678408
81909
878039
545336
769799
525025
29551
346042
540905
753948
478243
131048
863417
44359
523072
488970
998976
384645
497344
902488
302228
852739
699572
146304
160837
88254
217682
76927
199186
27601
163866
449111
590799
947671
258133
552763
444363
14776
339346
177799
275367
331815
809898
17381
12565
335797
886922
654763
331863
770153
620877
21518
442899
597711
987720
315266
803906
862434
127924
82181
908903
864078
388700
122222
789706
409712
98933
631578
841267
744802
103358
220869
386749
761464
422025
341667
374127
168936
52039
348675
536837
445900
521741
508569
855502
771610
443228
852030
300530
46323
448892
753974
10255
514861
79493
350750
655298
150121
970513
663838
794968
822885
418264
732102
405241
832964
517117
691813
184300
90622
287931
262634
467231
530982
632307
605228
724971
639068
256524
366106
133545
852741
404029
184788
131663
572234
468046
729272
636280
815575
75216
607630
704463
860488
483995
337833
728636
65810
160123
338595
376977
576610
569210
587284
345617
988072
778303
568433
145837
283330
614761
463696
703941
825370
182303
41064
926966
409734
222390
465276
479244
390448
9332
222052
183397
259850
165326
783510
900321
484496
244128
856666
486805
860798
297145
700325
16690
633957
146986
685508
397278
847306
429308
59448
185986
161217
826609
209838
720418
498208
627786
725700
131586
508585
771344
777984
124829
329795
579286
55076
378210
908988
878154
892619
943608
834943
970196
132313
705752
143273
948648
972726
235008
234309
2733
891621
763120
909066
331028
185566
403536
346237
134261
716181
455261
751452
32257
167550
249388
911124
626074
277335
128113
206221
54574
917992
814925
985156
868231
458976
927840
856371
20799
232481
925889
6926
70023
256436
427385
31865
305209
160398
468009
403341
452866
129758
491389
132227
925140
499908
967126
303110
95744
56368
768156
612001
354199
308932
717185
540230
202071
576283
742582
373592
379404
977849
55644
371769
954751
735176
528688
290831
421990
270523
593840
458463
980596
554288
779368
38775
523573
940214
267647
490358
789421
580369
716204
87067
446526
278496
560806
416881
194630
239433
376608
11183
511020
894796
833551
64204
156038
849460
214947
944347
305046
575421
702280
42648
749491
185129
439712
675762
186071
286535
636082
592208
251590
518267
148101
214451
470039
756008
593225
138161
909402
910023
895116
570141
420287
174684
922182
58618
434392
395744
548750
187311
390943
347764
442978
711088
40023
188078
516239
261747
802313
858910
40894
896414
781972
834087
626567
935005
51012
682244
24908
462767
481542
308179
943339
973791
788942
350569
853110
612645
710101
156209
317205
438018
130093
435319
363067
636180
957838
640607
600831
788315
973827
206321
61004
946149
41642
597016
492315
131195
169553
588170
773386
432778
53468
986109
135069
560597
617471
54248
274966
72684
207719
430989
5732
759843
742672
129670
89008
226995
431995
586710
568262
918840
655278
812442
325594
734610
196205
871285
697979
992915
557105
789430
462337
892270
929007
309745
504756
865916
213946
17055
511747
185680
271272
260179
410175
308033
942695
471948
432002
646634
48740
41461
468313
261008
208927
975459
14187
488064
13822
603115
422678
703314
131122
604051
370471
105243
312013
166630
446079
336390
691997
664062
208745
964215
745155
709082
710767
370224
398967
942453
481642
210925
776327
272776
130517
802639
712142
683485
986192
539376
515882
230971
996059
320224
450009
924094
897054
414855
256192
94708
273186
786864
872615
885374
149796
948390
276017
934129
221784
102610
432055
438058
233158
995331
918753
116681
141246
642692
644980
940645
47331
713977
854166
805122
655477
226785
600412
229688
439632
886411
587598
190351
556034
433228
328932
35768
774402
928517
707615
329851
331457
313564
69195
416158
823417
410400
285851
895863
408367
651304
417149
379943
415946
479185
809916
824937
534730
668640
997858
230159
693077
434630
324709
239217
906813
404683
34195
688621
84607
687016
829713
644327
642240
756981
508418
349685
308988
797304
77500
971624
212079
300925
205251
586336
505113
393641
36775
144428
68007
118796
263251
519012
932739
347708
750060
705911
673204
761960
178147
9410
381854
644812
871718
762775
7722
873920
88623
24019
578360
589896
980455
605360
51700
828707
581165
784973
126922
398376
69997
684029
333371
252900
502009
386449
781538
460540
383972
855172
663477
885716
375568
106086
132323
98277
855929
5147
191554
221494
353818
455326
748315
188636
96295
15189
345247
914740
929944
371032
577008
578322
527398
621781
798204
765841
338123
686022
965831
520451
685446
982383
184777
358646
676280
118613
8819
395609
724377
568072
514970
320363
354742
867692
387069
920295
673697
800053
651063
345241
346529
554176
919978
220372
543672
317180
925577
745250
312221
54169
643199
621010
281506
282593
98985
274764
978031
527377
919531
784086
686059
70268
218944
692153
1034
497055
913108
625455
553157
712038
754659
721649
170934
90652
174513
71580
366416
672982
891464
589432
31176
669103
836866
234414
352678
583126
640841
590849
425942
447326
283197
625269
317831
564515
88553
116319
865972
176822
738317
763477
631109
142683
743850
222171
837519
951630
430942
306902
273881
348845
780387
605970
490626
767269
596058
584208
842987
845678
794533
774481
820484
251421
63812
49698
447699
213997
694272
548151
181317
768428
382260
280130
46135
980820
182219
529296
925282
792231
587768
143106
294980
377121
200896
749547
2463
85977
893970
215175
737564
302435
75443
175452
51332
260933
887214
172918
118176
257841
424960
284420
680335
585628
471590
430747
612533
795001
940464
892288
48279
134789
749206
695972
106020
28055
526790
970241
847717
268164
190962
778782
271165
416889
911244
214624
310950
954674
771255
890037
356281
166375
746730
491853
56326
851960
540493
911531
969763
89761
828954
735845
844396
660309
73654
552246
49468
704149
748120
612961
760328
228234
851438
692558
827702
823484
915862
67245
996079
296999
530912
557606
464798
281449
981878
841506
548151
387201
320669
545777
329355
632459
629012
112748
929770
267723
228509
466154
427118
898921
376020
591579
796645
725689
963558
732614
368764
67511
588735
588422
859694
64652
846220
616255
121121
60439
455779
63034
444730
437600
487372
970720
15569
36711
221532
503774
25359
27095
334465
424774
292551
237708
913223
755321
257618
411124
269871
275749
923600
441482
838184
188973
674605
501711
289526
757421
900880
799515
812573
488001
825159
743307
974543
325195
164451
922866
946448
244192
744320
480329
860754
455276
30841
194870
825009
636152
654742
979823
100765
602394
135276
694613
403299
921858
143575
633979
280060
289959
272078
445584
98684
903611
982393
812753
895779
494331
140277
285465
996237
417178
794863
675260
681261
446551
15828
604389
74611
608889
500114
481911
687142
949166
888106
761193
149890
629458
461269
686315
248346
587443
911256
996676
96520
600379
902485
198270
395932
264696
214370
211364
120276
251520
274261
372136
82275
415916
872219
528733
705139
459568
715947
820619
170324
738178
816432
84259
43358
731684
323953
390934
446986
540177
641746
245904
858460
580989
332652
655659
480717
744430
220481
747394
670758
425480
723842
67751
819592
172568
852787
683635
292924
441944
907561
771302
991939
870085
722990
426931
516260
784236
812872
779042
434899
523970
34346
869998
534591
950378
185661
749983
381802
323239
586242
502622
729470
816020
498237
409261
74792
40580
118608
590136
492077
83415
837074
782266
959347
982491
169857
252064
587445
833443
84241
438795
311945
767471
457978
336969
213105
948342
823778
613329
846256
902877
824018
638093
908048
99590
813740
669828
547049
225506
639380
609203
72046
229797
886538
107601
917327
484778
769987
565622
649540
967136
466242
455735
890369
31504
78116
251331
149194
892394
642947
477421
380986
549939
160291
1598
456811
978294
803790
577664
785770
423528
544297
507249
649195
167553
799944
517733
420054
351638
604192
597695
871409
480471
918675
895961
34044
537336
834304
246077
376998
872235
916564
231179
359204
250207
899873
137722
146399
884148
930933
347953
692196
159289
194578
233752
534099
53529
828517
791259
283473
531854
527141
759261
266023
147089
280536
34791
684953
397905
294967
704293
161649
937613
216737
148568
584170
31009
628360
804294
466223
999833
903739
348282
622544
52671
136608
592202
717873
585220
116789
680211
193215
83758
463092
102405
518040
664865
67796
687289
349093
83554
274227
454060
96592
559118
954108
630842
250317
248322
294872
788419
714122
71437
328635
163700
541248
936307
428345
902349
640112
328254
974460
585992
958812
301608
161683
456252
792093
620347
358493
212099
976163
946636
943984
397024
611784
919254
917502
275662
818586
551261
982385
377519
322185
324901
261265
825574
349090
505334
699195
519154
866441
295961
560798
150794
861895
912569
948390
690329
914476
674548
312674
13215
282236
2791
812840
581110
855875
68497
670969
373002
102087
974667
246588
902180
352248
327366
278711
108366
390816
591519
265071
389486
399521
831258
860973
52463
260625
199611
980644
758422
795402
675661
358405
606854
776873
985010
914765
752171
213434
344803
246004
587778
748004
420673
862554
907187
418640
951769
571772
934262
596127
70022
337369
934189
246930
401292
628171
976229
843082
753704
684556
35799
411301
427468
847270
665906
474559
658853
132195
638486
124223
924311
275883
456721
359431
894425
117222
761713
329284
452734
890680
273053
240425
846641
618960
615879
431850
439371
104030
109156
403703
12665
596632
867370
996132
702265
950710
96333
909801
181772
624208
286518
515283
299682
345740
699021
482649
65568
200610
3798
951135
928022
846666
176608
626058
603867
677304
130189
398786
45190
21819
509610
998815
45746
107632
495001
280191
67785
293192
881187
876553
974794
730019
318946
288595
725534
269209
109584
664893
256575
530894
595943
696413
309355
392956
230559
773323
170649
283598
370809
309266
205822
359667
86646
68811
913716
227923
154278
82946
605934
423689
217180
516157
961231
763785
288792
557282
421719
958999
769951
519207
771861
170653
612485
514840
948990
68994
608431
106576
141180
392065
621527
721102
403671
669832
728097
565342
320437
410472
385652
145915
469557
484093
513469
382596
399331
968260
571918
455810
504082
855279
967018
668513
134077
966555
175157
216766
179283
761293
137589
750052
137023
74743
666721
838768
311446
297131
520850
38942
370605
774797
783952
198836
922829
287192
200767
91402
407992
417870
670642
378488
38598
346703
121088
499799
250768
34842
503213
244289
339679
497685
517714
446010
758607
113097
789203
483717
368552
104972
981793
339369
175682
519742
592325
768858
108462
106673
106512
913899
543881
134490
254687
415969
226900
218078
903672
527299
282324
796673
333953
58829
547378
20663
458023
329600
116940
349157
79383
525737
848208
279771
314382
206639
686778
946777
334041
138993
705766
493591
991518
703884
295569
169690
508410
622684
485795
874669
917719
739342
693213
699563
902504
441283
509595
753836
537879
440121
653740
970217
516494
518068
926842
729633
793056
865003
50568
699889
401372
29570
157108
201995
772741
37453
964347
692573
872563
965178
838679
846828
395607
744279
438983
49495
422568
849343
348762
47860
440408
613228
811712
409581
600269
463274
404592
54037
25786
431727
398332
313651
63665
45418
31025
339453
479084
724745
910212
849427
832100
687994
886363
849322
888610
685085
876041
656636
179589
86360
927010
948973
743426
455603
23137
526957
7752
520633
138970
125103
775621
10960
213706
992746
335903
985717
967692
392141
827515
130305
51426
251048
792416
78898
597280
588524
671600
345217
14741
248118
107230
175099
739242
168160
969834
57930
59298
935173
188397
159683
404968
555944
943661
183968
716521
91342
658522
250705
769343
84242
376462
622024
650452
65230
655242
76016
327102
268314
914371
847102
415544
95018
916286
947331
152269
466442
230712
842943
778023
948497
895353
3179
316351
610160
81096
248615
920000
406619
167422
711136
454480
586358
316847
569067
300981
108320
696783
256419
113220
725378
672578
283089
753290
520898
670039
983764
196911
492517
349993
872470
807469
557562
158123
632672
177476
622219
936281
365612
940521
315501
842959
361935
551380
400431
636390
541161
479894
757639
535090
586812
364653
111317
289663
238852
818028
134579
810997
801746
901025
399982
932412
315707
702590
461374
46131
129890
526713
384632
367321
699843
469887
789892
237671
546750
151112
74934
131200
663178
511003
749034
727393
789219
65845
5649
960941
227693
377974
683946
362316
260426
904262
167725
745412
409361
915125
913125
122357
397481
986256
479816
557439
217386
121506
319375
176607
863588
997906
441836
883742
140557
102954
57069
507739
710756
758094
878633
631615
246515
983391
512725
225750
137784
664575
608079
654133
183941
477686
469539
634751
302497
948969
941311
707738
576305
229455
457891
577670
437702
882125
212486
905326
925499
319716
23451
512259
202666
36855
176706
149490
118323
555371
630794
709280
16620
629530
454685
983617
251195
463128
916352
525916
222797
858760
662678
851438
462475
800153
130606
609600
686282
443876
779809
259781
355934
258855
948810
963089
570219
135951
729713
881397
651199
870469
816537
762315
460064
709755
945803
864235
1574
95265
651761
951286
346179
935155
164526
845180
483195
679896
442502
243942
855721
442935
102862
876677
829060
727980
712722
767395
558674
127279
39934
892429
442619
290249
121433
280154
444054
409750
550519
752763
689686
262509
871156
203674
128630
432188
871584
785347
465121
540166
933895
462976
344852
542360
659614
724896
226643
73422
546394
641720
636946
882387
536817
699342
704167
182246
461442
879697
334700
237004
41999
985542
364448
431747
529188
190273
18704
689774
516545
341867
820244
521775
446616
748238
635126
695121
121376
23546
909752
619873
328407
410761
514348
835188
358530
289617
211850
592294
226627
775946
953045
809981
715779
133681
810508
773278
409508
212803
435232
803430
879658
326497
128893
414510
755372
634732
15664
560712
8886
976156
923941
956438
376504
957497
385455
836380
68405
704257
639854
804981
782871
571033
787507
96792
699386
921139
338444
730789
641138
33130
498803
716439
636594
691700
120882
257011
100992
166196
419422
713847
454677
275060
256593
418955
129154
216565
79458
86041
310734
743173
983359
694575
25603
641422
618410
133812
73913
141236
762945
461325
605707
884233
110940
74653
903194
169848
731230
236612
183099
811993
73196
30640
329441
349759
150594
560586
795555
227879
652243
189672
834645
617584
248351
918180
223684
679378
464139
949887
268842
98796
20778
601229
949049
405393
151342
878947
420489
793304
26599
553867
672692
784026
367496
89282
469316
817910
647820
745798
767239
647698
369722
719041
274573
980953
610810
535325
381766
138040
764974
366904
335546
512543
51032
137330
201347
697400
760337
456214
444021
974183
920453
480570
711474
578718
48718
561688
608564
354209
158310
334291
874323
270758
319853
159731
523372
662222
445995
960625
711974
161064
872156
398271
270872
879909
138221
600049
912541
967601
630278
241580
408935
216988
78084
441349
821689
654663
754871
315774
612714
241835
31748
728900
592221
111502
54752
702188
173602
256697
295182
599472
52229
951604
264374
421642
722172
851354
188160
737022
946605
23575
460960
303046
676502
912182
977682
29621
382693
832510
254240
302526
91796
447306
213894
900996
822279
276874
974867
993674
163792
392962
941714
326617
38118
802521
949546
446067
243828
966058
41415
256151
991422
619798
218864
751291
906938
889922
973075
820021
532584
943637
488138
203217
219389
726371
699762
128604
261254
67608
465399
35624
342911
734311
247952
247771
432498
572855
686153
372691
113758
637429
691277
457435
40487
849915
352538
33481
153477
273962
577140
966824
36943
96464
446439
417838
879804
131871
302027
150126
960035
965083
593052
587670
26401
31250
391087
621727
253794
681434
265668
801384
757697
128142
771465
241784
458740
371322
260141
305469
649241
26395
75814
57127
434496
376748
904015
460794
420399
738109
89211
556030
193025
260534
575328
448278
658924
472942
97971
947099
906757
572757
276138
44539
537882
485675
828889
665763
235632
883330
649016
633299
916282
655299
571631
496037
44616
254857
302111
87821
551498
891181
646050
454434
146260
83550
276726
598563
107589
109050
437877
190556
265877
200403
453890
379338
638350
504917
590806
209165
39089
56399
570146
565841
36791
299492
73099
677357
35879
438900
867831
762340
545300
753233
882170
478212
902175
955947
215930
107022
470215
634176
302713
436658
752870
914747
698589
550889
329873
573843
34833
345182
219097
477112
47134
941803
84606
954785
794419
424221
453382
29176
956063
775964
128732
378805
268041
499678
128833
318964
439492
228176
572875
297253
137569
536432
913571
655309
27346
683006
37673
514011
594517
501594
793487
813191
837298
945795
802491
103507
964551
991856
92237
753674
953314
803601
932052
144676
51074
993823
935383
227092
628012
60036
235317
8985
746616
655563
698943
865653
147675
135875
736648
130754
293827
413026
156181
62319
783510
924001
734191
805995
498490
791652
701383
238422
474128
81125
246409
827259
981966
878536
670903
33986
949200
884541
558766
373466
401728
532379
160086
282202
712839
206806
837460
210809
86648
830224
921154
273361
699768
940069
901909
777984
772305
19911
950038
480927
130506
955251
557156
792762
155529
569726
427058
792247
325183
797433
607161
29998
218114
890675
317092
183485
219759
393593
998378
608495
90793
225463
366441
109279
606528
239110
263404
933249
333248
303432
438237
301718
771029
847785
661298
103591
897067
382995
132920
901701
473323
687491
708141
424485
94222
160674
531429
801764
145375
908489
734039
535823
158175
616748
628239
306695
730328
10495
29905
324632
8237
953836
772899
280465
585039
665024
502335
548368
581882
199947
106010
674673
980621
502183
810051
553714
954240
576581
348049
633271
572061
589956
149129
752894
999487
431344
995708
582083
703454
509466
801121
202226
621580
698721
333996
708029
160798
387642
48083
287622
220400
944835
412952
811281
674527
911436
14766
125973
78214
174030
89436
47356
430437
984713
415762
424840
315886
246996
722187
288557
562718
439848
78264
585276
591216
57212
332099
19793
168122
834656
353341
486620
470356
562154
657000
100757
227955
260786
626895
681792
688559
48850
838220
30454
907703
354946
994172
678520
974743
212733
648310
716350
898933
588230
293558
224573
504895
316376
937163
352910
453671
305103
667425
586632
404317
455035
727460
649389
956289
215378
776984
563261
652566
959615
840057
833427
549984
736589
832387
204907
234216
42589
669072
392836
583256
880253
580844
946023
783261
174763
997545
288186
887923
699584
425403
798605
582967
248556
237995
382792
175682
313785
749714
982692
858410
228688
983830
711778
311963
249452
486699
221283
204114
783105
543869
167853
111578
477886
454295
260244
931151
47954
238742
66153
213870
483153
345639
29694
54880
132621
610547
135476
322121
297322
233275
587946
877994
81754
190504
233378
156740
34833
401080
762333
384641
785547
215330
395810
296448
117951
602388
507174
708562
222450
577746
678138
41879
723914
999523
878463
621238
510416
801148
845949
946955
947214
976705
130832
14837
292731
783090
854576
591112
490525
133201
273504
303338
917320
760099
302065
291430
457534
998541
200615
38092
886922
113889
523411
313233
866811
705153
87396
213469
486599
696029
683529
888677
994577
616733
789289
480796
623998
365475
816960
884507
710836
482179
232512
433535
735107
487683
50765
661649
239304
252385
151851
563033
319033
421135
543899
754802
802651
38452
240391
653502
382810
435784
847912
150457
966285
98157
841549
763199
514410
299607
870959
753781
11292
907867
528494
357621
547210
12385
769340
149408
371526
554296
497256
214441
367431
543614
350465
523842
467304
888974
463222
696397
486286
816026
745811
663787
2644
686449
600607
691275
343720
419976
729105
300260
637024
33939
292235
715669
91832
224394
823694
341679
603272
818421
67603
16252
696314
5703
471661
775962
353961
818518
710395
508828
943932
704104
473219
80335
440444
230729
88650
795420
6590
729232
595878
198208
356992
340729
975429
568700
270004
847462
211023
733073
691065
276998
636949
46731
96509
337407
407800
860759
516171
755508
971613
80800
273285
898231
712010
213343
495253
743246
105386
213175
42937
317996
685225
684765
801944
170879
709942
596058
244534
761285
543111
454098
646574
571908
493543
994329
855681
507954
83406
871815
871147
286532
438085
40107
704774
346183
936363
672845
924296
324144
810286
978005
911900
219205
326201
971884
629883
579974
697989
665712
965195
375580
371619
178993
935830
717241
945387
854211
608934
71586
300453
41387
995899
826680
15113
293929
378629
993050
334599
252313
399151
843971
551975
814360
966361
616068
443755
440655
466400
212865
299793
163531
852992
771329
976270
512643
977416
473254
922046
955782
566224
54908
344109
189831
343224
266335
114961
344716
66234
834904
219038
40049
775475
539774
406209
166704
376379
430231
860205
284997
544839
670096
897432
457091
393946
980088
184855
404196
1081
352547
674246
864442
678646
205855
318573
568423
750740
426279
894136
793733
395485
637149
169748
883364
712416
863008
976893
512646
370297
187350
773301
916364
913110
637839
980635
947509
837985
864241
443910
731360
240469
987316
734559
825576
479024
156041
342751
725203
361917
753717
445293
811093
450988
443280
135964
215636
404800
829148
872004
817229
988176
962097
889919
584828
831437
576984
901372
408516
335784
91324
636657
454714
952398
341629
396613
956093
369062
9399
635601
695172
947331
184139
15327
422826
143324
127169
869748
18073
86199
100137
619539
24397
609151
35319
653264
60138
59567
758949
420458
669845
911073
38122
649094
891572
136886
866929
427181
590788
786891
116320
503787
147770
818247
17588
527543
464261
149605
34435
259803
196488
998691
159388
153061
910479
685628
56620
894058
302094
786618
134195
161605
794092
714690
858496
657354
420880
270509
607759
14311
101352
947100
374657
325196
20441
499763
490985
463206
477177
657157
793332
51999
971733
774536
149207
720905
835326
41356
427710
766907
34524
370548
89708
757656
941456
145269
735859
672097
781381
966433
461683
240023
80087
322760
875177
156973
584922
28123
273802
23788
788771
886026
904231
103510
301453
124434
130039
584233
105936
607252
172303
735233
824544
812691
391470
376426
828251
704574
283992
396203
799783
476088
236298
816823
765471
983210
79832
620295
102507
982254
850675
841649
922489
985915
359582
53818
627162
767189
112703
813754
125805
577173
327365
37587
219727
40432
73926
371296
961102
709635
141597
952635
803469
712744
912167
371474
669382
564423
149878
633821
46763
816130
7242
93830
397833
236885
534519
680792
766643
604616
791110
697637
726130
931769
31747
25273
646181
31059
26414
73199
749111
155404
734097
621653
198004
396663
145649
787993
656334
499388
299404
634775
594134
532194
815609
760972
186784
404048
385808
626238
235629
689758
51856
867415
383433
888547
124285
117025
501366
708733
212773
513810
768289
410334
654471
846365
355485
46726
429984
259484
392255
495748
707657
981948
14746
21904
569133
357863
705900
508921
929873
138096
490195
780120
612735
938082
16665
689185
68683
399111
712423
929426
686847
542617
634815
539333
543718
942834
252251
518868
128012
640580
612658
41271
277154
823604
652733
191034
78901
596797
320707
578740
229119
547138
143011
178212
541715
664064
115599
751307
478175
317941
156040
655651
976428
474390
848232
30075
304441
783941
725225
20588
304201
709130
132758
991106
493631
37232
181691
581191
573696
432294
201115
72371
309361
535008
799068
753845
927049
249782
570532
893772
184470
794234
987645
240344
334220
764079
354618
454987
521354
712005
268940
26116
304268
324937
551834
945981
698179
776737
614908
824577
969476
558902
519953
753203
416427
651273
53573
322909
730004
865451
901178
374087
657467
707978
675016
889811
385175
446139
51892
734461
67562
538462
7428
935094
246748
369930
319544
735912
204162
39205
844281
441611
525360
340573
855413
742839
523396
984465
546614
849375
962998
49598
924984
494003
554314
75511
87560
935756
235759
98400
96774
772611
319371
173514
158962
24931
173429
25363
297542
544104
685817
69204
835969
801812
810838
779865
155630
27975
235833
653392
804274
332752
473441
371738
641797
133488
962209
981193
393978
357146
93251
463181
333695
215692
135681
814971
257444
35162
697019
225304
377038
414794
83186
585649
851261
784444
131533
629844
899670
103045
151528
295994
767555
719684
459754
91021
486195
399734
926378
189135
302134
225729
827780
170480
152693
696186
63055
133264
808598
266113
605401
899871
909711
932404
530666
700341
25242
816592
24658
48205
562831
688565
976006
340467
521076
334170
470979
410733
857104
691679
284145
751082
59146
747306
770523
117772
718852
523799
450453
428234
674734
898742
812095
417040
724019
817044
577469
650436
858222
542576
435652
224667
222022
770911
180154
331686
620964
419144
607520
699903
252224
63401
518239
588273
57383
109615
552830
593188
886746
214136
370643
632345
473191
597244
567456
885053
112863
888874
121189
946271
398556
57180
859742
159604
266065
128587
97113
880724
568719
309012
901678
990921
886118
809412
286883
855215
376375
466038
822394
380734
190995
922999
294533
162160
230094
529162
455195
300339
851879
977552
553939
804339
249907
600579
331410
788355
458595
296915
235090
454969
958351
296860
787563
957700
549085
857872
646606
376572
967333
878492
715970
930731
985441
834028
367322
83061
172183
610731
108039
823216
719695
941820
368600
776736
914432
949480
953061
611443
538435
734654
512170
110723
596219
736819
132337
589204
230982
925476
27179
269524
444235
382646
899491
247294
860053
137237
126794
666608
270577
491281
671164
81963
766088
415995
361837
944012
790481
651061
986396
466605
244256
984352
425490
469805
629510
658623
531829
732527
741389
453570
562573
358062
826408
312975
660972
145770
942255
233537
299979
603006
230177
973970
296974
630539
679336
841604
715967
900458
799386
455797
578644
455623
461224
118876
19207
918095
710175
901867
786287
362727
64070
61347
439033
697362
266168
994207
300630
237662
628827
927647
316347
39386
644965
643515
953710
607398
685337
747440
391358
525564
289709
637962
728950
246507
638367
955329
868564
29670
926938
394001
411912
301617
995778
685048
345810
15190
73071
18591
83638
471399
151574
186582
908336
426344
896041
686710
399638
965297
596919
654329
727507
480365
149816
341665
137443
593110
394331
277207
513138
620647
767936
771038
382361
75152
326148
754950
721927
359602
655220
782348
855384
944484
33468
697052
33871
573105
381295
242231
710324
320528
469129
726749
20512
828445
518219
614625
43330
333120
144386
434048
853216
911209
120915
261292
278531
154958
727322
557301
222550
962316
351635
922527
473819
575496
820132
242328
887795
113538
645949
563679
701590
253962
737751
117696
750876
62104
872740
342650
551833
976262
402779
16123
855786
965666
958194
304718
896970
109331
661775
227161
363243
433228
306308
533496
448447
946820
522773
930967
622406
895709
973765
742702
531966
931291
763478
858364
265292
587043
106946
340444
887450
322272
270446
798769
32410
249672
188099
227446
790151
280
752985
247135
797829
625030
834049
304479
514511
3018
784791
464346
513571
313654
538798
297559
520874
543464
501576
527117
584142
215309
287100
140292
115668
380331
895911
168866
549837
562714
105723
999744
322679
603112
541230
72346
288558
590971
281445
883701
226263
15878
360036
331921
303423
109727
311462
556984
680682
447766
147711
81324
86328
369681
624320
744236
274504
436024
165095
828798
999656
316701
314267
537959
938844
601309
310207
658171
710643
104477
904733
707720
579511
513163
227112
348222
992034
989823
445562
552519
732171
260675
130131
682337
104197
173199
737454
644568
477049
425933
521805
763556
556425
704385
79069
246498
459085
350449
487292
572720
370075
477806
235164
753186
63260
861416
394696
391438
634119
223021
184381
252409
888258
513992
11638
179923
854112
508123
891255
444932
293388
307180
548914
358556
58419
251970
259054
746567
700558
480639
383607
129357
506350
720780
685389
547585
357464
150381
68367
989649
401442
708963
956387
738748
103644
372984
311962
29790
520706
38298
742548
15690
792359
290533
931280
267981
898403
266684
335863
599215
829270
250835
367290
928885
635054
144054
591466
435510
329343
910524
269780
667555
802330
513476
104211
362928
438337
247331
480519
528115
343295
959490
362572
586415
71116
61894
971974
283612
688283
584478
511778
247756
210903
578549
909995
504311
702384
696474
171928
173179
611755
318848
518685
346407
38110
737065
518818
221446
342718
812432
830037
882013
825643
28240
643641
966044
956347
845262
957050
583005
272859
223075
105388
553228
542507
6764
336750
85927
992478
275089
494396
603133
91762
265821
480990
652863
502474
55994
937697
224211
270930
330413
211016
507565
533180
174238
250503
956816
893366
345605
158213
31588
348959
75143
264927
18320
720149
85918
563863
989070
942799
276796
145191
853314
975200
532239
86947
5142
24843
398985
181889
564573
449405
476048
446472
893132
134129
251844
854089
862872
284109
907792
629484
100019
162918
875937
326078
340424
479766
204391
756864
754365
887434
579091
700874
450044
812661
253795
588174
923899
380213
885181
52344
355752
386328
727899
54594
534356
338038
672846
237418
481990
345162
285075
793622
142948
765478
634383
578080
546802
297669
604882
317555
203584
606743
303190
799553
463717
969187
528878
431910
110256
461624
297099
93824
140329
715995
925553
906826
124021
916276
414936
504191
985743
62709
730559
768906
829923
687314
996010
172657
794763
769466
524895
255998
856567
367749
443752
157867
257110
269452
812342
147586
651892
608091
296252
978506
872972
986062
734290
512100
439858
234120
285690
576204
575324
613262
242758
660578
680314
820089
882515
579659
52793
761868
641439
932102
495271
134733
778274
36670
489566
903935
888592
881101
618454
16559
459192
887324
495640
611303
26791
780807
88248
636014
186845
213821
842626
159202
563196
285109
601726
707574
93947
310481
960605
974425
213044
488670
326469
266609
5730
711734
557786
346542
123077
501877
476848
623714
63989
646109
18517
579875
38000
995236
616005
650068
13094
921190
796391
810084
893536
546081
189263
264240
910948
961495
731123
302208
385822
652183
668666
208817
56670
192804
327010
103235
608928
93942
360739
55045
916978
449099
792979
839490
934845
63343
983944
2054
733714
324584
482980
214293
190175
302833
751813
452142
494545
880517
169503
496890
191175
869583
96176
49815
503934
716919
374494
375772
104606
580635
187054
167439
353519
552046
856750
361353
755455
989220
706162
713407
275655
270274
995196
502427
994155
495648
78754
202705
374008
410223
889459
776350
242241
33177
91340
939879
874260
233636
516805
881666
651065
612603
331898
464899
665230
63068
874868
347125
667954
995491
990091
819874
820478
890706
202730
492322
900143
210601
640293
853208
861113
50714
998225
78694
225556
738829
251324
435147
616725
683574
118807
202383
722114
34107
650257
442090
435799
465944
585039
180083
986625
11139
408755
192629
246109
855909
343196
56351
662559
907388
4562
448660
305049
792597
275376
306810
845765
46493
967857
267925
610967
131373
866980
236869
860717
848976
690923
673649
327108
369418
626953
172007
495530
202261
44902
559514
687344
773888
677834
722577
811660
901194
193838
196555
456920
564299
669965
954897
669434
794054
523172
442209
946098
414559
905289
380558
733403
497412
485915
207820
252067
1488
501238
733271
806609
945203
529668
25295
882203
342754
831021
144449
300570
854537
704653
870868
751500
316503
512263
202414
401640
927016
262150
883430
822549
313023
733015
313940
992714
130879
577353
24718
532185
870979
349633
827165
817498
509395
162746
231181
67618
497389
961320
41944
970288
756577
863401
508679
47786
963351
984501
287153
86821
940260
340655
835167
800303
533127
790136
191507
242989
422501
544239
840730
352009
628615
451921
487059
692196
988216
81064
70950
700616
298275
461251
852814
650759
589590
271790
50292
678212
867086
514574
870173
309973
431770
507788
196910
59941
570006
153348
475827
559286
325203
399555
729461
550175
928876
238196
571320
573290
760972
771964
763495
175286
891519
322524
431009
11914
889207
200092
248667
863221
648653
737768
476276
310969
842122
199889
449620
47248
343856
519103
39341
29379
554139
123922
482232
653953
723117
143726
112566
805346
841123
919372
61489
978698
838349
411682
430577
287835
79728
126785
856434
313262
735734
885321
541444
161869
469655
42576
225165
92045
536235
996256
950039
327838
952788
319264
721689
889390
218183
352470
195325
166957
138553
742987
699882
640640
920461
168771
48952
302206
121019
290628
662292
139265
120927
202485
1753
605813
540749
122470
416832
284272
904649
928606
134110
622139
688030
138003
524218
488040
547457
239328
327017
853889
583113
995286
27257
422530
356897
505133
651071
585418
774103
997589
18458
377618
331766
77123
524323
990132
910657
175332
571120
935293
894273
896455
327021
147996
575049
938874
998091
859698
505044
75377
692457
779566
486271
355621
996438
897383
304964
541079
564122
215175
250876
348826
454244
266147
989231
573255
566740
235476
293386
764203
289582
150357
726646
328269
356712
634262
714428
461509
745815
239507
177128
283288
172479
503748
871696
398360
417683
557029
558427
474618
431667
362295
270958
135159
461545
793060
281638
116640
575449
866071
866533
894876
414853
156627
80253
412879
329401
843247
911645
772283
817411
101013
426375
197293
245852
114913
469271
190721
569600
289257
604757
830526
851721
813190
698142
91837
332206
335165
928092
243782
154538
464685
106680
542654
136687
70243
620514
397086
728907
208360
36930
424362
376552
240224
715968
738718
312516
483954
37318
147940
20472
3906
181782
813067
566011
915467
152796
379689
954989
821991
979148
379415
995845
18916
777554
993878
179102
879089
340576
485172
672521
274455
708772
95158
146470
491951
811787
965053
517502
160508
98376
627682
620322
805553
73446
651169
235594
327846
267661
289708
858725
94197
238368
233956
801787
684562
742756
99100
766344
785071
179143
424613
950038
988607
72727
794446
137387
20431
429359
845648
761156
411154
377262
699415
236967
607102
607975
758080
825940
706343
311639
308850
113076
275592
778825
276576
306322
949853
207212
232198
179522
484618
233817
952525
964737
280931
412254
476843
19342
308667
340642
135659
812958
555658
986698
539971
555855
986078
723050
676127
646475
808398
358792
295642
227813
160657
298926
360141
527199
977039
740822
899721
634779
490455
583534
663864
492081
100370
651464
289805
711557
989623
190115
345359
380758
507281
70562
21480
67573
323893
282534
732785
713796
596699
565573
222861
39262
481635
247638
546641
694232
417594
406556
887672
152271
446349
442250
822534
312081
571478
93620
334521
53564
777892
287897
5057
386104
852728
224215
483336
989299
93690
344208
711790
567320
282140
184369
620080
639208
826168
227609
765700
634479
758360
397054
57227
185898
365240
72144
621968
91617
40207
370866
269799
380556
651450
45911
578876
338474
31855
643607
920640
904913
178036
785405
775479
597250
569100
183962
374609
690695
522971
233576
369565
472704
579906
827963
713083
624038
712613
397664
887501
8411
24244
650802
419387
858870
366771
992101
578855
635209
520126
236956
401418
296749
842921
568544
974969
766954
831490
860652
82456
453635
641900
498423
908141
555137
637760
873241
947756
699792
373015
20843
210442
67074
170681
72097
172661
647182
20269
36700
865951
426357
931296
450544
538983
566
663162
550237
115512
667220
968978
54839
373014
166534
712342
219355
385646
387604
125854
931046
350957
67322
858002
23060
921517
390734
217984
489518
218545
157645
657313
776175
827264
830137
829366
5668
749980
448814
455267
204673
885550
241631
755615
661722
50580
967880
811550
914588
332334
83288
809682
481587
810831
32537
58023
865374
971499
158203
213661
238624
338475
306587
712399
974457
941603
81447
748379
279199
95424
316306
441184
173594
459561
793520
132513
79576
643921
619850
256860
340636
370354
736681
504564
975869
140742
142239
10991
769952
776610
908372
124459
914863
942527
589462
358650
85054
599950
928474
685531
223655
867747
321310
225060
570048
555841
728340
814979
524852
196518
287408
557638
119513
683973
170338
661363
219070
614024
396097
392132
397951
114537
180006
115995
460131
438107
936729
970742
449297
702105
496431
645577
909227
909927
916392
496672
375527
220159
70655
78552
139271
167660
921277
500329
228785
188891
18385
244602
745263
960371
343389
533480
120003
688486
374929
695742
221359
227746
70817
218669
492279
19836
547659
432121
2840
508913
934130
950678
687514
550964
648350
591281
182830
37621
589303
179951
560686
693766
929817
784167
681995
997719
522809
99392
825621
88675
809046
645845
681389
812091
282143
434730
755154
337764
870146
343549
559074
215984
939426
745992
521346
551625
388924
244662
630509
30583
494427
35204
9760
219999
827882
227023
464804
57253
350184
506893
276221
878131
62
922841
987149
63318
60646
78455
752631
534180
833575
877111
58291
868967
67472
821105
341930
256408
365708
704850
389891
865335
999935
520421
772130
836596
653716
209689
504606
657742
893358
205668
118181
253385
395770
515681
34749
882712
876573
613462
783769
195094
864873
28564
306578
43377
67313
2384
831842
221533
574517
870583
558857
710988
794546
442721
447251
699519
108307
913204
676467
612494
376863
890870
260696
449524
232174
52695
780436
638601
685517
177573
701108
185103
163502
489067
423918
451796
745686
193041
546120
247551
68541
170150
283078
703683
964772
919413
494869
356418
894310
995721
813450
229557
157910
515322
510879
301552
612416
664615
881531
211801
796482
628273
74567
457981
70345
29569
792409
189960
685620
800701
825756
113421
471607
475006
861848
670059
303423
875972
246173
175346
847327
255199
316849
787133
330636
225141
669582
551112
263195
920762
146605
938562
434652
44024
967257
648672
851742
64377
290453
233338
307558
474987
440855
140904
349190
46594
803377
719384
569401
986785
385732
58411
724044
286211
163827
627179
508903
640069
838157
95358
161457
383366
305999
753010
190262
341483
422024
945805
20702
112807
712122
395757
928727
277867
658314
28600
512623
661357
891156
219100
100037
517449
590483
483500
125349
798342
642453
320442
566396
424810
28610
31744
749961
578241
241044
85921
23497
783740
759990
386115
208194
493969
480761
746782
94205
593603
859780
721144
152100
19187
520920
518558
225538
770483
737747
167461
625574
783807
432187
685883
805058
379592
147109
346745
479993
922950
51109
811070
532122
589752
63094
627644
539078
738006
546577
119079
439267
941018
371118
23612
687985
769405
314801
250051
283141
377911
928325
910587
56324
453150
652466
269006
31402
262669
542711
994822
996256
818750
623958
63303
999246
115814
432349
372837
746063
524336
704463
8487
508089
474093
859007
618439
133159
691369
210619
90732
958851
637426
285365
900540
254088
586273
579172
936326
385385
122238
592327
739678
163520
692706
648241
58751
510621
241179
18027
525851
293082
433383
74684
529884
167518
806460
580054
116747
239219
653613
350256
819914
976547
611999
132612
169826
905822
458887
834983
364200
674778
637404
18758
769238
781242
245332
934862
982517
689245
74164
636991
779877
261541
831173
767136
139073
517253
179896
9444
252927
877356
899522
921337
64987
371591
251784
628461
290014
471861
73561
442958
415979
860068
67114
180976
616764
387085
233034
984079
852718
504496
594896
504618
122645
450394
695375
559527
84703
906534
593177
845921
322153
745389
882172
57489
683500
996196
379937
990180
70123
838252
235421
887489
369412
907002
814510
22938
850129
303083
671751
100872
632738
286019
991845
225876
575222
78157
548362
317985
497228
116874
253679
455493
270237
659319
783505
32606
948771
257397
936077
946839
386745
732691
792319
394546
232537
245917
770062
878653
933323
693338
184584
603794
960178
371174
771731
876016
55300
727750
497793
611695
155606
195876
503304
661416
218511
241271
536495
519657
422040
703718
65659
451363
457579
815008
426332
618361
997783
845097
839623
899801
660642
543420
804912
579681
926121
124667
806413
817415
900040
765279
956904
184588
986827
716829
555821
653819
556635
598691
630506
679408
516485
889170
484485
718323
571857
360116
777055
979309
922832
949677
523675
188358
2055
160594
38166
305134
794323
607110
772783
590111
764380
274599
520024
959396
513036
31740
380165
899552
614475
397263
508452
724520
368110
448393
622314
970921
854126
602496
590037
835020
276190
636550
344636
698526
291294
898940
881785
724856
297610
489047
560197
85068
964953
22303
524675
957053
279161
99937
920560
984459
665876
437516
963390
780918
641201
842093
355197
331976
681529
209956
445407
674253
946405
21115
594164
259318
520575
385206
855958
643015
615275
915337
498390
134626
663345
303437
461962
216761
68486
852785
684000
223864
413638
749443
346132
189048
387392
182500
142160
126783
561235
332034
216208
171481
796843
203040
776455
917276
194265
550117
783365
497626
566618
102359
179720
718784
281477
967907
597100
75652
866932
159516
822291
896977
73169
48182
843999
153947
750350
11645
851967
530505
979154
494788
299894
974858
731737
957671
912932
622063
593738
946410
31016
185519
908276
461054
495315
257788
808801
415960
519092
852652
654337
705801
517880
853098
594126
267159
894134
394384
426287
92916
546937
866314
611660
646889
951710
672473
324446
878161
201123
343321
757143
34618
94801
687501
132190
498594
470556
252762
139041
842439
504906
184260
716852
860912
916060
372976
96453
908289
693317
692600
163924
578929
711215
779745
916743
766069
29323
752558
552044
688017
148719
954122
56196
741606
450707
89980
419062
36774
478065
65912
32045
282076
242449
690302
531674
100986
951043
383133
486336
675316
850973
821872
730478
282692
785512
425773
119517
103305
3334
49676
827424
233446
584709
107614
585104
835453
752367
203774
991271
637090
824008
490044
195885
917067
539986
850232
690802
965669
487082
272183
781321
578684
188644
571394
76886
75894
893779
163111
706443
961394
521424
450430
780782
921378
765073
668690
878969
347388
174750
791737
643934
227706
219335
947113
599605
930488
313300
630016
237851
328704
409548
185532
899907
988343
222064
396146
648279
229110
74525
854641
961127
36001
811860
45052
565772
108659
632030
966295
242621
213653
390848
922043
172554
838392
242275
570372
568425
976382
364625
919726
652581
383517
762326
90353
123299
557332
889533
581624
882355
154297
108159
596512
54052
791657
552018
283169
239101
523979
772056
902731
811051
813697
549162
961955
13033
211513
711848
766807
520023
640024
651917
924650
679909
437010
282665
399090
51034
250230
571224
638078
23100
642302
577819
343579
626938
781060
804126
510644
449462
792384
865223
139116
865969
786549
718514
508831
903915
519054
62806
128190
769442
634468
626910
618122
898589
146204
833798
556023
839566
408822
31846
930485
23350
518380
464206
490380
297654
969960
470432
731721
548620
941592
358698
194834
300696
913352
350647
515019
117715
564070
216945
356497
53878
170922
871811
634927
312802
811931
116521
511423
564777
97287
18642
438038
63935
179309
808975
277742
939947
431980
616945
254601
553605
263191
618359
233588
460190
641939
54107
976355
136396
767100
478243
192380
692322
892629
510408
119575
38004
283944
24629
209390
541911
678513
458959
723513
998850
476876
58731
396881
545352
988075
93211
739597
535752
907274
259727
362118
187545
108894
320342
533275
929046
976052
951015
274140
155658
730579
442868
178450
429225
367505
237338
394095
719659
611485
511858
428593
393157
255941
904651
21157
395918
629228
865946
198100
309665
963910
79823
338765
185850
284601
855511
118379
658608
599611
986508
279404
607629
659708
213833
909415
488555
293539
568353
899141
550673
415508
997967
195237
573111
788372
14207
595816
684216
357915
875228
523751
3269
715454
551653
930889
433291
955750
463076
469118
254672
730569
269622
869409
948567
458827
396823
26816
180877
893119
564487
398524
49249
620938
344160
570891
220641
279766
656433
357729
458224
321427
177667
890686
434772
78026
697066
794525
603905
141861
887491
373390
77305
318981
717282
761708
437788
601596
195129
828922
361837
372547
840263
437164
971391
764579
667653
761161
180140
371643
828279
780530
296669
61500
664077
789342
892471
468535
61627
264233
487422
828001
440164
577105
564806
966169
137488
26330
558826
734803
109678
932089
640218
322644
459597
551165
495255
904927
478654
24456
625806
737997
231092
180259
613217
445647
197479
253544
685281
700057
766496
595384
913969
351579
373904
464165
307786
369389
128380
650919
233987
154691
9716
931051
826608
807200
536844
2625
717015
350694
442799
416905
781619
324578
259436
242502
996453
73050
977322
446947
968237
793190
244353
612567
936861
262824
834013
538726
355653
907448
984024
433124
456646
577184
917845
611392
598101
734702
664659
873173
734264
476953
774175
374004
959264
146505
438975
678301
716704
576038
347101
267955
313888
581913
8885
777924
331156
207710
941649
202506
315617
838271
145851
778368
242609
307223
826116
870589
960293
59488
344628
961591
993066
729873
449058
245533
514364
948231
403317
739498
103110
922576
661654
743846
878288
468963
786748
118969
251107
522659
103498
293842
424489
706070
634820
412618
79554
137386
687195
191644
719522
773742
843678
876827
383939
544630
450533
195760
685511
480839
723775
751879
112784
393972
835425
606833
446194
486494
859086
138646
924775
600405
736051
368116
976334
138463
998504
933053
213163
501945
759849
802693
78932
830580
604698
522631
357401
212313
509579
332912
279499
296690
833300
961414
242202
644568
968174
278251
568415
560483
562844
521240
890598
762325
391756
944320
197150
346040
627197
866011
494811
146237
356261
537124
540277
410917
624108
263258
735952
863417
600547
729564
547929
587856
61580
897500
10205
930175
765495
251637
750602
527662
889117
510905
23813
831082
96348
210014
816312
373986
471395
791804
815783
113752
191860
681695
208638
60229
192833
902656
672161
2771
508437
948751
126340
772834
625354
906433
891822
43222
224220
825206
648065
777814
791356
429624
545648
887690
752177
167895
460977
529633
614853
648049
2829
716351
390906
673355
905396
266123
530684
928260
967348
61572
923543
736135
819718
241750
884150
568605
745543
241465
131201
150214
987704
714580
170641
411295
871705
257899
743561
608967
612125
968136
894239
677588
713595
758976
12538
595449
796136
356883
842856
196641
972350
677328
123590
428967
605008
640281
970922
376973
970304
700167
174473
192056
819301
531636
197497
983027
369873
914947
566310
794212
77667
338036
50234
194350
977935
246091
103024
92513
752194
881741
487400
847663
70594
176113
409576
899368
529933
740378
120479
821662
594341
971759
541206
904796
684853
860795
419063
538772
250202
741672
42118
280215
786151
16309
359516
10502
396964
616667
93901
87785
250909
513946
345663
49687
150184
733822
839374
571800
856251
784948
32024
900564
422593
523597
670521
902327
266028
351813
568569
91715
199354
753604
704051
533693
100070
838402
77473
179761
136713
337477
998508
671590
564202
522256
208488
642185
205133
683891
534660
253741
271357
775603
525643
126710
491320
929327
969009
161911
440541
386281
598189
805253
457610
99227
821851
333568
556426
222098
299791
831872
553691
153037
404575
307117
466895
825824
243592
664846
16570
575183
213489
774551
159398
888245
578332
158271
794709
302897
172791
486871
949199
918498
234529
433904
925857
586676
583006
611359
257605
139043
346014
470323
657929
875878
712822
57957
171837
719334
802755
175203
850059
737281
881520
458016
881889
273075
391358
413071
836822
944209
318273
773106
560530
236912
162423
93034
336612
709048
566390
176914
415304
238772
818763
738658
661462
195024
958144
237314
201831
231801
457396
603892
526252
938710
235111
661012
789585
858246
994334
209418
583198
728810
704567
672557
229523
185998
356381
981997
996419
191279
688037
36193
156311
866665
525667
530389
223365
628363
516841
649696
505452
478063
951316
579505
296199
757746
146062
472517
654649
633027
149510
409453
382305
998306
435646
231130
583884
379061
159948
986791
486769
272117
20820
967324
376126
512176
626791
883110
917192
359740
849890
67417
394835
325416
241571
55805
482817
794264
60993
647484
621002
229077
654833
297451
957625
287747
429075
835335
661625
584780
47588
544654
7040
410962
527459
94555
112336
734081
797881
83785
452974
680380
366849
540203
300545
130986
571908
497901
58119
539406
366369
433627
620829
440105
104641
145160
828847
734655
166961
171851
204937
949619
188126
848448
460961
112102
447433
454440
274109
694178
298712
332688
823073
143582
984288
534436
154566
966450
472432
966805
655123
841140
536665
561529
166284
111915
509608
412258
698507
721074
28859
521569
288756
770250
962757
833357
345606
182112
86201
863829
188472
975118
210803
479804
415253
645569
718065
170857
915147
898467
932453
17006
843926
530206
253017
272828
914770
544290
819499
981533
461666
492125
927063
264291
653241
754295
857940
373296
14013
517262
776412
774899
22432
852547
973662
516887
453302
43511
747002
383600
87976
699409
460239
637229
879285
35379
529772
916379
214640
290263
924143
885384
945807
965566
826420
57997
904938
311615
310154
523617
482105
330608
432486
171781
186531
803133
291361
45968
556846
259002
978693
454058
452798
884001
466527
180983
362112
975062
348731
625420
768321
421409
606601
45090
538253
791929
752726
655098
280322
173758
567777
839264
448809
188392
290349
999248
778601
263008
409660
717051
689522
650028
409447
504429
668665
445335
879697
785139
144974
983849
792154
94049
822901
141259
481310
795918
748885
26784
799482
310339
920867
209854
903585
163720
839811
332543
430465
476208
654145
864088
994213
16724
987148
505341
903332
804785
837968
370319
506450
111489
973122
300978
679305
294373
728516
450900
729913
140701
408091
278529
350819
70428
25943
562923
862012
243130
97542
256722
266168
27972
788540
439212
290920
232386
366997
185975
303520
549772
888926
283676
621583
847962
554528
983199
513713
952679
226730
684001
5450
689525
238345
248764
804042
191215
530524
446233
106417
710167
431082
673119
487409
445778
360732
971777
971665
321451
278485
709203
849903
716273
207842
260888
720855
783521
798463
106452
401543
162269
336635
61738
65711
124462
603181
479123
178179
98239
712851
120039
862085
377496
220221
872034
372969
324588
148833
30062
10596
652546
228529
249750
840624
63948
244037
157677
211473
699528
603903
556411
69248
381642
630136
871612
167262
592603
710046
874611
108954
853786
824310
916941
576691
89695
766215
306623
443845
73690
251509
531990
124896
335149
476326
770436
852218
655488
399476
557833
316148
180237
336938
851211
407557
457901
18792
437220
391695
200963
486409
221277
399930
902667
897287
83777
527188
182469
826935
54865
459997
986328
572887
352409
203510
860348
292084
475224
798232
20088
431791
308115
138357
530968
431552
982604
605943
370421
67739
123322
57026
132328
438440
388926
208665
402648
29162
32562
495468
887057
784344
512784
78077
691981
112012
803325
512831
256467
455586
34487
963501
789345
588299
102775
264668
102449
918914
44959
697055
733125
796702
639571
868489
364922
576071
193791
418471
995996
506295
248826
131590
544183
328440
537785
816053
828152
693782
741263
547412
575523
806894
889183
189043
968538
415186
763430
781586
178790
806737
767647
293122
667385
879913
968314
261333
909503
649438
983917
124653
410520
853856
472095
752629
47231
767847
694224
659534
446343
265333
49833
381571
184967
467050
487218
126246
613660
657275
551268
592674
343701
794195
453529
176871
673358
80071
983018
854897
280487
193698
856398
363202
363548
255711
466580
826361
970774
744237
861692
833983
621213
119328
21444
282224
824226
56162
619914
17297
453459
539872
321347
99305
550177
816299
204556
287380
202102
667934
482441
887968
811064
834030
300691
144019
601887
195287
318433
201212
575277
219813
821357
934793
875036
878595
746145
18706
877030
498900
228948
788666
639992
924943
109134
366218
816581
476201
479038
197929
426483
636194
732585
503486
495989
317870
666262
667792
420457
988531
856915
718315
70736
265169
375412
564031
95858
306386
771105
460752
77681
580514
356937
300991
749277
311260
897989
384188
890200
876617
185227
446361
96359
862491
258679
402688
419897
239928
805725
882147
578168
745228
767420
184321
571094
148282
836936
278624
164309
679909
265362
910954
722371
353393
418997
282393
7673
574908
90750
421165
391058
133574
339525
714726
24488
357387
729201
462831
537596
499147
342120
104081
868513
59151
423379
546835
540510
47005
956291
809606
723322
186226
78703
410715
167323
968471
394949
678851
308875
71032
53000
875732
911169
835691
162620
393384
727970
745642
866114
80553
825989
117063
827459
244695
887081
569201
430805
246501
697958
734572
136765
310414
339095
201705
1400
905463
136096
291451
600414
144568
800808
239017
828013
463030
407397
661803
287650
833402
910512
469662
896772
785322
288959
896333
374538
496948
340966
537947
824781
206525
725614
115616
219688
15802
858098
301167
332229
54284
367654
285279
408989
207805
701460
605381
392633
373418
520744
138520
816878
794778
830888
258692
140770
271459
187096
361090
59721
778043
390694
217510
67268
600669
747093
105425
532752
521018
792317
754026
132822
726624
126940
35455
478800
772271
387112
675754
256846
749344
834276
754473
150939
190188
686686
465829
581920
769634
126347
943268
390528
576014
733627
578298
118199
132851
782955
383396
715690
15844
269090
65720
54956
67487
426372
11983
246597
364755
749281
172547
592966
114911
488967
476168
34372
803578
354738
252944
46134
570005
490258
111746
333538
85674
491839
556402
642651
54965
902940
205668
715308
187260
372652
475865
595481
472790
450317
725744
216736
24990
936796
196441
113111
208897
541215
49418
326033
402098
12797
229152
639769
407284
707360
355607
439018
289779
249617
59331
730707
3783
340133
460814
293501
281108
522297
773650
875744
505683
552230
371747
292631
465792
236315
161707
223526
914099
140462
647437
161363
468995
78201
928171
12785
707142
189940
246730
646493
766477
280759
912490
853086
862919
349222
312936
169996
434480
100246
329487
864990
305921
237392
637689
912536
679194
888139
522535
217876
944350
438883
292741
568406
518446
438386
589646
765834
495676
204897
808822
769290
638063
903558
247767
559248
200479
97039
830945
281851
786282
11309
548196
7257
345387
918532
942057
672590
290628
84954
672249
490646
20972
382282
389950
30618
972425
894662
237171
64417
736210
260970
104976
809228
672196
216307
61870
578611
677693
826473
685338
820472
640698
508783
541157
857405
740925
825831
144179
209807
706090
546639
303349
218921
430449
324718
954425
772160
254432
271006
755597
742104
148561
315317
698307
198300
557349
660859
283532
34312
678069
108279
618793
753181
34583
749652
762907
641871
226925
566774
537527
603360
461819
529657
545958
330623
506613
653907
383872
10625
253883
218878
298913
973237
325905
120559
153203
834581
7903
117228
665947
979085
4750
490845
583450
284601
473549
173847
699846
104163
146281
929654
702334
540348
96480
185078
968711
683741
757913
158625
266601
261238
959177
776747
849115
437967
567143
750810
676707
176160
851170
142084
627892
351161
753055
431486
962752
409776
52960
689922
413672
237042
711359
749946
472929
707347
960949
30360
659650
999131
15733
242763
145517
304552
154973
998721
932518
983272
64249
860746
309699
772914
488575
52409
510432
296511
387886
587690
265688
382401
391498
446540
324903
750725
213588
828581
400644
888036
349135
268492
445494
19058
685506
335903
194258
538580
858825
874042
132275
871985
868016
203553
841443
670034
241840
832027
755415
617965
98697
938656
459371
710414
80533
440157
460796
537972
218659
951675
234244
764069
835357
861854
600349
331878
909776
185589
955263
891208
154736
877831
316842
114077
388214
261909
981964
377281
900620
563281
34488
893300
504001
288306
511637
604415
44804
432958
825236
810652
604349
492670
361872
527442
732064
220411
907142
171677
201829
619783
618504
603477
4040
730651
201880
716639
899867
303903
819885
148458
243681
957626
993628
623640
723215
554026
153909
819080
568209
248398
276895
541019
846014
315600
116050
912620
968717
53574
618267
755924
683287
335381
287350
557661
160585
775753
341933
930789
766711
201288
697644
9617
150163
437746
768909
645694
237206
924623
975506
650137
88980
608513
557228
959643
767534
686151
546977
176412
701434
23580
175143
596836
42122
224134
390885
477685
911526
372820
152592
550942
991824
557290
716568
474528
9004
25539
615562
774752
19011
116694
672539
774100
510145
606888
303516
735650
90096
604430
480373
723904
723347
919934
184307
262375
534824
698506
197179
132384
84547
45447
978873
528130
503150
467972
450796
102445
948700
311890
191348
350421
926107
84481
219850
23051
663807
596236
739952
224108
674231
671071
465660
542266
348764
278209
323654
450435
120717
862738
629667
543606
26917
786867
565836
204932
448277
645434
561217
405623
632041
232516
179556
539327
727762
895913
188616
259553
400574
827246
714461
913164
169235
57313
833878
571628
355361
332900
893586
909257
872102
155791
364290
87125
554484
971691
847535
33150
259034
863995
450728
532666
649159
159383
178433
337884
901488
734443
56660
561798
761284
859806
714522
34807
989731
581460
192385
605002
309724
297716
48180
308262
570938
172489
376325
745198
875369
29180
47222
740156
232540
779057
401674
763973
679793
576553
526704
81739
999078
368944
560134
290716
111132
27991
994283
124927
420812
278744
50807
729965
909401
584046
212490
310530
783329
248785
866475
649907
241
587750
406285
863830
115002
148142
57282
766395
150619
120170
237400
409550
680426
955904
303577
795264
548097
126596
743601
794106
728070
519130
500491
283194
703561
756847
640317
791190
287120
879318
594891
150048
358428
836117
123406
104030
716817
588698
62431
964675
542642
657355
606553
85736
176129
212276
882754
891969
789938
497505
881691
934165
832445
751606
584206
882207
943442
13283
509894
545173
284616
473031
596224
782196
305169
41686
346408
874641
816394
445355
873401
573808
893212
73435
130948
398749
354752
157958
71507
29373
154556
631319
300015
770234
322058
898506
560241
324856
828313
40080
773839
667434
964365
450379
361335
635006
568493
457806
752358
714420
962458
360002
509046
307458
798420
391794
226726
233386
954442
523369
324465
885220
642186
773978
616122
53511
105084
323887
934783
628700
70757
204340
395387
562159
879376
792852
899268
310506
93893
975229
715579
973293
502472
104186
606700
684741
350736
94631
132163
42928
851188
969761
965241
955748
291903
91091
144882
212491
992736
755273
683141
982183
215541
771217
671657
132481
377123
474337
910732
510940
919160
790100
470110
759073
387555
13048
427838
786569
195872
152209
765652
994520
947237
837931
359248
750626
788163
257800
638634
656935
870848
233909
371625
841309
93110
932809
383615
849447
952297
908240
919192
325023
451409
982881
655351
850255
180720
161035
622390
452956
686405
302316
48167
341488
680228
393646
384340
527651
720487
359338
866185
906963
97496
136824
62491
258551
969442
895401
96835
61204
558164
786561
807542
310123
313379
121906
394791
578745
171376
36834
381352
631028
571728
179784
970969
669590
728017
319204
856932
619123
112987
776670
325346
865265
946687
444617
632486
180004
104251
742287
921664
410878
216448
475342
909934
811792
787006
150624
388951
660634
78268
949004
282067
206095
237338
509001
742562
266306
408164
551418
234018
411795
929280
276094
894485
650308
247054
368629
151541
165617
404791
206510
486058
431507
944594
941504
447756
11632
812147
27829
429583
573567
372970
114152
743906
160127
488126
544131
699855
935245
361764
449440
787996
112092
944310
827124
278562
43910
780234
358383
320159
703982
261988
729177
589928
133669
170074
730216
721965
713050
936862
55563
168626
690640
142409
336056
345694
476896
543463
743529
192491
155636
518566
660391
996013
932669
582824
91656
449434
74797
918340
399930
38092
597941
976319
747484
329445
601326
307044
563391
807588
668413
539565
186043
691160
98216
583547
223341
566952
312738
175693
566593
68122
831046
458975
73091
366625
727372
238062
146743
895671
896848
188288
288415
221864
299654
867122
266455
987647
467950
776845
283482
53364
300202
481474
28962
400449
605745
279243
566732
543220
439828
782984
211094
440466
929968
364598
202934
804894
205352
96330
570978
941684
54654
807704
643212
289472
669434
65422
692805
192809
186346
12059
917623
894326
161820
694768
10296
785230
572011
175766
827505
92722
78415
423256
693931
768979
911197
566546
962354
937541
209251
51635
236184
943083
132411
829636
878099
781766
749142
779369
800083
21495
82692
786609
782557
474475
105970
23082
588387
603802
821029
571996
133462
883984
978623
327694
263647
11966
643317
515978
797798
164285
458078
211384
405542
52351
841655
131731
338817
544952
100351
775228
584856
721701
153748
85121
923036
886316
495484
900601
755345
823718
562108
798439
912309
326147
117072
12050
984986
139446
156569
653853
214107
766764
360507
603761
943718
467196
104543
453245
761774
612974
869623
778255
379233
661402
998054
341099
651135
622068
747908
845024
838442
660137
926049
822318
809689
100412
211020
901661
944028
343658
395034
417125
607863
44983
31770
600425
490776
438743
448502
713275
860694
981252
815767
767027
160549
371086
833046
830890
830131
786009
728201
880720
316979
127333
933866
117359
146701
68408
254966
478069
500296
247231
530263
901297
699369
844730
342789
759693
980358
909837
617393
271648
572940
342938
900793
154423
837082
99826
176035
966338
254617
528913
493022
613322
480479
240690
470171
284055
94544
629115
799181
434383
408659
684795
195755
575674
142941
879766
215607
344491
25354
585392
172210
91809
961969
529851
470006
712423
929587
915732
715204
303840
791760
872406
655031
689614
861182
333688
435448
9632
540076
337069
121959
440379
22091
711435
548848
474235
697493
512630
699425
48940
547337
213009
486763
997873
810050
702993
178893
164026
245338
440948
333113
775571
692086
897571
510751
398713
87458
129290
837748
886322
336126
238449
74294
565767
965269
28126
710319
91663
924627
61669
431106
345108
939958
510893
648158
643660
281904
876897
4254
179655
341942
297923
673071
770420
937010
916599
421532
670353
514736
269282
560224
400752
301098
665625
829262
698581
810052
918328
195657
126645
996703
376788
157707
396770
16508
501295
224961
11972
816384
427627
629869
593077
854521
931594
57480
406423
460787
821725
560380
823079
801644
787577
612206
30351
922572
726265
847694
220017
997159
574264
917875
926968
404789
218741
405817
998509
112918
57944
784073
118115
897116
664233
82489
553919
714419
268001
157014
709896
55765
818433
184336
590076
221764
828662
354772
537027
45957
376463
314140
4208
904795
336940
233287
491495
747155
115851
278576
785370
117310
104358
915767
951150
416654
302744
15763
405176
585217
167530
231547
311224
456652
837666
58680
886734
859052
258187
208752
788124
723097
526003
395181
306227
813453
771507
243418
402843
222960
95099
129214
22261
952506
981702
736325
617234
139105
77345
191953
356023
561549
369251
637321
259017
643900
610012
559063
51242
511842
284365
108192
437635
981886
868199
403365
382521
289772
561472
315381
145981
155209
636987
531960
635253
514748
839221
989720
176430
884920
808659
433555
752721
574763
263564
88628
275746
318512
84559
466114
627698
427525
158688
794596
124424
321757
109302
693880
2543
243737
987661
657181
619796
529403
904162
808835
232931
63312
238955
994837
238349
884705
34133
312459
29782
988585
289787
712446
964530
186388
395197
335693
41011
876690
884822
658861
253787
251863
503176
115371
162082
224144
467639
299035
657891
746047
271874
963920
208769
480204
414542
31710
324098
812790
138155
866752
685228
708876
3574
375718
798908
681232
886208
504149
508900
566106
47417
538861
976458
502757
982571
745528
504795
65607
995597
32808
195294
203988
565008
327802
731352
906944
110083
599145
51665
338091
839095
144007
475206
963656
841291
534409
892727
671044
165726
246244
18273
400636
642053
157453
970603
660398
222411
46974
361342
287239
26168
811221
872484
60235
188755
131960
874057
481012
575234
772943
444169
109756
341408
11572
643713
146429
344222
550124
724296
400399
18458
896326
549289
559641
166331
849073
172464
659380
294854
882253
48182
824438
57160
510430
899576
597349
564687
482103
615503
753266
722270
297824
791665
953732
782089
163895
346575
280500
112916
785607
112127
349042
623754
656950
927656
788533
742049
990384
173670
549091
740325
897759
530197
914299
768003
454576
423446
876874
732563
691857
243942
868992
849675
121187
564556
863335
347324
770494
328697
275335
749147
966452
275303
717697
144203
646840
263335
663643
588396
942201
220487
533540
795485
584665
365200
860813
231373
954094
184468
295205
346417
587473
786187
433088
44352
263950
104904
688655
785768
37753
561697
483425
742597
233885
207268
745075
600402
281145
624434
236724
649468
77190
829438
133271
780935
592976
206752
194555
273004
598266
906511
386930
837960
770432
869012
26386
476966
617709
197979
207092
159565
745954
294836
370700
747145
52943
840748
592556
821424
675236
93472
754904
252896
778834
689163
146955
249952
844805
310001
257496
620471
566353
273719
112803
163040
754079
677607
117986
721804
764207
34380
437522
153341
77908
935162
787280
256101
383893
305452
255738
342543
264099
829215
49115
967683
688992
84480
768491
247193
873605
516882
407664
912767
711333
993740
115435
196740
648959
294286
557012
70837
103697
183036
984407
987651
245152
131162
711255
347728
350518
166811
482345
953659
587225
941171
620337
991260
522925
748572
489968
779321
507823
225570
540814
387756
135354
425029
385798
536313
709499
519971
517359
318014
567052
778245
80603
785399
174623
713037
325148
134163
992375
145168
810844
365537
56390
375274
699365
145533
506787
991569
754526
339408
658472
289096
782467
136248
74570
300334
492619
618437
18384
132521
545471
503764
931440
823014
116230
260807
172708
879203
956484
335439
61320
340832
950154
991012
434856
126824
841998
665441
851639
688988
805894
246389
938348
360567
728540
829814
259352
513940
128054
947691
720255
532403
5001
15993
729835
958771
594469
934198
96418
825040
651505
358250
893615
750718
499811
720781
960363
600224
146975
943719
516604
987845
838616
357323
903405
950580
141804
623470
821745
277318
197641
574257
55567
266910
468323
458921
380904
208137
975642
77002
573060
728183
863154
175649
287181
540268
856450
376318
100315
233405
386025
197481
350372
414555
856040
770706
284797
728262
298873
640328
448563
776834
482115
906450
553964
364283
136951
253382
622661
561841
589196
60370
918216
488378
841805
676645
40147
864774
599114
372299
135183
866506
713139
709074
127574
824005
958387
946016
208671
275206
226296
350843
339879
531752
39455
299068
17228
662627
934917
620248
747453
624730
931785
58516
72508
620818
157751
736843
932201
428607
741334
126189
120464
694002
797442
128256
881991
535870
377767
819689
702522
601404
894991
384883
686156
242733
84583
866149
662627
682787
219400
387440
222936
258622
233648
749179
514695
330894
998227
97414
621964
322879
179901
997446
763724
921255
92103
120923
291301
924196
481980
669901
283420
881211
270193
51571
577149
668866
383533
707516
773159
17406
508258
855106
528241
785527
396854
252200
88116
276177
722191
379311
435165
85757
333746
798537
607870
46211
211381
451902
92304
310347
284407
526471
115330
313897
359727
381006
66248
211495
940055
446364
160973
947084
704907
698658
20704
153111
892063
209564
386380
429579
993106
192444
934692
444598
636433
316662
868611
781516
984477
794119
58749
287528
819640
559729
955637
781744
825630
570943
6895
217698
272420
303286
944915
547992
92457
279549
556082
364513
180774
777442
864099
209234
444474
927443
448262
863488
703781
888385
76113
154849
87852
183096
564051
287911
300468
283020
933557
49091
145913
750524
960499
711319
703299
642364
563112
651822
839316
438101
969937
953157
91668
746278
578623
123070
605966
673811
589382
247314
414715
221767
835957
91401
847716
732956
413688
104211
272652
362932
307229
157719
819995
685082
607298
912407
213308
384797
27780
996143
629250
160782
331206
51162
983213
787714
305369
193782
886800
594251
955699
444543
684985
847622
206442
923385
904926
645088
933143
590743
394152
215866
635899
659270
131919
134020
11538
221984
620465
386070
677380
997338
729961
133500
708136
439302
447079
951704
42203
615048
326737
871712
978821
108881
574499
248480
185671
656352
600183
748488
355741
951920
340395
956455
679968
101718
571594
737206
176060
156687
259554
586900
787234
851317
951579
980527
659312
741230
68231
246020
591707
139953
214028
378800
317423
781313
517311
580427
217062
513163
950859
450323
672540
464380
455018
474241
330953
719011
306871
7869
133473
839975
730610
305621
120216
859429
132567
229276
264720
34739
92823
312343
387495
633711
73876
655935
941013
301767
473794
35101
423477
934408
595540
945954
355526
973806
620934
959171
260643
5895
729832
694209
359650
76010
624135
590718
172303
803876
219472
647668
538568
590572
857897
773406
843013
603276
706823
653289
329369
781048
23116
698269
657401
489472
160576
823872
300331
993488
403520
456480
607907
742087
974232
13905
707483
656883
279700
368577
695406
164340
529300
833920
289191
495923
191291
816314
275996
708377
625373
280757
404842
798870
950390
173742
511890
789176
46802
415891
772659
828121
159515
49416
537307
893444
249489
45407
510076
932167
563619
422385
625807
856667
944234
418917
753097
506627
397240
475963
150139
704565
839842
235727
788801
571861
30217
757193
596453
812678
784511
777459
75028
191221
312378
247650
71843
897134
126963
462074
888048
737577
715346
637084
558431
421129
327113
564101
887886
400809
694844
877309
404050
116878
845916
520277
569516
383365
637825
704525
118452
349054
128866
131320
979816
73327
791568
819287
531821
851018
335563
881981
846093
181260
745529
223060
847430
502525
436642
214155
805668
808462
533166
894130
324130
862782
636198
25516
433780
629861
452360
211608
751274
567958
410612
598172
858296
633997
771791
319392
400423
627175
329012
420956
394363
625452
903818
327396
985641
730845
504568
476255
407662
802514
182850
273503
395906
436799
627579
624490
836018
278552
262122
427708
712508
753289
816063
406655
906149
367553
855537
461347
815451
44070
682697
210756
67526
652938
730991
122791
887682
830909
757221
225702
577906
43412
939713
202982
556137
691502
60263
938758
844932
686441
35811
245463
743410
441951
589733
331216
592772
985953
435592
972866
17070
432227
881620
300360
509992
231735
833672
404320
757276
919170
135521
662701
346025
501610
202531
872285
756194
411393
49028
820436
799305
622916
16718
230718
443673
803556
977112
611635
319133
252464
710079
500586
188426
661116
462409
346631
436391
938921
108626
344937
892696
264824
566836
760749
185804
541768
561176
589299
384224
370696
233990
438635
847021
944423
943229
739090
458534
734767
128679
611806
790760
299803
794732
110350
58735
804822
68036
119525
126499
538665
