596775
529137
869037
191550
563741
603596
478171
881555
699387
662570
923582
791059
865770
606648
900219
569119
115777
999443
300130
223332
584206
298958
847512
384324
258711
733740
726125
625323
626446
795822
482271
647922
803465
635610
941263
152162
461999
897539
873532
682631
841297
907694
524552
584134
975332
485179
156573
930749
296031
428246
370679
266742
20737
165083
316155
559536
391248
268066
545608
468813
454582
103594
787769
321955
514047
715321
384857
556790
934982
756868
905430
172989
273191
68519
491321
377042
303591
138566
439832
408457
999280
153608
193208
173060
462487
759726
829962
185173
794315
709094
955060
101453
489300
705262
654808
829903
459635
535133
573381
718865
845158
153952
743242
528802
398157
625694
17721
628704
107184
844646
154262
102598
906776
204421
206601
684322
506954
875498
522090
942432
739442
494650
188583
388757
561835
413351
325383
70784
407304
212378
843230
320239
561747
871842
200716
819808
134993
471408
241779
564853
208443
902667
364471
659886
198050
869099
627378
827345
895129
639634
954305
660033
414437
236498
763619
443407
206686
835447
609627
269797
605128
327589
477232
49858
618317
296707
181287
429339
417413
116886
81406
627546
560758
52241
195909
57653
28296
410890
263102
612260
471682
796196
967813
188052
851796
912804
958121
255532
961199
544710
717297
479974
846172
508899
253394
837070
516391
981808
513152
186610
647989
195996
765338
484850
683793
113119
310510
79492
615629
698177
287679
408023
95978
397209
657954
551385
923262
110301
525623
181523
766104
977717
542740
610392
863142
625600
318319
660043
151752
891875
511374
243565
898159
621682
844537
79368
6918
982597
771872
953543
861135
453407
464243
776043
655759
893695
526610
709972
42262
79787
398529
416556
23133
22829
848904
120233
458838
934662
390817
718543
279071
143687
248185
824394
188427
837534
789225
3653
232468
235723
588363
691120
82210
296813
63067
435556
597802
892924
946753
867731
841815
348959
68532
810404
663006
253338
707843
700901
555525
72451
382477
835777
521461
251051
738888
990565
574946
282778
778007
707149
845818
488926
556180
911987
78010
822989
312998
553661
573402
353874
828039
799619
586995
710784
30518
181353
986118
571370
643103
315150
783347
663635
228621
776766
999187
596369
339988
483220
82105
496503
872903
534310
870639
923172
329033
634659
631498
187009
182470
114858
330179
836866
726475
990037
519030
182723
749867
802071
821615
427517
237200
651867
627722
947838
829966
649637
679943
212198
728397
102423
411898
872603
925395
401083
137584
201753
142204
505894
519423
65058
393773
446354
381816
355551
579741
171796
973350
340941
984326
995694
863762
236231
129572
499350
935261
259827
492049
967971
338500
675648
305105
771383
693841
610266
987799
131545
981005
338536
257123
570023
214263
481475
264013
659363
358293
675095
190492
685711
959228
700360
496380
379421
49788
32187
29715
871676
456818
90073
900519
364316
9715
676277
332477
588872
718751
708589
130399
325618
529107
298951
651171
966178
641083
824921
15518
933361
249822
597297
532530
46956
231803
748629
547592
668339
616538
619351
490997
634336
997111
431330
958641
991221
974910
238967
548846
119365
859967
399607
971740
880705
574838
449618
8981
295963
851637
752310
385602
988855
806917
620776
39100
636587
707340
247745
547235
460732
162376
459004
964365
967549
501254
155946
699473
955727
180323
795853
15100
925220
887343
735698
304541
78108
850011
873619
315474
70784
110157
902197
432605
668231
352460
312819
14981
4054
786029
669304
595473
789060
806181
295306
166768
22316
468367
142271
161432
738175
758392
970097
383368
871901
527580
623873
482917
798342
285624
64469
602750
523967
465269
562417
620666
162135
145633
266016
696536
437662
751983
991520
895205
837738
674420
887777
458685
739274
867590
433135
416190
623597
618054
932784
271026
429606
599504
219611
75955
822486
162684
655175
875915
837406
363446
878896
125288
355079
770183
636183
835396
611124
843203
579220
339099
946959
461874
278989
664924
739264
479197
442537
118581
755980
243804
132835
646885
373023
338959
762045
399938
95511
371835
109401
326927
368917
850098
434396
222214
402169
634116
990024
481485
157030
300601
42175
972167
296139
984381
336060
133644
122002
166221
51322
940586
951976
171144
939510
526064
825750
722551
75584
652660
885913
747744
275709
405555
363590
277846
587527
480738
482434
750591
618353
470360
652126
241173
264071
618743
801908
453946
210835
721982
306302
846375
402700
761155
524945
129242
70895
89317
319338
122244
613929
540023
51422
554698
540658
940710
118875
720488
651281
495564
810871
290324
393416
612138
819664
748594
663362
327441
856367
406569
635915
583103
206012
422078
911820
867893
605902
136018
750584
930567
941983
252003
931611
186286
627625
322461
171947
393524
429265
262270
157359
523643
752120
219436
277286
287520
262968
869342
519654
135236
162458
612539
545382
772464
776746
997837
144338
565236
192807
413803
698645
414992
373400
319734
168313
705490
259691
258705
769031
108485
571946
612641
106421
620240
105165
928356
409073
602901
260147
696913
704879
413379
794822
857384
221442
721313
389006
976979
333369
175232
312494
211381
565302
463279
812621
65834
146180
140664
638843
677205
340517
638545
37231
264437
407159
56813
417861
900958
596194
268382
804553
9459
123353
300635
790474
906881
950566
6220
307420
29635
139614
635539
273716
752873
406005
168671
12478
968633
878652
942470
478321
23732
114812
418770
769857
400190
634650
864911
564104
200905
40580
470003
948224
476908
616182
195361
238504
337877
271327
285166
749245
912799
540186
750420
100021
390450
337704
650176
868112
931152
818558
468687
441307
97696
482168
439980
971413
72760
705616
972984
141412
176249
671779
833046
831812
873604
249550
906037
930352
110020
882762
107056
933169
59357
878033
291438
558918
383235
811437
589022
413899
496667
296010
869732
916484
600695
474031
400476
40635
327248
214006
96206
108388
733659
923757
68604
582132
608287
483485
165240
844888
818675
883045
384570
168253
814768
864628
802475
501508
51352
243500
815228
779035
899026
916350
93239
469715
828540
615798
730819
884265
963037
958608
934614
972204
171954
439875
945952
486697
403663
342694
780463
750129
916450
962167
115881
244468
270646
275
143493
466940
349575
350766
550508
85047
539730
580209
320346
346295
323398
815078
148930
201470
224953
8519
726010
132492
84702
391590
655523
300159
233481
822770
278198
436909
191795
364042
631104
772690
203625
778292
689796
126065
774127
223803
885973
739858
878232
840883
793088
126881
868776
617748
24476
507955
274437
594245
925331
161849
702353
210185
350486
743726
46826
750971
245545
72956
243156
17728
339877
685188
759543
901863
987731
882184
482510
60393
58977
522432
255678
859483
581756
101229
142174
451432
175249
577505
950049
503799
813430
786517
283821
568941
559643
610517
633104
442821
40920
326598
204242
12923
281660
269446
321583
594804
233023
865779
486804
659267
56167
896241
465982
337520
548226
176598
238373
979567
979776
946533
927145
357569
424679
820182
602507
798472
766538
280788
151751
65131
527678
96684
400646
89231
577585
823760
514850
619856
365941
926762
535492
834036
78621
174624
740701
624838
895155
555646
242101
352648
881984
661248
591077
506046
154870
809349
131563
887660
608646
984475
617509
776247
368680
931398
838907
151614
897795
950922
665939
843282
382488
545541
723115
305980
350505
62557
909025
731585
157923
605177
447704
864116
974210
489916
416854
688645
593610
253413
332213
117870
507731
482491
732241
991573
786265
676865
763616
851241
957526
496956
478079
291203
839217
689200
80938
364991
474715
253814
720480
810630
778184
66485
585872
38919
867148
913394
257748
817092
308385
568749
231848
442994
377891
542330
132474
96444
212921
758575
283496
452985
392653
540982
559548
955767
207471
637002
222223
960918
402296
123439
481599
263783
814265
797003
625057
330085
349194
483271
228718
302126
958034
54305
631863
490508
272359
735703
729750
518143
297351
5928
603643
739435
713061
791794
199239
607269
71135
906403
511080
643470
311800
182971
12806
808290
100726
203998
433379
667854
344893
694129
27803
120330
162391
874197
470085
223332
496069
203068
838338
985935
997055
451881
862785
898400
344556
393548
612712
806739
436401
612272
823010
736598
533976
526473
490599
4003
311338
954165
988800
329830
706365
237106
364055
557783
341595
781579
919308
471020
794807
41836
988925
979466
74284
321542
340744
341544
24473
614296
742851
655794
999787
745923
528558
385872
543349
316314
941558
63923
103736
778366
557329
466939
3979
930838
759197
865000
385979
694890
243598
901364
10484
838940
163595
786059
967581
731199
93751
660677
428228
81838
710939
676810
795773
749224
290020
280623
696117
918975
984425
162497
970453
347248
197946
320890
220951
205955
343651
718679
278257
321299
355230
259335
858512
446438
990773
16855
965693
700070
988736
664121
181845
932445
352941
655527
501883
951596
37848
331583
269274
227688
221897
311759
746113
991638
961559
900175
912813
989820
793169
124322
30818
293638
644025
574091
525693
225124
809198
559650
445602
468966
243378
907478
432909
56131
198079
386526
538745
784062
644393
433957
935399
472420
914461
213514
264965
983162
175565
994816
141135
54415
636620
364383
911479
524673
568779
364723
193383
410506
2814
490456
738991
675836
58988
889348
918950
976999
232450
328821
58822
756895
849096
985367
868236
594848
601678
140244
143548
214513
174208
470138
811921
495255
329192
995219
294723
679963
314924
336302
911634
921551
988276
675791
913700
799422
529290
518422
953497
287900
134012
816612
935321
426487
404402
319880
455916
559150
945598
74397
254945
78731
768997
237990
856463
895931
3302
431033
281723
574569
233628
802057
418170
718625
111675
430851
542784
624639
810375
798597
722516
962222
656339
805556
845838
972045
469253
990604
323641
526368
593156
229820
918922
610760
918759
877027
623847
89592
6055
128842
435650
423938
31116
708188
226212
536526
768027
83457
866286
140492
377652
799216
386708
782858
947747
402228
349951
406932
877512
154593
455074
645963
64255
914026
158721
72060
644439
918129
628720
180573
709516
387050
176471
197437
179003
741799
496658
412951
719165
120472
955312
662205
164068
571596
137193
346325
847614
673068
917092
112565
428348
300657
151774
76851
994909
184046
563691
285449
587948
927909
185094
499222
593757
922931
945783
329806
240533
1674
959066
970323
840866
910470
739057
739861
670873
186391
981026
205058
53114
827665
301656
569822
637256
221049
309817
481670
549621
123081
486114
689421
336729
960966
434543
854287
402308
653355
611054
60080
700115
157916
611002
705813
13989
434374
167916
999850
733526
574830
474044
704449
413434
314101
452758
777475
784073
211103
480640
431558
375859
813248
533084
980149
550462
6545
899150
709486
627797
631455
189130
86795
781951
472684
629124
196072
998939
609379
838278
179982
342586
329916
597295
735069
948514
549147
853835
520545
374684
401053
470425
808381
531975
655074
331580
233332
372398
27956
613109
280041
566434
973907
926832
695108
495512
596264
515756
689252
372618
903834
227998
832527
895436
304275
354363
233456
847380
605419
962002
207569
874233
514954
182037
10398
841868
919951
93829
547276
340048
50520
731629
421431
890164
988098
419318
446607
131641
378686
145163
467808
123225
939285
600923
423417
214064
826299
626054
309591
832054
438285
206124
46133
455579
421554
590596
175266
883191
878460
472204
111197
244316
443219
852378
631474
481367
262933
472121
554260
551844
856090
562130
556830
915680
588549
388538
572029
63990
500219
291399
502519
706730
382508
530905
976163
483391
77759
109299
43873
67288
357536
937253
450141
977165
663425
509517
172712
646828
721575
307274
452004
503448
17696
837217
475734
562898
438946
294663
762826
517368
666674
997450
694299
301704
770008
248597
866586
7927
735976
609370
621426
809696
446912
373661
578588
778012
355227
544613
495782
255718
959961
897074
796897
564087
467988
735116
656054
920946
891864
137265
618068
407075
723742
971868
155233
530120
292841
592399
625273
394762
803567
522327
194651
807762
183997
423709
859402
956877
729696
121886
103942
70018
629547
745016
588932
686961
549194
917052
338951
871509
964437
994061
997680
920469
864455
918853
701147
839530
202960
86874
665653
557575
980509
209294
60110
498357
818128
867893
613771
543295
97084
608559
38772
118632
946952
1271
20774
203419
700525
864949
312846
848944
566677
272161
522475
65577
886819
157169
537983
52001
23209
941202
341752
639484
65537
22069
105522
717181
607196
351517
971700
772265
753304
148789
917613
978697
138679
494572
300272
689837
352199
124014
857358
397885
398499
436311
65558
183110
957577
428480
89787
895739
450804
70417
842712
546986
779392
529943
292752
195683
930864
889171
103510
179585
900740
879547
165313
580204
20637
715665
413898
722659
493721
638975
873406
228592
218731
845232
457757
673274
450404
901152
293326
729340
398172
639563
330995
44905
293021
920381
273826
797020
196149
500792
210722
323626
652215
890936
690349
546293
335731
415937
148974
132555
901212
41345
708919
39503
787560
57852
811603
358865
13712
263160
243154
724553
370986
639530
944205
508848
7524
744099
659497
104013
198957
314991
930249
111285
377631
563135
535943
861070
915727
149328
495125
714715
936674
283091
402552
476658
137477
451961
475478
290004
169939
390476
497030
762476
412402
760488
772605
375965
448322
614642
956820
787272
674329
11464
887312
596862
534859
188880
527826
185280
912504
255909
812788
918019
726433
738328
270431
495341
571866
852099
605502
302260
948166
504923
757734
649763
276769
23154
213296
825294
391882
1350
657898
640631
320504
331881
587238
146513
318056
829573
2413
443577
241115
526682
639227
745859
616340
323269
454014
892858
164011
715213
397429
752790
887770
167349
563295
524648
856650
295688
66830
884157
7603
867538
935592
314440
396968
662435
673582
489262
228660
158056
719178
34934
576940
289071
997213
290378
174315
668711
711821
701163
490979
575140
785639
549811
241483
758340
802001
866796
680971
664754
407542
676887
495024
675087
936145
706327
828512
856520
886469
495052
975588
15558
205003
492260
845119
704241
240365
55677
302323
738862
406129
66834
284617
395817
938695
67336
842343
787401
950616
883989
704603
619527
823752
733648
88091
712018
104320
221409
636224
384504
621939
4641
713322
867979
759657
269760
255513
975602
842028
467605
917363
762117
820957
963660
14442
125228
49933
889255
218254
272372
429317
90030
791420
722207
923236
401596
857138
376091
211315
808386
665588
810347
321191
991701
822881
126287
389552
337266
22586
475270
206139
50202
297293
247306
949057
1597
470304
7422
423041
268640
872977
591212
919997
623744
474086
490349
356262
350415
243445
689213
980577
319835
109926
651694
663796
261375
402064
145067
871179
821263
480080
244125
34242
360403
406836
130343
834493
135209
658319
132059
253617
207720
570925
321574
76186
780260
697747
268319
476929
647654
559986
322409
546875
809180
198920
639926
277289
412929
151290
651333
617506
955169
895115
203768
792291
633109
853402
459503
381753
665072
227133
808883
851135
388461
794178
889437
578690
473720
969100
494737
587783
366576
485448
130671
964373
634970
356116
401355
270789
913297
20071
732009
545056
890741
898047
596200
584242
595250
71174
153627
360647
153448
640002
432521
250835
127115
60874
971559
132159
581346
935996
905589
417035
317882
744883
673078
602950
624614
926518
73643
669666
421576
796577
607659
475838
883913
71147
294543
570050
729903
919385
749895
420156
79712
823550
5989
186355
220710
980341
162306
665970
725186
177590
158197
745889
225192
977164
31808
986649
53459
267238
211797
951018
187617
138600
539911
566813
179894
572548
836419
777456
603173
310747
647474
903128
494718
736620
665093
405451
880383
653044
290467
390410
583289
878510
185880
904843
910412
430122
324656
121966
303705
176347
177376
746025
157930
3318
325898
804457
245040
392387
4956
63298
421448
974580
779700
300682
893504
132503
505944
634745
98027
726992
164430
176038
205327
519089
157572
567873
714299
202883
892272
616039
350030
816999
54918
222468
943289
689667
730910
983665
410381
749358
513756
182912
223085
78043
643858
563775
556625
336542
527618
108091
295851
693678
163233
948003
990012
820335
90468
4806
765559
825062
996009
635573
959768
131747
210690
404253
630069
18967
289369
518711
751750
969515
278480
738830
425307
137630
240722
312544
111150
760944
36707
107092
414063
726623
623321
671108
51534
133188
466330
288813
956337
535284
894125
289389
945905
567055
308922
717
434233
31837
383719
820360
494585
220995
893976
675902
999795
395293
42766
45999
960859
220457
206387
825582
139935
450501
164035
519718
891744
878433
471478
119529
562197
278312
814833
281154
2657
668478
36344
973788
629940
15461
632945
813965
499440
166941
237958
795733
255001
582537
592046
168643
425703
430459
33449
918198
121243
681928
904726
671125
220250
277855
213965
287252
42018
258663
693913
636585
808353
612037
122871
593573
919135
724328
220832
345894
332333
429113
891925
803675
327569
535117
294036
374703
266562
488018
849975
846739
166217
845086
369109
440754
99892
769846
156631
588286
781848
266737
271567
257739
194893
479114
657636
745338
464891
983617
21348
835019
91046
271065
98756
258232
469203
503499
516257
434802
243642
886208
350314
807991
821726
164547
774783
867970
807519
231707
665542
420245
360522
206578
793311
782082
844512
864863
54959
685538
939456
775142
359885
59352
665604
777298
42749
843022
548712
409783
259749
40049
999557
131393
789220
122209
706295
974423
542672
775536
882072
858262
269090
870959
792817
392112
430510
633940
815161
611175
302736
600513
836219
695942
862775
502120
947025
461925
684832
244730
124951
402289
746248
468991
589619
621194
569757
140739
63837
992325
889644
518883
420329
390771
113540
728446
150872
883635
199038
153535
711736
39768
155142
922750
596846
367910
73434
974760
760813
53775
63768
307960
841456
546990
576862
741200
131567
378162
193057
946890
684303
66974
641282
391391
504541
494318
241134
957911
224588
385725
128824
430091
231814
418838
240953
828985
303274
464681
548957
285625
29058
82633
846562
741755
829107
700686
181169
731214
737823
255424
249672
797973
534521
641431
525458
372364
112605
597406
627366
345603
586159
262106
949299
141005
393872
754020
337610
360217
506194
767652
117599
62113
70781
343289
15100
584904
586996
620030
801872
436440
582352
301068
504438
128914
385328
38277
268204
43704
670996
943611
419339
85621
8176
586140
114808
170338
551181
39820
234389
848250
534051
704718
883767
143950
504628
844811
933840
811077
816955
106743
320664
207192
808992
356244
5802
347447
491088
89376
33769
311693
690632
430057
216800
474523
328096
401614
520199
965000
321099
898012
437987
367614
977586
975689
718135
114028
99599
425873
838651
31360
251273
700353
513933
335172
595356
358078
161753
592684
770154
548378
663858
66672
852358
534083
847584
511350
253755
824127
424504
117659
974690
781671
954580
610097
788131
918326
556254
979324
520601
508932
528338
829810
610218
816964
313165
218196
358740
766780
279617
615625
502462
758922
137788
337521
584518
442406
918201
15968
912680
170190
107373
410249
134462
141173
993557
183569
710426
79303
16534
782328
152376
502888
536570
940532
567680
561583
407993
490699
277462
969405
241290
494900
403888
505306
556242
204355
299408
983929
963933
153753
112191
159998
508844
36000
298505
752009
888800
731675
652950
354024
88929
250906
213284
732214
438174
680065
688424
531949
146723
742742
330540
24212
117947
374177
332830
225706
82399
953488
699405
241398
917625
234860
830271
543579
632313
728072
379007
305491
568890
9449
275239
127523
251389
555144
878281
818526
127918
533566
547848
426366
2165
205771
370302
176442
36450
522039
14893
886190
121387
663782
655173
8046
484917
895594
197160
96846
925944
668475
327359
297606
764941
92967
36700
494821
640963
339050
566620
773565
568841
765462
969405
95756
351752
884804
683767
713212
364770
166166
493358
466864
250919
897026
928800
537256
653356
662786
165730
752632
954317
833691
811145
745886
848835
12200
430960
129918
950328
626876
928990
711507
445714
90115
504775
428110
820429
634894
477083
161209
622656
567665
79150
147671
877055
866942
448566
470816
831967
476366
276639
875820
641544
178283
121981
60991
316060
489067
78801
394901
448341
668767
514618
961478
578374
82671
27349
23728
612654
469296
817765
856687
787196
200895
103967
683872
307471
71197
241130
358798
697635
998542
69162
433349
795755
198809
696943
3341
801954
223841
711453
781614
365784
571668
703930
902930
949702
719334
280276
331806
911836
331952
240517
465100
96157
120276
928947
496669
382691
626186
25575
757322
112698
329250
493288
459595
67773
92478
824426
606413
131497
660817
688555
452895
487246
305497
663516
126653
704237
121978
314238
533440
322459
748709
154474
409544
262143
890996
801604
798195
648474
324123
312303
328011
939221
363211
122862
807147
335008
843124
42459
74243
856445
170753
482492
958722
693498
789393
41758
562997
928622
486276
377340
673441
193740
805934
137773
530655
383455
577464
300745
630606
443071
20069
234469
280241
462035
688168
136883
386959
569207
320862
503579
595948
175376
214376
605759
632754
663968
771755
889401
338072
753728
886724
573498
406991
646681
589976
105654
217624
718801
195624
452247
350880
286307
289312
675908
472851
142469
649160
268524
184621
742556
592325
648922
385087
406366
699948
63031
454568
890269
49567
63249
583897
797334
844946
134184
966041
457649
544107
127603
526350
567572
37710
148255
226177
886381
672356
260893
90420
394647
585014
684658
306675
123227
550402
453090
904735
125981
674801
376117
276675
951095
218773
698113
58576
767686
571859
261055
747574
509883
96664
878017
379194
440230
279949
946529
596778
389911
805903
337298
444989
13224
209803
474639
473288
837993
190820
629768
283387
213518
769624
52314
297809
708981
337920
316804
315274
925800
99028
804519
438807
287261
261912
962150
351636
877765
979600
353383
270129
547291
771502
871551
174606
868958
115410
688926
751912
999238
44128
632736
862223
1539
668271
718949
947504
774453
160406
64749
830673
149150
398080
614938
286458
348849
305704
819347
64101
39745
346328
6614
659508
350851
626341
513957
159547
381164
224561
814021
379075
568943
409183
540966
838349
818634
410450
56651
993738
959138
42738
771729
838841
968297
991781
868964
731832
892755
915493
561938
927613
529
51961
901276
828849
839395
587797
614267
447042
141997
362880
966638
641752
690235
896430
569137
10359
365694
957814
266855
708365
612226
516661
113003
62679
534794
593281
275417
164422
508848
101895
104440
565461
158896
834673
598291
619049
341162
841615
455497
887633
714259
602899
8342
467042
702812
329510
721634
221525
721313
537709
189358
700382
945757
751526
440139
858911
792899
867516
89326
961637
762814
519739
482509
433877
872575
211140
733003
713090
860351
768741
309716
745581
356672
9685
506689
568315
656347
507836
21519
718910
912505
331558
994591
84831
971173
458531
360882
629372
985949
833052
317112
996782
483074
59480
216874
855606
351304
178471
240368
808449
441835
384410
669627
36951
305763
362074
673153
199037
377543
223446
282831
985981
794103
519168
810317
332863
386970
413698
486938
158453
456814
819037
46384
7093
66270
223087
647348
758825
231262
526324
948211
573031
895271
639010
831658
938426
67856
258762
934531
170122
444234
414718
887101
306595
558124
178217
662797
770656
396303
799329
904023
870005
858432
90007
838665
541726
921973
680938
358028
524059
655548
534962
174501
349763
734481
711933
67366
468458
924119
537236
637264
824461
188728
912849
446962
926131
357888
206322
69269
47189
45313
83559
469486
83295
60104
349245
956149
218110
766517
826537
706631
987830
689984
175523
29652
356821
886388
987555
370903
812618
825972
914180
37027
488020
208938
762275
870372
846718
115048
458640
57713
981601
61318
896629
321508
540170
760515
261252
932855
390689
7916
728716
823674
297610
733311
638452
718319
244387
554004
502441
983647
9410
558089
678857
130324
523081
424430
957386
238592
684578
693026
175863
852543
784069
906734
268005
803168
192122
626994
868097
250500
60250
941128
817268
359017
409180
506006
434630
282723
987720
5231
195048
624906
281550
316035
551124
967595
42099
114374
281435
94592
16541
625111
92612
563252
370764
889033
681802
283696
346932
454480
846233
864617
713222
270152
36243
502903
721541
868274
107766
821052
487583
273654
338572
363008
435583
752683
27130
380908
880933
202723
173324
649978
430329
69332
948419
583805
647166
555230
845923
330809
78297
907658
406692
792063
604253
804105
553963
399878
888171
48547
374314
911513
806211
342615
986230
506321
615869
37019
248934
933706
189590
684352
825150
364129
705833
196831
191111
77299
734755
194835
767492
593947
583905
701590
830188
351111
851504
638994
965801
483719
183042
441384
854477
616019
398079
255973
922498
612050
759803
258370
315147
307393
80736
756631
217974
219784
705106
846956
596331
422068
777436
718873
801001
875933
812330
757519
372654
501953
507456
569429
165746
50854
896217
624000
336429
425361
693911
73849
734183
407421
915167
462737
929083
87402
525133
583227
206707
194531
563346
880283
803568
281822
689103
695392
756804
776357
707181
730292
416256
862342
161217
46354
998533
708754
572816
278441
513300
305630
218606
583402
744631
796160
99652
32251
517863
506411
240151
612015
909355
53337
268720
295501
305823
162397
908689
867577
681098
84536
998318
922836
436806
597526
198103
852531
630162
800723
409030
501390
901645
275091
431582
769964
333740
506161
744174
168291
73021
945524
235224
463599
973793
208410
39485
971450
793616
114205
258517
977550
323177
46130
107213
662215
271116
381837
714293
735790
561867
812528
318456
498844
10408
53379
754869
858263
786198
134183
882526
739931
78875
584710
332657
559040
271409
550032
278168
570413
244959
396690
570570
826188
122360
845139
299471
191984
927070
292277
237661
504456
707531
170875
332066
424937
355535
538158
177207
699223
975028
69229
899305
484999
88052
462857
457507
396981
471940
601276
973640
3121
722890
350716
266125
125090
643725
269631
224332
931595
675102
886930
447285
442197
508422
93702
874284
160687
429730
366239
141958
471338
688246
812426
756985
683783
974067
832762
441260
583017
121421
720696
867823
355888
208147
312242
371878
175489
13978
503604
66507
202424
372475
989980
812187
42886
525403
631286
475078
22471
388411
700759
159833
677526
988079
509725
642735
391676
872716
237087
638711
42773
391844
243711
562667
258067
502811
27841
98759
710369
47971
396263
498620
797832
643629
8148
561651
728791
497120
229944
490314
786113
661086
463503
182916
182204
173952
63401
616811
54972
226024
893888
795639
117545
962183
140259
282860
162275
275391
51397
861622
335771
56201
127391
559801
830416
103783
275056
326789
792260
210830
564102
809358
805794
459167
944009
758551
636821
464793
819556
453499
651215
893179
533121
122157
185686
198421
526904
679709
443596
446262
617526
53311
386242
343964
765908
800518
140269
436725
387795
502958
829240
227250
73242
512465
309388
340829
272503
619694
77335
877642
875312
929786
844427
521376
44703
699998
43856
179675
740036
842791
702068
205522
734409
963005
160921
108753
849340
814504
569039
509943
575958
27123
348782
128526
80921
583136
901986
483150
723341
372024
36468
443946
789154
196554
276149
362976
798047
328959
136141
999685
32160
384265
443173
600986
542505
253240
367226
959784
34930
534223
245390
302972
808065
12944
771439
214766
893958
721128
566892
105207
198800
119114
574372
844547
481636
455518
269319
29150
294703
532087
754218
544873
612099
862191
871848
834772
615719
787643
326329
231963
713696
686929
187773
820261
895808
487083
305567
68457
419748
657241
585126
884980
818052
799174
158669
999171
809275
783600
78358
729821
751918
83109
976683
694964
269585
183550
604915
187739
661603
492853
368889
759319
703143
569016
109461
832789
946140
470680
943215
680880
108469
623663
58137
344895
809367
540460
859205
270176
654719
997440
277561
989717
847372
489297
458705
267210
403803
656986
763978
816075
203121
123569
702169
194182
997721
991177
842392
380033
962738
16711
744454
642127
663405
397977
443895
416348
353485
745639
114909
98484
349252
493025
24372
789236
952545
163911
1175
920797
181097
352269
101614
327117
565995
40194
935599
683717
522400
212009
453699
357622
624547
562429
72777
958286
273218
115514
547691
944776
994385
990118
234184
111085
852712
301050
126955
690440
818020
894680
522706
592463
59094
769175
536033
923180
104060
100406
276541
934359
849076
506989
762904
681754
832887
903932
704538
306207
246014
389646
760419
500878
7513
430346
794925
537501
121629
357202
980169
144459
611280
287660
411874
729290
451295
790480
833198
81083
540288
125336
650680
116968
710251
760593
945807
839432
934100
500132
44278
491270
371844
446598
32267
66194
234128
738770
851616
557909
173709
389115
84639
667420
991175
432801
957
211821
353887
959834
787556
884065
527763
19438
176006
816652
335083
7550
649353
798420
711660
939071
271336
398998
282080
728925
156908
785772
127919
978006
903980
138976
569652
832893
40883
885779
535466
211237
53177
428213
101002
492530
29996
656090
675866
865735
362801
535065
410734
267375
488170
335053
980862
384157
255061
831930
748680
134900
760357
898992
374156
339378
385974
417146
790077
214148
800741
239393
286502
362487
159955
604950
492855
856200
836407
846692
455163
920431
118616
981735
5483
856556
258061
511339
845287
995431
300580
56546
264692
273933
772981
966763
14186
105555
184632
968447
688198
942035
206984
143252
512587
114038
585987
896405
593392
145366
565086
221208
388875
639344
627230
966176
109416
229050
155968
523149
682146
640492
271541
921523
822379
482997
248750
38361
593663
354121
691384
996132
653441
468917
763380
786298
938260
977401
845080
508986
689240
99156
599995
868496
126006
962140
166013
933166
79510
784581
912463
927808
58561
284106
612204
921239
121520
218484
35697
672713
900943
212433
681627
878061
747977
226001
562603
443861
347102
250173
891539
770265
33902
828922
462971
525713
154569
577742
19126
349908
553931
56393
752518
361935
751989
616217
263294
474809
84557
250086
458115
85926
959342
837284
221858
248964
419643
53291
185501
413269
118659
966315
746730
292620
927267
381217
431498
382406
69870
59127
584738
100700
243147
918539
85454
738339
351957
519806
591891
544157
240135
597295
592662
866793
402448
804337
612425
703095
601759
506063
257473
589528
420279
836366
462051
912584
516314
740870
389372
929979
897372
72895
685157
40445
956834
352381
502608
311797
144104
546260
718237
743125
302992
468772
384241
960455
166000
314694
209162
442331
331071
677310
336190
572220
857212
451971
290697
483014
318734
461947
328301
554961
257365
153642
631713
776190
696555
42389
253056
93703
722542
365044
662716
386124
538301
814708
949200
778665
80546
335822
725521
710695
104296
838706
470527
921678
369462
334791
253993
425824
964973
68711
293084
870449
205131
683515
100943
794843
947026
635249
669596
703679
348831
21483
476396
20057
643096
96270
290529
796879
89993
216157
964607
29855
863375
23707
711587
316197
140271
579978
805877
99010
364798
819256
729097
6995
326975
272275
638489
923538
430999
898715
264746
5381
353428
82755
328649
633042
250403
255104
189412
977586
980989
772577
217037
41872
894597
899429
92195
457800
321351
941759
785872
461194
573408
466853
162334
518261
283574
154588
264510
827733
761880
760911
762618
738370
424325
408441
845040
869793
414422
112101
598808
930765
633999
732824
62904
864179
664092
998559
394364
829841
42890
966394
851477
120427
615169
437273
338219
722147
631329
157803
840416
86960
207467
90055
380974
73786
148293
592616
75659
529710
640331
676387
952272
969277
740698
899890
979150
692914
524705
217072
848773
520457
355716
305584
379781
222564
165103
705011
187605
45177
739852
796031
263693
693085
205680
298418
170478
407194
117910
938857
999743
381572
388829
702462
471961
184843
796387
20403
510917
158894
175292
819466
473490
103361
566014
498158
9725
156508
347607
790247
795268
499783
871481
802999
347024
310279
787838
748026
159062
969932
712737
113133
71132
138763
297812
59146
695703
805069
627782
922663
442028
718405
776651
667736
174864
192812
528824
854498
982968
844953
835925
540514
713809
584678
861039
615550
848617
227969
960989
546737
902016
425597
998644
674669
300080
627589
646034
431222
469016
112523
569666
855374
53064
724789
465716
331915
768731
337922
131162
208736
869784
879956
823838
579786
501591
426039
581286
579905
131135
808295
429622
77246
769021
758589
283803
979255
806129
888498
650867
172685
141004
263566
239051
431713
223307
242034
371883
666103
392662
610682
437972
50009
166529
136495
795879
32621
82143
423640
895111
677342
695646
784215
831453
840260
924435
403004
814988
821652
6873
350097
231153
222578
266470
8329
532274
773851
897999
516456
180943
1636
7994
490337
32093
693227
448453
34212
862262
443268
840822
149064
787171
394321
143378
14633
860251
345395
114220
921093
346135
77458
991431
280615
685930
52348
294498
373944
231551
979666
912433
622816
55335
795568
188841
7026
774955
181879
139213
694164
753938
429714
889961
87671
491428
734035
999787
14706
308942
676047
322477
421829
42210
40117
426654
129137
669754
921030
102094
889396
237709
304006
26994
276043
36167
470446
72444
362689
415514
783789
302953
343470
156807
928513
613682
216514
743335
937918
617086
852347
785593
843772
267403
106010
128334
721590
392144
255273
143180
622109
20629
438139
408582
998692
829056
257696
980763
666851
239768
168770
947235
709832
980753
687324
448764
156546
419112
46471
855845
132687
616445
224449
926133
650601
940197
708920
190351
953929
498051
775268
795164
408239
294830
891457
52440
975853
395846
172282
151658
735471
300810
38792
596718
514374
209991
283026
831033
564541
64588
612456
291880
453772
75377
617933
955524
140833
360610
886766
811437
458606
7792
188455
893538
893024
278264
321232
896246
869117
173333
69708
296638
341818
847333
445474
855163
905468
764498
459218
786451
233284
830022
515189
885019
894088
58107
648671
897036
394594
837032
558277
39763
615162
249723
770692
123147
470549
180507
76736
693114
864700
308325
108315
583257
730864
209393
507295
161728
594197
890973
179790
816836
681219
763068
64729
192132
535290
504892
23363
414013
34889
185118
196663
516500
500589
27257
864843
939328
471623
458691
450655
405391
182725
672494
991515
871514
461657
801929
394780
588961
102422
770824
906216
803610
723534
1845
274009
819800
20247
904922
743888
223772
304170
394740
143421
902462
40451
234130
768588
925166
30846
360780
699042
711238
864821
362873
411046
108469
676088
840112
701032
245208
254050
856738
946251
304480
581807
902357
439742
316368
464705
281287
249465
86048
673816
981673
87281
973001
125138
625471
517773
246813
66007
709767
805788
874612
188170
387894
551004
785615
709073
868698
765144
121135
434410
594047
483713
272458
201189
232534
202208
883689
16394
739581
735998
696707
604880
269920
200488
268418
918735
887738
158219
587257
286468
599178
164497
939949
725464
252966
896267
680072
348830
593656
449881
134300
388693
585250
49120
690857
809278
922780
134365
632889
731295
20721
691098
101461
20373
152694
783413
85389
161099
365945
652792
581118
610724
912859
873591
840055
654881
114628
768619
652886
131449
827794
847383
813263
658101
95626
486020
54225
305822
707138
890741
466840
789001
973867
653850
373541
765760
64931
927599
846130
348632
811553
779242
780490
3748
596526
964500
828061
140339
158445
239202
157873
366007
518169
461100
737089
301220
907314
944985
814754
809177
468055
875925
386534
575336
546640
251474
557648
858032
113657
48415
840141
211245
203351
750342
817734
162277
409070
99174
688360
742041
825208
684686
992507
117720
660747
955313
307319
260014
382614
149160
200112
582826
274
816161
94496
400001
291837
469096
511830
625853
327474
223050
741804
33338
708931
305856
750447
580455
123383
129765
717909
615983
404149
548230
65383
189773
39372
71270
662195
333138
855931
157362
794194
807717
536370
723949
512978
2714
108383
132729
502549
544707
912170
545630
894505
418332
888644
942366
933189
832381
808457
636395
85446
578445
180144
206466
103596
92666
385212
318943
721584
823401
808551
821956
509207
540191
413503
186005
969994
890520
466697
609439
183258
297703
17849
933333
899467
23551
742152
159925
595636
990717
924416
358153
790108
127197
148909
697065
745609
334614
492689
442847
276835
430485
446976
742249
498429
833726
522444
255020
523083
892293
107848
647831
301723
687862
875556
565556
889063
344441
269352
168228
58102
994209
613910
463199
231134
719081
860136
500289
512158
490568
370619
947808
342519
421491
294978
249478
11216
229539
655451
573903
394605
17479
268458
763357
580486
904035
273531
218882
675124
161123
218082
653625
102996
384252
950421
930453
312126
560000
758944
797458
140853
951651
522997
171718
548133
759486
744405
869603
891105
8027
126870
330267
696663
927975
965013
852477
816000
579000
150531
458865
465919
169447
569985
267913
856168
843286
876662
750742
531007
2351
883212
93082
208328
620139
631538
696098
9952
389269
753560
37148
358503
514935
696978
453366
531928
139766
189106
209867
878038
479520
795378
478773
86506
617087
944521
869765
911095
740739
629963
993363
606044
863071
935646
369402
686278
238574
27242
879221
637411
112136
469855
769241
10964
467057
603979
690880
425629
492143
331883
45610
967877
917513
257970
695225
360537
672350
470962
923405
578490
696621
340782
151894
976370
877511
225696
818124
935326
486417
384325
235217
646945
379763
577784
677867
363946
535143
661181
546248
727075
235572
486590
51222
121081
231582
185624
76825
349466
201433
972463
757521
228521
82032
882992
87309
593243
211554
149337
867207
71672
927396
606749
947669
182242
598156
199308
68209
721018
507654
571261
133970
218772
538408
380711
899451
98636
690195
507863
155203
221762
886550
354510
519488
814945
176410
50621
418801
181653
894625
629107
942491
847659
479842
539877
773408
740912
828847
67090
573893
855974
334119
448235
101903
612870
711088
431162
215764
356012
887483
282809
126241
257970
857297
442297
387064
600068
585448
94712
689880
202719
233089
505144
394435
589865
190442
555089
749532
555665
91911
955686
800235
713606
28039
597032
437237
404469
87589
252538
572446
703212
353197
824623
740078
471668
966305
630967
187830
764874
176149
969636
335600
722475
881621
603912
891216
139269
488874
726624
886618
392007
11553
379797
57435
294793
317300
232587
111651
623859
321968
841226
821549
993413
169349
417278
579628
361113
262811
38682
372176
372204
277563
931817
740808
767211
183624
355097
719177
677385
892960
783000
630157
752138
547501
407863
987623
156566
350008
643588
355932
581264
251743
75261
346635
248911
721674
412210
747572
867523
13582
238318
922971
200352
800932
202867
189674
127401
944508
131737
989376
988501
288535
628283
525283
613697
637250
78146
599633
572142
18741
473795
72624
883900
914683
393928
362849
989375
816408
874095
690909
117385
77036
572371
346345
446352
710715
186091
856666
716013
435586
826511
868282
348502
236424
590696
126702
544115
8845
900712
422464
312825
397430
220604
639510
235419
114763
955724
664353
377961
46628
65039
837479
883646
60687
764683
87876
804656
512495
999130
620946
547208
488679
500612
686675
334976
911602
744646
832337
529987
921862
13562
727743
336692
744542
17534
598524
211125
794119
615208
989469
81844
696310
207227
702477
712682
738720
172052
54368
117772
901783
621495
939698
915757
830630
36811
139520
200399
976019
724303
801579
16314
369654
658722
410548
766487
532140
623469
170596
803642
148799
245531
527407
221882
154601
832837
81708
295233
397744
984725
941696
628367
174004
15041
143412
954594
783758
767330
836967
729895
663561
293273
969018
224519
972585
566236
691148
674425
133002
961448
217795
911710
609240
904721
306048
957885
591819
981714
366588
331220
115910
463948
541309
615113
691381
643643
134996
861451
232017
906297
440571
187043
546539
667940
996045
773010
835629
898979
144668
914707
857886
402062
141643
498239
722869
627799
490298
285636
578662
194024
790142
697501
19236
127340
347703
874012
909764
643405
180533
956976
44177
815233
914584
287624
645807
575577
616472
659862
291719
319525
190778
837186
361830
958691
186522
607601
678714
540385
133454
316419
558849
605560
40754
976044
24005
283199
476630
861650
593730
748361
576266
687577
176550
380775
376284
857191
869925
328732
565077
210814
395669
71707
751723
506515
682373
992600
238336
918103
937831
887587
819493
345131
881751
360650
68323
27407
97622
220139
22272
391733
608651
419034
64284
274696
894194
10409
709240
584338
413158
258284
768572
676968
629032
303900
155705
459799
339238
428696
327501
425512
340294
960257
327505
509874
826525
931683
172682
227564
483059
961300
596220
665110
149588
960225
965767
745725
203185
914001
117616
290718
72181
404979
953126
938696
383992
457701
784831
622761
781807
416916
380120
63881
318259
874517
675505
376978
240886
874041
178749
376095
653856
115791
765938
147973
408370
757631
220083
321472
303757
928266
286172
474534
867450
577700
116431
655941
831659
110284
259502
272080
618750
837102
868278
726682
511269
873540
90948
544085
957003
591598
726068
846105
146944
993635
715052
538978
681483
867866
118498
556928
913045
847413
497800
382273
325276
894911
902956
810661
677388
930472
153564
677252
690735
913760
870398
173087
139119
350401
981961
964267
702770
620293
400793
357916
809185
879032
102864
27026
976182
592797
80119
895816
764808
855177
863970
894286
328901
544819
120240
64243
708148
377434
211466
491243
886419
432481
776013
221260
187233
892489
212921
379504
141642
470220
708863
407408
498767
189137
848083
800477
551881
698834
902973
163208
474105
983529
195825
389161
531832
81382
504550
648877
135624
126895
421396
213051
15614
688233
323917
6847
197602
290821
630444
189461
911442
985607
70173
527101
925942
978247
680727
24743
123356
790059
510494
464978
184788
696793
134767
511333
562060
633979
969540
656788
631842
739390
153104
443593
849272
866276
353038
373995
549202
222533
773295
255619
491882
661743
416849
438609
271110
699796
448829
131929
556608
499152
656643
84112
949387
393709
886134
899288
629066
418022
599165
175938
682773
704035
363492
116577
517850
456710
161831
487443
512655
57363
67945
972135
491699
215112
957047
994716
665521
24005
490670
688053
61590
283153
501070
844427
491596
259252
377076
466001
528244
742714
914456
403632
825712
141948
711193
982968
779168
39320
159253
751193
426157
225940
48293
753003
310934
757797
120379
420751
297612
703791
654736
976395
28886
27427
928821
208446
145338
268121
702496
93500
196214
536342
350518
712653
184113
915956
856131
70228
205844
781841
838713
894754
283353
234014
358673
95735
355339
732302
227610
64636
992999
701638
173339
296265
653113
142177
234964
735745
500668
459500
370746
914803
472218
906582
258345
703891
76005
754972
631872
181817
153790
353338
783280
947509
568339
644618
238455
897688
311257
837398
788169
68188
401795
741166
890077
154733
29011
911812
769477
240469
707393
570393
457303
901539
150180
208377
310306
560233
899927
664667
712016
193277
786388
111659
415839
829825
580092
110621
631927
701917
893613
712541
122719
577249
619324
37517
865629
954585
144892
504922
839438
249851
574598
20824
57930
609362
38123
310976
74594
41277
401207
899479
825229
910934
427594
922592
836181
777897
664760
436399
320406
700866
153201
301410
564275
96838
616465
26371
25926
593441
637796
751369
935958
79023
934767
745804
108836
90047
830645
198597
253472
325102
911789
619305
401339
863799
108232
10687
61538
707136
485431
424401
252576
961824
502981
216099
564939
201606
35652
975752
3170
285603
858819
688141
238562
4135
312200
249155
443871
746659
56569
445356
758838
665914
198428
654191
166561
35650
459854
584092
841666
884232
661563
803236
976620
862668
939136
951624
993932
993070
993806
501924
778024
786503
168850
892470
826743
162935
709414
418086
662462
819685
180334
393364
110194
661948
991579
225115
506309
593030
842929
494811
2678
706026
779880
323282
746127
766357
509097
490237
564977
908210
468292
265712
29010
393621
809173
903941
884911
783955
505244
834116
227092
844387
663200
126507
21911
507406
305135
837248
771914
609951
473152
676095
483213
793276
688049
422753
82057
313839
964473
377119
747978
147734
725209
914783
558539
154202
200093
620066
891601
3413
490771
848458
221417
276301
732595
627776
814470
579064
719768
191859
49603
369213
35796
605310
920890
214228
208795
538130
474623
968434
867112
11352
584072
211525
315667
260092
801216
587581
969639
36786
810845
552997
968289
158014
846056
54374
779041
593960
554520
801737
397960
81486
783254
325113
221840
241
502508
726952
595264
63556
24607
42049
443985
780496
259278
994737
815393
78294
617711
517869
611961
981922
844366
665132
522427
230330
804901
67965
447631
553348
672499
813186
665914
308980
268639
988303
709904
524522
528856
414742
151428
857669
352247
242170
895509
162424
800115
956316
682332
336552
285705
626091
7425
874871
288733
945510
336296
371054
663091
51602
619281
231233
808344
557957
805355
970687
715538
359357
534852
200539
615233
839929
715432
378251
349661
593468
101705
345817
731241
736496
951519
146360
180631
148375
558027
560225
710636
855745
580227
930232
875402
41650
666047
579160
20996
371611
884563
867492
894248
262918
267919
482541
290164
789242
26033
882376
949807
312064
252939
759287
139221
956416
777962
669107
10356
127359
887539
215632
157866
933025
119239
916729
466099
298969
532785
299427
432664
823517
593491
74839
448108
665311
839014
269099
312717
197758
625752
709533
933100
5527
118511
514092
92092
501775
50977
149673
24994
104711
744115
18703
755786
951494
303189
837461
980560
743803
747689
214062
958534
255900
659804
972626
334992
824338
273439
753472
556676
521958
241503
585922
411488
325940
858295
812270
618336
117305
864254
597618
883969
974931
565049
860916
152527
22997
432529
972330
54596
555074
898661
719767
101034
489421
639093
333121
672455
851455
175141
464224
50888
907371
91766
880373
23316
709418
665307
117335
630211
557168
234969
493813
380985
770333
720483
548863
870860
872073
921972
334213
11058
321804
62427
894398
102675
601588
456498
993266
832620
159939
426875
910420
921526
636988
64698
918658
236896
733472
806313
61798
122498
781667
511221
122584
781492
536845
258653
648047
9642
277755
53690
831680
422445
243336
52283
605501
808707
626136
516009
908801
419502
966999
336640
290335
576094
738797
351270
73907
323494
434759
180780
937595
389302
427774
21424
152485
283750
209938
433566
131673
473084
221248
840982
206127
610083
995738
832984
141141
606765
411422
848407
634793
231542
195340
344829
84943
697258
805488
481590
6500
573747
431385
960828
464936
593840
885571
779438
50229
221554
659045
401934
588102
17782
257178
219137
109859
673662
928508
574134
643296
517132
549037
930866
938346
673879
557731
27942
336610
797297
974175
310061
465052
361806
600317
909356
95446
979458
265444
302643
985431
302626
284397
858903
329017
368238
753971
304530
933835
168805
834657
787339
176151
215963
890485
10987
644060
734068
936727
577739
853783
614502
804609
872610
118201
909143
568803
388352
932635
138247
20472
491765
995903
456571
643385
746274
170308
354011
76176
152337
514049
692525
71822
209880
769953
253036
422290
664998
636679
681054
426262
624111
66262
512242
197146
445171
124865
7324
313600
325789
668926
49845
3118
124873
18657
403574
971578
219868
905543
692854
843726
879582
576721
121254
272753
807424
383306
875591
300307
281951
123208
557486
402399
973495
939700
655331
398097
235615
761297
887495
749141
31906
313859
816151
841035
603635
315945
811899
795453
58306
954221
79816
760262
613232
935532
565384
300131
33888
981011
944569
501386
859158
72127
386943
999091
726670
360769
55516
501444
276951
11171
808136
311265
134477
55039
318067
12269
208529
139960
833901
370135
39377
29949
559046
466742
178554
15941
630336
816701
476314
484154
895549
112819
453990
11045
373474
792524
280150
575015
920797
102537
944313
725618
600007
919654
201276
904249
498427
568967
47880
530986
45017
428348
831995
380953
285038
571932
443238
981687
589336
914726
249698
649905
722459
436808
137523
621707
142925
144295
613229
123330
379562
543000
546667
23070
317583
860680
682039
356999
708440
395347
536982
340209
153672
460144
361236
801012
870116
825061
955162
955802
935505
25383
739401
313794
655779
389802
562584
285839
216887
649589
22759
3150
201960
184119
313415
93624
573067
63503
867439
993454
512092
571732
796100
846300
948421
737625
554310
635718
598810
899585
272256
786093
671158
450602
591755
918472
666858
286085
924587
28554
300721
857060
298981
835832
103378
544893
105449
724734
263938
104059
444775
351331
204481
563532
623333
710763
628016
56346
292734
355094
387817
658306
295214
431503
545764
827202
651633
411903
839379
686024
138809
812021
50051
506944
712950
711796
155485
644250
101454
857713
711991
654796
397960
342469
196102
77412
690525
55609
770888
728351
587612
245211
931096
352615
908055
968335
650581
800146
399637
747161
386906
732412
628284
858215
229876
150842
907589
307979
175060
479107
64021
288455
637781
565844
380984
270445
229208
316707
554987
690602
264815
624458
193442
326359
213203
423244
175486
937285
629017
860637
412463
338520
331975
393141
368804
67861
744709
140638
646037
796679
204262
999074
562010
641760
130907
101958
283080
766424
671827
761849
552986
821823
508838
699661
533591
320208
606928
244193
532103
997166
728959
834813
767312
250652
227822
233470
467567
537600
368238
673711
745514
597713
225767
143238
486589
274978
872579
976732
885720
781693
941185
32887
73406
230807
152978
372558
13343
339178
462484
157478
419783
866138
296476
667699
509781
518771
780525
969152
862316
848379
613804
215456
667478
274892
958971
656987
318070
682218
48386
27050
750099
883490
513980
185575
411349
388634
563257
2744
891154
700569
133775
733822
805421
492511
225
935972
253147
859388
515723
325276
614156
405149
209155
481215
33161
474179
301919
987861
55720
63155
853015
546802
739116
949658
130676
53885
960828
322228
241968
639505
748593
506771
883196
899325
853809
874728
781716
571681
577209
820734
497605
239801
127114
98976
686059
339361
270026
272761
882897
979494
572039
854226
285662
497852
353920
416195
988980
132812
629067
770242
301696
570277
987841
561726
677566
58602
91845
57769
93600
784742
672455
117828
745551
560085
975762
450410
350711
430702
296905
887718
740743
284930
936597
57775
815336
416718
305603
195653
991403
543440
881950
893067
378928
849671
934829
577088
135555
139347
322716
192759
265506
724795
236722
535208
313374
133593
277073
618111
550595
251780
969491
143236
713342
413618
290117
121786
83194
988651
329002
817956
475357
858335
481570
697147
234652
726257
163195
897238
346180
823089
594087
795042
432466
935287
715463
979019
559877
770049
669174
533743
498891
923042
399057
378335
679574
189559
117290
809550
488643
996422
340603
581646
197534
875799
89969
90932
83606
597533
282452
209861
766098
413366
905142
264031
352742
17088
10803
770711
771490
151545
548356
827827
683325
693940
729759
914762
603447
186438
88571
798321
838719
605722
654595
66832
317271
817945
345498
132846
719814
906170
863101
417073
192906
965729
311248
494388
723667
274285
524026
220102
557615
68481
17328
347039
669906
27082
715446
175388
232782
514909
841184
102632
75225
819242
77562
172272
670068
510223
820572
730650
908696
668351
598760
715654
878262
428698
951679
698815
509355
734647
941022
19767
677591
491301
507698
69549
592936
221854
706535
82956
220153
920694
673983
570622
456420
904605
857104
908383
565314
51350
296333
665612
933990
61039
63849
528530
41157
599869
172616
82868
345907
316247
176874
648275
737645
784056
940449
165737
295956
204344
739874
957672
589517
136773
995767
470221
817577
679478
613719
249218
40319
475593
275617
45601
754935
5935
964334
435268
625766
595211
156617
822304
952241
401345
319020
645746
669155
232154
783061
744767
576200
927257
869949
22590
625291
167652
399419
35966
259603
380853
548512
894410
8269
285006
161652
31582
723180
765323
551684
524203
10763
420717
776688
352716
107976
54568
774788
333585
343175
92296
460489
387717
11786
102149
69650
942931
12554
108785
268922
385947
93820
466882
19581
980865
424746
17355
788718
612871
985754
977968
250616
605928
313872
177429
224647
429729
245853
334047
859375
163151
46254
492500
247291
551879
907214
959322
700808
121097
145848
661625
752853
27337
958177
392067
831438
884424
888555
950050
38422
53594
111248
962806
128400
113138
439438
952
102647
646243
795186
520827
151864
263440
440649
88726
785144
301104
118224
189030
574794
301575
630692
291999
127409
493499
103419
353398
360291
2865
33512
732431
764758
610760
713094
70502
549499
560967
805383
26245
258029
837234
671585
755682
636750
470429
735878
761842
955025
763488
18916
536087
376133
715765
640976
566594
114619
890301
460211
994529
593595
903009
382955
134161
729097
81143
93635
999427
436379
127542
694350
378638
538667
288227
694355
58125
61043
982883
926497
556748
355201
864974
349119
349794
733465
197936
614976
578778
791627
599655
485822
437469
791436
758167
543346
240223
601355
779254
400010
905140
604571
878516
173745
615828
677709
288137
324034
828757
550970
110090
84933
579747
482241
14922
157899
435660
35761
960049
463983
720980
856515
249994
567748
62559
312073
943771
700976
932856
73162
124851
418944
601005
132329
215699
416453
442904
495266
245941
203629
813625
763002
646221
535052
133337
766868
115298
897606
793807
788753
448719
142441
24132
240895
840360
746793
132197
887607
478376
319483
73150
561502
265961
566642
714508
741101
989188
247068
794472
276059
254504
797326
283939
458446
724295
7861
458475
867651
638454
471401
776563
470931
560107
553433
232225
333156
227334
610014
374629
102816
782302
102642
139494
526547
819170
994954
549688
506969
151983
975579
762864
842738
785663
519739
493790
750595
956028
593649
581056
700524
537311
488759
264312
149022
10147
64343
583681
913080
902006
310193
179719
227180
131579
664268
787264
785253
555379
487538
628407
646948
954620
867108
575402
792605
105468
363490
829547
806285
61737
874976
759247
354585
908007
909368
489232
554679
803161
996309
315457
740917
505605
606261
376444
503410
836381
798910
648589
969780
716406
607273
551596
303956
660345
532333
128014
258180
313426
943787
999355
388327
144602
707042
294378
747603
492879
455588
772973
266078
237991
417957
736784
407773
854210
95616
747262
328738
128286
357389
443484
660612
757789
914509
707392
359777
574257
717569
742772
220477
440052
693031
976756
333118
233956
396964
211804
181811
217882
900780
429070
87888
196206
953830
103759
966098
938908
171348
546286
286278
996343
831591
758484
401843
719252
941813
93922
647579
474314
784992
263820
65976
149933
137850
132597
874212
337773
247537
692595
313478
604713
246273
931429
175536
293887
78703
510635
428463
634918
692401
72018
525160
42742
342059
534879
547358
594007
721660
163571
590087
500193
538308
730581
592814
900326
342388
642024
284320
725338
371645
44934
473635
69233
277649
31686
810824
591866
876816
891055
789949
64164
324370
681515
572422
673859
612936
230110
784918
435699
515052
387130
98478
333328
263910
800376
707353
582327
484803
808135
800423
661797
113800
54457
389882
924204
198821
282479
17819
614755
142384
345770
840510
859025
248431
395237
560400
727787
992108
485080
243563
402964
708779
494812
262507
317060
257659
800421
945264
70734
928715
850382
327587
313029
835624
277093
426276
570835
67877
647410
185379
758902
656888
134957
950848
19720
683443
730240
341932
270101
189619
981298
726343
210200
692582
433756
716685
638879
451463
3162
162921
120711
607510
408756
645202
180302
820890
195987
761325
793254
829605
190598
135540
437916
553732
307372
698285
742117
817471
746087
8216
478589
972708
775042
403449
570206
133657
869411
973039
66553
494142
572398
965926
370762
965074
788010
945232
719896
896363
390634
208800
364179
372463
902147
229327
362711
454891
722958
647602
662360
681409
769430
830970
22307
834043
267270
502763
276854
120732
514300
98529
506964
685560
134090
74117
30547
453047
359090
743850
190763
716188
934793
519606
914881
987941
865901
398317
533875
601593
296582
882691
826873
699002
978812
975129
178189
884221
56018
666043
311510
438343
337232
924640
989966
171162
264412
824048
75968
48705
247518
934574
12679
32291
612312
795712
472137
6831
804139
308183
283943
595813
215736
913042
712252
981277
48125
510541
562963
746943
563779
382951
966869
734045
82229
219914
529813
669650
636781
528864
112524
56990
460860
808553
386305
166951
996278
349153
823266
392215
528744
871046
436481
108657
934794
859073
996448
62350
949604
671708
864567
526015
983412
208918
8415
422059
119929
627348
16206
438497
743263
634110
730470
203214
212978
422209
537454
342433
918028
644363
5851
338657
566115
424531
720026
682821
631713
912725
583448
213937
949462
972878
289374
196062
90755
898677
389549
83841
562468
91733
143473
343801
993334
51995
526583
776290
337621
74954
747077
480174
967189
647577
446810
6925
682858
79438
391108
727978
623450
806838
998698
476594
32362
418925
608874
64937
403175
726859
863884
135578
269076
996182
840871
198888
705212
938157
447151
832998
970270
424119
388812
338314
317815
281949
333994
355878
314816
800629
946607
823752
68118
473616
189803
515206
644953
54846
405811
655428
972498
307831
498026
701189
135302
933066
628080
783224
165603
732903
888379
87712
370657
735682
876929
291557
569960
989769
836793
543758
215958
758900
10761
504510
352180
692109
985541
378328
671647
378051
962205
874660
712563
792916
687815
636493
157607
118128
833768
77244
496358
842799
716229
612275
360740
243787
576717
195212
730527
166222
946271
450692
608254
947347
380516
145336
686764
998627
971190
772402
175020
272062
298013
461357
915038
81686
970487
393258
530713
936278
153813
325755
262770
836326
91558
469969
374668
997380
837121
921505
93517
755056
64038
805163
683966
515689
689655
47230
562243
820606
583025
492736
205186
601508
191398
20821
347216
310069
207850
376314
445765
35236
718296
182566
572487
76314
918315
241802
282038
824722
468808
812113
599133
868696
136520
737749
850424
317249
463307
867395
162541
173786
735082
748903
512264
379916
521221
641662
715941
534739
219080
392136
97723
723121
81413
546320
831282
750462
716032
878913
113458
236320
891052
650295
55815
573443
147637
40370
82698
339455
682175
560027
670236
623654
856435
386000
14147
706786
596233
535208
797689
81344
841465
436882
37876
117123
872540
789798
829449
338187
976387
755438
337785
495611
907155
966751
845392
567337
695985
584609
284696
992371
274396
567762
613309
330819
438363
879424
907635
579448
377043
351947
963112
875044
794269
276319
734621
743057
320204
960673
548376
788832
471767
830779
129328
555606
146042
681601
906606
634146
371065
489895
416961
442264
800754
693214
231345
302033
75085
982762
93837
764593
207890
102336
824599
96757
566207
664589
749572
197639
716092
794122
945927
781136
486854
852560
354855
749199
231713
855227
141823
863984
560402
524364
197468
524884
90686
340016
184559
70718
848433
146248
24063
189619
307206
919057
771110
106008
213059
772961
96085
81090
895087
119724
319762
648721
712884
454093
540746
299425
466278
145545
386621
297896
501554
123910
181543
808617
49852
541320
528375
204177
55072
981583
620011
40156
166361
581537
577203
94677
704469
839448
747737
926958
766245
685698
582370
239882
46633
7897
218718
182688
203188
136726
484079
312496
111375
666098
872093
645383
189414
400823
818124
882693
773086
427039
768219
565894
125634
190283
423753
176328
628061
494286
1111
424041
295488
708041
37601
957339
999554
87251
542477
457424
404268
920047
892553
470283
443859
800429
290225
842960
865827
198202
615662
585319
652747
744626
932527
998094
648477
651041
969115
246657
163446
532630
581102
149682
538585
472842
755939
403474
250950
885987
137895
181858
584028
36513
325971
685643
977312
656305
231479
501723
246321
376182
10697
144149
832640
266249
547713
919
886419
597730
689087
32029
43093
585405
628852
98928
251647
537880
806365
832935
742829
498418
475081
230643
125282
464862
685789
758399
790878
762726
137732
624397
117192
295243
966913
696981
654868
757293
856101
200103
587303
242149
803670
374306
786926
701928
652307
178048
914035
800084
868327
119993
782787
891706
816975
809995
52745
835911
773086
72667
806164
381975
410111
369862
493244
27731
487404
771905
665766
933284
796003
637858
41783
620450
811506
451949
219555
3159
883797
689783
972619
726391
71844
698568
585438
755670
205065
285625
111071
834568
264932
263431
671828
515917
162689
653612
555546
360451
332503
193583
337914
334096
536133
168330
353990
322375
160390
525808
199187
943118
113226
671047
996952
797381
569979
481851
723640
975346
63444
880587
316750
747307
912400
683855
537400
957326
888
862552
20418
162241
507159
514328
952886
559200
185158
914607
336025
608057
218236
806554
777572
836008
2927
281723
804026
453107
890208
891583
289778
990124
736115
608818
857771
377700
895471
641297
115901
157989
382014
304006
546367
941481
359063
991370
263024
259730
838678
66802
321
475093
931210
840768
308270
341067
873065
180727
425908
948225
641469
188860
699716
144623
629178
805330
65062
595803
788256
324931
577557
976727
134233
421865
722439
232689
61817
511879
630330
847972
760363
242924
516853
211573
865446
969192
494893
437713
812092
182649
943568
937549
651282
522679
990406
317088
53392
403857
959937
798073
964783
772422
412281
268199
87626
483543
826649
85318
768585
335044
701530
56250
489166
407591
306592
993871
857973
140608
805048
290903
862514
632756
162845
364956
901443
616528
75811
297885
922258
990330
147139
11812
942973
341244
709102
135491
971362
924879
569384
353446
563276
284154
871872
41772
463665
428834
746000
122246
709985
321022
692695
471717
325011
190877
669442
710107
621387
909893
486805
277062
594914
228963
209981
796128
151953
689378
581208
610426
366213
616695
594974
785905
110381
824915
483524
982394
101952
427341
963899
460038
768518
543068
182596
614134
716517
288553
212465
205330
214049
158238
509183
9977
160705
539764
937617
441421
518284
96971
864460
810707
586837
683937
168709
773051
242370
497818
91823
505822
511478
659645
316634
739897
190461
264869
537042
684286
23492
725282
349399
514628
300249
995622
637
597891
378702
264460
528073
497956
942452
992832
128520
642688
696537
3984
780426
178640
150613
948851
254979
247101
669358
932297
613259
415174
623942
50876
791776
348717
961559
571506
828390
847916
597558
622712
377000
911550
584487
354838
227009
948555
663526
183212
709802
300830
714161
438445
895099
757755
599820
560258
127918
636063
875517
85431
203453
996042
459370
96542
809878
448096
175524
791816
541517
48548
602342
695240
867645
26939
258606
230039
681164
311224
159984
485740
869412
185732
458296
748942
884110
450803
375438
840336
296476
730133
905932
666690
783193
867762
524790
799853
706789
390871
839025
398731
9285
130218
428652
382466
725730
122835
391103
626115
521926
107533
532399
267496
301214
297330
53500
595906
64782
418763
867101
849268
116774
705122
950259
848322
786266
903917
572123
402558
896863
812198
280624
277854
857982
97698
777726
416695
995618
358677
464029
19917
324799
197879
714036
812206
521490
476428
881007
579406
702018
818169
163155
36930
888747
968649
674321
601113
887944
961501
804857
297071
34230
733719
124772
608468
483042
482510
725547
683659
625560
973599
128257
555081
133493
166950
271997
365750
178526
195192
831773
917168
979213
52759
905992
541976
967281
579970
224478
487153
986652
453198
663910
552407
232558
187943
660236
452487
906982
135325
17892
439108
281332
684004
685456
539865
95707
341670
916321
6351
342858
314315
336975
740014
289685
359897
350049
610413
772927
936260
688802
265928
241715
470956
113588
872176
236419
433360
702270
496955
281971
992825
622330
753367
354971
820758
948899
188475
353121
85588
758370
255376
633815
639098
324014
633158
262406
325531
701157
327642
913487
384979
992098
14348
287904
902849
371732
530552
852093
888463
327328
859948
331746
690715
394501
312361
10255
584013
266624
133319
246402
152132
622566
669995
185546
941145
437075
859
299709
63822
255875
873338
818606
574223
684621
367905
292141
402325
796152
449050
38025
682519
138269
456597
731805
472044
303027
659556
404095
766402
991521
100967
286001
812928
969343
909978
986428
702988
473236
732531
672239
405648
759282
436635
551042
557841
818756
879085
398124
374385
764984
13464
393346
760265
132405
355489
794562
191574
886957
206073
576285
567265
502138
92437
130924
641088
307248
974704
886122
556209
343951
732517
230578
571021
88863
877760
146068
367971
815457
766545
152525
52997
989821
143744
357790
280814
231476
271170
596802
912201
933471
595041
388845
465436
750374
659861
619862
392526
388121
242994
956812
128534
15980
509585
387947
843502
195055
932340
392923
698565
209087
31942
796392
339639
727059
810796
627067
813134
680105
97372
688987
86497
294738
230760
81477
311539
82243
400712
11330
895241
828038
535342
149731
463841
338049
7156
650433
994456
379576
593244
93947
952598
808832
232655
723712
332245
217061
171174
681017
858190
981763
862630
544154
946374
534226
233909
800402
41196
873349
454130
569799
90740
279190
989405
251530
736176
666750
785738
665745
106445
6507
792312
907334
547381
789777
557460
53274
749298
834908
829381
177899
151874
606420
438045
767227
233609
518114
229315
792238
285625
223154
736959
616573
394243
801629
528100
86701
471125
993553
891021
383720
296400
721465
962594
17530
16375
277319
787584
400667
218985
178998
542161
791064
91821
345096
272714
985334
236842
184603
892438
654712
479176
188194
338953
59682
544860
894442
86926
378200
148203
80896
730319
974469
155047
279491
220780
425404
797678
615449
29537
731968
171479
104610
517751
216622
544147
924724
269058
195557
334214
362586
174322
258865
269618
172316
556983
243092
92269
4861
166841
403967
445070
272585
698955
879976
844549
120418
737158
149258
52624
757682
51289
187105
944958
784909
887207
549494
790147
386710
61091
132992
916359
979286
514768
491872
201146
520129
87702
763367
258567
610869
668556
789879
641804
916539
602389
220665
283329
188871
815324
120431
638453
425214
344127
728865
958464
697137
262286
716623
957748
976352
363319
650918
746804
329731
830420
176611
303723
457692
943320
623790
687471
251000
149136
408823
107495
567533
768586
130584
949319
204060
610485
988622
736512
825554
237722
335552
746472
669464
427791
432960
347833
612458
342904
491545
480803
502301
354723
262852
408545
670793
703819
991881
89129
670813
517131
416173
321840
836121
46745
983184
228826
980444
442540
245339
434088
658930
488269
303792
391848
65898
458263
226262
431133
183487
344764
356755
738951
189645
650297
244499
953235
341722
148496
453635
778541
923142
258309
26855
920127
676624
623585
160043
974126
626308
252946
247255
157776
660635
488557
570435
727001
593032
342720
335548
50722
855008
43248
812554
957175
892430
266718
940877
149744
191880
518662
856907
445901
397169
78612
855880
597325
712236
811839
69202
467944
459065
561715
521947
527922
572141
654682
222560
799919
578440
404640
849363
677244
98262
472396
24472
168631
336467
372889
157494
224285
155429
852818
566706
695154
118950
476077
948732
502209
175287
36406
876781
326716
126800
332236
700312
543745
45724
355096
200426
312286
243972
878250
418100
679151
464465
933266
867425
475419
622305
405879
17033
505463
349959
806618
441359
156011
69909
326216
661376
201177
29530
561742
127229
591261
236297
395299
558092
658967
383440
452847
92920
98408
370848
417118
919083
423383
393584
689214
956388
359470
233524
359267
428060
143101
753843
518960
832915
637705
497732
310916
203469
80453
381106
711414
614991
937775
405595
356051
412961
104011
961771
735951
158704
431014
904339
75199
416599
500502
424893
726252
238348
828974
433698
500023
956782
780044
587458
20227
27931
939181
418313
361474
276649
894601
929074
183455
755687
861561
341906
514236
364814
583067
785619
302478
270320
317914
418971
354342
61208
130937
249283
395678
388331
850361
109480
383201
277477
715766
891459
32037
653240
846409
63349
558902
605307
241850
501377
670969
419531
428740
354083
321150
115769
602792
709772
719955
624981
668554
640317
622081
617516
586658
496181
433545
1729
885921
825342
35326
168706
3383
358341
77206
494702
437475
875236
994993
175950
354335
962054
380065
383489
220338
983607
331939
440465
754776
316235
58892
479352
784341
125857
615859
197890
980468
774291
848275
614223
54245
195496
430441
863053
930198
247191
534009
453617
943000
755660
936760
531784
801814
390329
69987
827960
530213
424938
112313
211936
973417
287154
466301
914662
264878
195932
386704
45384
493874
663737
378807
678839
336069
390880
597367
737579
944724
913930
651309
192140
584034
442926
775708
249669
765093
36528
766202
814993
383349
476973
396895
930338
922579
537358
635350
188138
686989
456120
551606
298614
536685
717854
92904
41403
18424
650576
102772
880295
377405
923700
286681
819496
209019
279791
381187
207083
899848
683368
506722
545887
706891
993312
790219
541232
526172
522967
826656
147658
796159
208960
353252
458047
148162
84336
71988
238493
598817
919908
384925
326542
277413
13623
453075
686821
435282
195739
959719
908566
689135
468746
66514
733438
557890
862842
404320
162673
507807
292241
844976
480755
234783
816606
386194
306784
68394
190972
141492
575917
538619
376494
709189
415802
529021
156926
671963
798445
155414
197998
417125
125415
901481
552475
660811
338843
165293
215702
465950
153730
222237
819541
328871
948519
101080
203189
530069
551595
879219
486146
317395
378887
85742
124363
842956
356722
518247
476597
189732
782250
726507
390246
963343
521179
603815
497976
123750
568280
364143
939593
483778
793220
732279
622560
409121
449503
972067
112988
151489
407513
267397
88096
529033
990629
407987
452229
80618
874557
351256
705630
133207
42256
990975
113391
962623
562908
500964
255216
537055
704584
763951
557610
724251
584775
187320
380900
235771
908550
46108
672510
188549
444495
729707
748504
419721
188237
404962
549589
144063
362773
420595
724019
93390
238917
277471
249685
590997
195650
80600
30706
816735
375913
19197
454426
733552
671941
344852
860516
449425
95864
526735
885550
698921
664733
488852
280600
83869
830378
103370
106615
702621
95710
642925
596209
437341
46724
415177
929322
934436
209038
824101
937182
102715
458133
616993
974375
7773
891968
913198
276461
549243
546499
852807
305806
763081
203605
60347
430109
613390
412590
988812
370602
795015
761244
761678
605575
262517
106153
98203
607130
236782
396756
363887
991956
444474
820014
429825
731330
705378
811603
115281
443890
494028
736600
727931
464323
279154
692040
399285
280423
797797
237887
619603
855155
60887
800074
563017
30705
572383
798035
640450
224842
804055
230573
281179
47634
729291
317839
429776
996556
329974
362476
748899
631213
485780
825194
568945
878508
30663
660534
614599
499488
111081
558266
248218
71908
83712
626724
783340
590395
925057
615736
414420
603194
93329
255554
821933
854656
587418
233905
645063
884463
616239
449226
39305
685597
380558
133766
469817
1494
434799
364789
650577
407577
73163
233301
801474
432968
529133
585189
978496
213430
359427
474805
161494
827620
26210
522944
309900
858801
767165
77992
426697
123925
449592
819606
518853
76144
967216
289883
89748
583127
67034
855110
177676
645979
412658
843392
14211
396373
250097
573427
840909
141398
614955
371239
712785
732602
93414
204704
640997
999267
413107
607005
480049
206644
896804
129338
345972
284918
751830
460156
586889
30216
271327
296128
435922
639656
387100
138637
319424
621721
495306
918287
530041
579631
409858
523987
482113
16684
470665
419534
582145
179362
797388
473559
412864
26142
977361
547459
987702
300739
278096
556583
545962
644156
707129
661544
615479
236223
506068
915436
29369
457320
115059
632678
954523
876594
20202
532709
375809
818898
571841
