261304
10356
899543
482416
875033
206971
836583
829003
269573
89619
175744
140477
806866
191790
29615
191778
570283
489658
221870
39538
370903
241681
684884
821470
774187
130353
882703
151790
566778
690708
161515
684972
560737
543544
889100
741257
76419
821526
6829
703817
691794
525258
223094
947787
778625
704981
252028
544665
166108
870405
432482
683263
982580
112092
574353
411218
466271
709050
486319
771442
392990
447858
14253
373566
435978
81918
277550
779923
62887
934456
405452
345856
834349
513289
261882
765963
374718
364815
557155
237075
561723
105461
161321
83824
779259
528916
240736
114467
659714
917446
296173
656087
238800
128903
942453
924083
56645
591836
483144
213317
519920
56541
55721
593188
32183
232574
365641
914293
232431
593367
661827
186497
234788
431044
948704
415097
467464
881177
246473
185286
342363
632054
659174
707481
470343
314823
176293
912920
481637
719439
872819
234572
777022
192908
23546
632073
233454
590980
758098
222754
498353
380138
460385
533590
518506
789619
357409
438557
879816
597073
305184
397664
971179
154984
892721
392302
13648
858919
524031
677697
83694
219151
471814
279911
280236
398634
166419
955747
525083
214295
866553
289378
111520
111859
871368
690209
306395
444373
131536
314741
821682
446747
645285
843682
321385
352529
207034
510004
830516
744678
301119
427651
880163
593088
779117
284519
70284
188851
953728
212239
297831
481145
233383
214790
777666
835301
260205
923798
464209
326148
964074
757459
705429
11231
77536
685594
164200
654977
303570
132144
831335
365014
503534
737138
662774
795484
32552
42740
195384
941735
820684
365164
768436
668499
186916
427199
619692
736320
167083
575141
903068
250069
419312
841003
377091
984831
803566
601761
850231
188270
843661
569192
911676
614470
417184
267027
579817
788582
423767
813794
991589
346114
385727
712672
788563
559067
159712
975828
271612
390164
337909
493629
884830
950770
55475
714220
754405
200954
453504
690609
418711
750526
245624
616372
764317
619712
762217
839570
61145
201901
752420
101020
422390
194995
271495
411289
326696
252638
710613
817169
885390
899418
563343
365479
888270
986399
845763
666158
544459
476359
238653
134194
312651
709897
727645
565236
194590
862957
488336
159559
182734
458442
410530
146291
491310
309905
232294
132000
581852
98341
788173
27031
987577
346561
277655
96616
900991
281212
289522
868082
342453
392268
223886
775140
728158
528838
868869
717419
99020
150571
355530
669228
968645
103504
405674
843667
949716
308784
474926
357265
263089
669676
260116
926123
954813
555493
883971
372466
489622
46944
951765
437407
882704
67269
81816
915988
282677
611346
622086
585370
292661
965565
765151
13515
113907
777167
101373
165680
888550
860052
805269
517496
897398
111398
360886
564005
822101
676972
498473
428188
306441
535310
13306
979739
794896
329522
449272
681231
358214
420185
473670
74967
446556
913475
331536
167141
847064
213389
853635
628225
550901
769594
565566
835844
859556
854633
916188
654614
197566
606490
330922
33356
789281
124244
129892
279493
871899
927025
208673
955213
956425
974443
944489
22072
569469
274852
938407
414615
384429
901089
364153
187717
570496
881012
677687
655855
754804
429063
181708
617525
377514
285165
855137
152825
103752
906369
370620
690345
994216
102
558917
998226
444594
357332
662900
255757
526331
538727
397778
884249
403651
233468
147623
482179
780566
915786
701522
595970
380539
411182
165512
290984
935421
405192
995207
693044
834294
90452
409072
714301
663038
20174
291889
54876
795400
235705
310622
361752
624353
92344
286557
347297
163227
14315
907323
311152
275167
766096
53871
359810
847469
325503
735781
741820
890225
414678
350716
648537
557675
421638
281554
83833
168470
993731
153566
895274
897781
805711
187463
343638
612398
918060
861519
985572
630619
641494
134079
158858
872670
409338
119042
117401
990065
794202
122367
869839
931281
183553
86024
12828
412049
932670
233076
107850
900413
885289
628360
887278
658185
864188
739037
377837
313379
115250
582542
847053
87580
552533
656707
245409
349526
432269
941869
866188
282252
250562
302487
950285
16974
452527
186987
66777
273295
464933
415988
502682
383444
493170
809170
368583
118707
70646
117301
573265
129365
164148
671169
298340
258271
249205
979579
67502
66465
148750
459692
97483
28988
336084
835721
601803
160707
235658
774244
684938
887159
338426
646951
116649
818061
70713
225273
677999
759560
778965
552307
886817
554576
21742
306897
516671
384023
168920
239048
242919
880425
575136
246819
54648
433546
409967
121965
82828
805417
696929
681853
180648
474953
211881
177558
646800
84852
608701
201428
487349
544033
248427
62203
679578
469460
894129
324665
445529
572536
795585
15930
319231
971239
263935
730568
831937
586924
924636
954847
173278
523636
249088
656144
584567
196974
52281
95619
957581
703975
741826
333688
520962
337297
397324
359912
838057
293352
30046
4168
725650
244089
91251
884434
856369
531307
500397
306934
867873
704830
292530
961874
834973
415662
507724
597617
416816
435173
501089
608760
89637
930974
401342
488277
201869
483582
605753
750329
471263
592145
461671
799804
691785
173127
175832
31569
689295
279709
640715
549235
357467
498700
777739
253378
734697
132206
667229
799502
246089
253281
34177
703646
487409
202365
584823
133102
618910
606161
592451
458417
933246
957963
185809
446299
350170
25689
445530
230754
70579
534276
844513
346511
924881
145990
371879
961059
262327
639597
791208
862856
685556
457343
226087
880333
674304
711829
556056
564944
709321
605073
453131
449255
136192
943501
979575
40924
840913
264680
919672
825618
360517
278597
397217
8085
233668
535804
276083
778379
101878
404954
170689
104720
128312
439223
150550
657524
979081
667310
525675
176705
659777
274096
848510
323760
664307
26357
206066
836460
47477
598347
186284
545230
347451
992973
389561
38467
559208
614110
525283
349281
515130
219108
704049
22655
664184
533984
243813
715447
561472
25849
268076
60877
974143
851445
539144
265730
181045
329094
475815
542247
747632
644885
317548
29010
261655
326015
355960
629961
221570
995525
459305
179470
516056
919250
622126
115338
383515
686919
25471
176776
312867
49309
680733
228158
666288
765689
59482
953479
311893
782999
382295
263665
540469
618636
533551
247746
646964
976581
754366
389846
4945
183556
23697
743172
341940
233315
487801
300971
739371
613765
785078
813771
552178
644163
929176
171831
422452
745113
99323
328341
679355
781069
914576
64161
516410
312527
421905
101118
440889
465087
288385
84425
56060
761707
884722
46956
527876
995558
979141
451206
823256
755324
627130
191042
505362
671780
978207
654274
42406
298953
744073
718645
632156
13994
386745
915976
163165
856328
723377
922824
596254
388990
739914
677214
270789
317626
721437
637539
115684
741054
451162
227782
875529
170336
748650
897473
395786
606173
743671
412556
416133
435675
861414
356512
1045
752077
778161
373669
639841
778726
100828
998605
673835
695027
102138
386787
879283
215768
102746
430924
447897
859924
505673
487943
659525
311827
257795
215542
901614
658054
848368
578972
315876
921273
19468
264201
997174
418140
497125
336436
334060
245883
631955
940588
553637
690769
391537
869003
734253
709611
532212
4539
838383
985208
841541
735170
392450
315487
17697
470497
287159
150777
704578
63677
517660
466032
699877
493398
425297
719327
492488
956766
143180
535850
939877
90694
298880
724067
916098
598009
646645
583086
732941
982278
891598
580311
19494
798731
956741
255538
12870
362633
638899
952298
156594
599676
471883
676922
363955
13706
393188
334113
98836
616851
304434
250275
503891
446381
935379
742726
99189
314951
247796
213677
818520
415124
535957
493647
684053
382938
532846
136506
808671
273751
903152
733782
656914
629603
414070
458661
632656
845820
248152
158700
106145
602042
227866
847317
935387
707
831312
439772
640761
225615
640621
486726
460567
989088
792810
919922
951144
432448
404014
901536
662281
531846
111166
267015
984613
708085
433492
211303
615816
505262
460339
4242
254510
715480
55116
485977
565206
948956
90283
937145
432027
793373
993899
214576
684355
318707
420495
695692
19626
155387
690519
28666
607968
593387
443947
534204
20826
115305
743330
828181
819252
197652
721388
777770
932866
422730
886311
84498
868210
886293
105635
312497
581677
587730
983366
937596
555243
435381
609955
568770
258553
169953
91302
533735
147019
782569
382241
878957
133322
438133
358261
601765
710709
460348
269581
721510
125089
20153
89758
336719
851195
928508
491490
592111
337676
734514
152236
816358
87801
407793
115228
290343
991925
371972
343531
925805
551080
81034
899850
476445
619488
526578
858040
843960
208198
320363
714341
525827
193000
498127
186674
418214
778824
636689
130868
648760
891873
228020
177868
760123
69741
351460
177739
195947
365736
420284
162210
960740
369210
628519
172156
132798
814792
837806
250481
828029
832004
165768
127072
978080
160119
412618
428863
979486
51420
359912
101265
212813
503967
246530
777456
830034
77377
542997
415316
757556
117081
252222
505011
499285
120441
228635
696211
610102
849467
776474
887200
681860
471331
687355
821915
729613
513045
690523
181935
823994
378447
898137
239800
900022
974812
417430
120900
93590
84521
405937
569423
759588
768636
500071
450551
191125
237543
106522
100980
132473
926684
616843
255913
408624
630615
918464
827276
581003
199321
383895
123404
934471
304151
477050
627716
34417
274068
54258
686098
715351
964949
22119
584019
731154
497377
520001
277405
696859
991568
268217
829574
586803
880198
526777
794883
719165
992148
980294
992015
298796
997292
518349
762015
133704
436860
63355
466945
371335
342523
251413
450646
684198
745982
281205
194405
418466
949287
434629
392364
969464
851396
70914
843012
509051
522426
135498
860917
244941
721251
351230
813027
780688
440416
836678
414431
71990
568669
786339
170739
88308
552017
589105
758399
763507
572730
522042
237595
571822
761377
11330
404237
839148
951399
648955
598748
279548
754385
660013
402027
629627
468494
477216
374726
746377
297189
967863
144231
119148
706366
42326
632153
520858
59599
310210
871001
369293
254348
884695
680851
682368
743770
855184
989110
209350
111553
310307
986911
506659
903390
257671
528251
991234
794135
498576
682422
209539
477925
54112
75239
649783
520026
238325
601738
60895
688995
497986
818681
76450
584829
875868
88213
212435
36916
98408
700665
235052
743186
127736
615937
226208
64879
430366
99537
298757
205865
574477
398913
139814
753856
606682
891524
474194
190514
331143
549950
811617
382734
258532
281802
32470
30370
411602
417807
12672
278642
979964
44460
42097
506954
656968
777741
89301
488123
35159
834426
907633
860244
905204
584905
887612
310141
889804
103478
549997
898747
500296
621198
370008
210113
365910
333185
977711
207930
972174
727611
987608
782544
517275
83240
82001
407978
456057
103077
718658
501165
281343
603408
567849
831412
268080
964442
328561
594019
376481
498556
560859
166105
847247
783276
4688
286636
803945
722853
922488
601602
267148
145532
402390
582341
803095
922394
568840
439610
447919
397594
632766
212830
399525
795149
191802
195270
582071
43435
514552
281367
906616
541762
334234
970884
349694
535156
241842
349846
508155
953929
308445
159796
669634
578324
312832
697930
791054
62041
517452
269486
218023
464337
100933
954904
125972
978140
51818
176070
528350
459183
723028
98031
522062
616476
155536
726119
348626
135859
153155
615206
853602
230151
308521
927712
47372
618873
721002
937594
304260
565350
966829
55767
459089
603630
158510
912432
237178
969135
173599
342746
32395
243267
733044
398734
516601
570754
253917
696966
271418
641721
884210
327239
18498
548172
787240
50225
260741
769003
772966
358863
786287
529004
118391
379576
708266
278277
190251
433822
401805
488506
472075
517733
976780
50168
775181
263153
322931
439967
989845
13425
1643
131774
854558
700138
273374
600540
314607
198786
832792
401946
447431
819569
792678
555581
222301
212955
13454
212044
633122
658515
171606
946673
346385
255697
406033
789850
278464
335247
422182
749293
881766
265110
122100
177375
517282
317542
484541
976580
37882
946823
422536
541664
139868
67193
166025
383799
468378
48710
592616
712934
20805
755525
207326
241825
17286
256837
812542
716308
124080
438621
645814
863189
163106
962958
671266
220055
710941
499140
758456
325570
664347
28678
468438
329035
845563
209532
959532
274857
807524
572598
610017
398779
69731
738684
795155
259857
874948
735788
608684
203024
125353
507937
902287
766227
554023
106739
127604
697648
86203
705172
229789
888565
730835
158693
203267
92760
915150
543213
282197
398492
715195
846617
742059
960378
269355
633741
989140
204694
246658
213974
578812
598801
881901
93252
670408
516588
60272
817914
319957
460119
548247
663902
846120
177628
684287
347071
479280
59809
291492
783838
293885
432502
338857
792830
339996
568999
762651
465951
931889
970670
259776
823867
876170
535459
996953
697383
272434
866429
156537
167190
338011
944887
592808
691211
346283
538011
992696
573703
997972
353619
224191
544470
461665
838386
535156
499272
1465
432812
898856
108022
861709
837814
232301
701047
708454
248704
938217
432476
559819
298337
737206
775196
858125
204230
186068
121080
279318
703374
351948
798306
912005
375330
678080
457412
774842
163233
338092
567198
209923
505672
198814
165600
443786
207596
794987
922257
823067
307278
976768
345585
466318
230594
90436
747546
6753
272030
344752
697334
193757
532271
578590
676799
311849
31272
427744
537928
772144
207828
596158
321659
905048
491075
158867
280410
281178
123373
188068
574274
84816
517994
721826
731706
770424
155175
325316
18001
42501
342321
155127
900569
675045
217281
246522
705058
13434
768129
506752
29972
680668
466264
814958
145177
667390
406800
22113
695593
56000
531665
392686
974089
499579
242702
922253
771583
467547
769301
780815
813843
543804
101099
200508
56537
734114
549637
641585
503032
165073
933867
94301
120194
684830
635279
194812
92080
483728
516257
351385
428135
180739
410418
714205
428558
132279
580023
411087
775450
362243
697817
348263
101580
415016
792678
822455
426059
41984
633488
893918
63374
937977
608359
407369
855329
750411
313539
372187
555588
748980
733764
105084
21003
317664
353863
466313
689778
148802
608361
573117
698193
256399
764745
610952
931533
139434
50396
43058
519381
60693
50913
792447
36908
791772
779234
731771
948577
889117
650134
117940
365785
898128
12642
747103
312175
803396
79224
617618
541190
506913
86280
511648
560314
356033
842474
938732
280816
427807
161416
732325
406287
475207
180460
621402
798338
459518
722800
558809
329329
598094
196711
427309
547198
87254
753468
860449
614639
198762
908654
350448
327479
172344
528454
355684
422143
178119
258097
230076
247627
151962
68933
276324
243400
494832
550019
734301
701138
278429
197763
65355
258498
385921
341503
724009
116739
984592
12029
886461
647407
630884
74556
323308
15130
960248
634088
415518
269184
888341
891847
88929
994029
350621
691446
842237
169106
604679
511815
466691
733538
968670
9650
563572
302508
891919
384801
535867
300076
561092
134927
449480
252818
942768
608484
554892
987531
626178
413932
558913
233247
793260
744272
16673
326056
8007
568970
856488
901540
79510
180480
142136
62114
941293
422600
824931
680375
208714
118547
713088
12970
669242
156660
502875
4135
110614
575692
11371
870512
893811
420576
213107
618882
712716
323948
122546
534204
968217
442396
807495
491169
883461
978093
771020
727575
559287
891549
582809
574326
25002
985063
387769
640786
106338
786478
884225
606477
707605
782962
346338
276025
35217
289260
742863
216616
942430
922670
546582
786009
27449
478443
488924
292546
837495
890010
594750
264157
661668
393892
457025
436517
299055
459729
800681
806192
644195
58566
883421
684595
337268
342309
9453
82902
811236
363957
179164
117381
924460
574095
226370
848974
29043
792046
658218
154303
755118
98228
988142
79853
476924
335755
67761
418548
984226
238996
586635
357680
37078
805977
863419
860355
445641
130805
851586
549077
323718
28931
152356
442777
602839
340821
329473
190858
427036
296602
479422
84744
674100
69545
85723
578437
395389
205665
374232
55819
458498
446466
821741
174218
777778
439372
179618
625252
284509
1401
264162
928340
479309
103983
994163
875861
462162
956944
894400
337662
12061
666678
431101
428625
159621
425974
786791
361730
66638
228733
102496
662008
851346
431339
508143
706530
804300
219545
609680
459349
225976
477215
558076
942646
92090
109665
974395
654461
156511
604402
10191
511470
799892
934360
143145
671901
275157
408820
478969
405823
595176
981627
14667
194616
313868
267154
694585
868982
218536
307084
454933
9501
932078
896238
21931
153538
425663
498159
567882
837775
442271
685489
771254
504382
142960
137126
158846
972513
865394
357698
847176
957246
550970
619556
444157
564749
72609
513503
900551
246622
722181
903895
819645
204649
288229
973805
873789
99457
759255
60021
479930
908459
420878
682467
984035
255412
434296
698659
529554
542290
859074
116389
276369
330891
572143
26253
220232
961429
753923
46482
966466
752877
932666
304590
189657
767398
116958
53883
299958
749224
915769
624760
4648
53539
860783
860644
418474
512053
103017
731001
343728
385240
138387
895236
886290
296769
681914
925717
748389
917988
354623
510932
880831
341373
272905
848039
191838
529187
967057
207123
245339
906326
328104
989394
798723
895572
825932
906471
299026
751061
406306
853499
601279
758880
686773
42270
837266
119679
620925
993511
166872
651502
134972
101173
920586
469443
564729
64398
460021
515739
598651
223055
253282
566803
267028
43209
172306
256434
28384
374475
926816
432591
40855
865214
352869
82370
881163
73468
759227
393324
169597
192686
234950
953791
115686
335183
281536
528852
995304
430524
624348
653796
279015
240896
299439
887657
439540
13677
804314
570848
968443
352643
124164
414966
475005
143397
296792
211218
795800
939446
82848
861406
821416
222464
992622
716246
875128
54959
595538
506462
852406
353053
142767
34730
326424
84572
760058
305791
167492
241906
540617
499455
569216
539420
712715
255960
620253
608332
89206
591685
835717
492908
710949
753011
714884
482395
146021
165025
658301
113322
454616
141641
228883
847487
145217
783160
817983
640741
198196
688333
411514
313347
902396
375751
297159
171720
693634
368894
851379
962178
78859
572626
410587
548308
88514
55071
61753
642172
981112
215772
766069
72104
819279
768638
750812
163332
679234
320390
640719
480765
765166
396956
162543
960819
224768
120481
32425
239107
591410
366765
824404
25380
897534
185405
521471
531903
961719
135502
727637
3307
388435
783610
384903
255689
206787
58062
843239
698650
408553
915949
680785
76676
277911
901936
283992
643834
718772
348921
642393
978602
470406
331357
896730
394554
444708
944516
929682
965728
450465
589618
103413
675094
752795
499636
634960
951834
28167
973357
286443
190766
826821
511411
633196
533071
773731
71928
646248
480443
905707
691543
982077
731197
913264
221867
112762
956394
766799
935842
332068
721629
844492
246888
300157
70674
360903
159729
767989
286630
116983
406335
722548
15269
909116
609190
858451
944885
76810
904887
755442
118763
1184
840198
147527
49972
379289
976542
977131
393354
12351
192003
39707
405038
750379
742726
720126
527873
138411
287213
238190
572785
953678
367940
820883
775519
83162
627144
478590
280928
382959
746535
372613
924154
224768
377479
340537
321637
920872
977088
197818
394313
174551
586368
176289
281862
608025
909640
309568
233238
993539
983779
431164
404686
665023
935666
911156
106380
61507
562939
169087
270608
663148
127537
880079
598837
962375
601798
179623
303928
166120
971194
519169
251380
518130
412655
341793
646621
683022
487650
585140
463186
607063
527752
653422
145988
93991
304622
884293
974679
799577
760493
244756
4306
894416
831013
473721
531422
250186
477179
224307
790233
848231
800408
745650
968090
531330
588553
861600
370020
477592
970378
391054
512916
915251
956119
160174
679057
167172
989467
16171
187139
390560
632130
741477
527871
759739
285028
623522
857764
574609
659089
451251
373285
760620
657896
587294
907917
689741
521565
157879
411226
573583
758581
449012
30726
942341
360877
880185
817038
273786
844277
997399
618889
457216
565220
985196
220024
697107
523295
994171
411592
505240
127865
684254
949810
26392
596964
327798
395258
586096
153260
473375
513926
51839
948601
171979
877462
540147
230834
634046
62808
732163
367863
574817
873260
335018
623691
694427
134150
471111
347126
469295
461822
668419
478477
673342
819209
149842
856641
840668
98859
67699
749780
834788
493807
172808
48888
893227
105147
205884
462949
188531
907814
73366
111131
32015
208384
762028
805681
978528
148879
367997
122464
931052
824902
169645
118483
159201
15909
744005
308174
811673
199248
762843
835229
979612
865197
963870
680443
419612
513071
964250
959990
890184
454887
2694
157689
542215
111030
517401
770551
402186
789737
906339
9366
315663
308730
291173
810160
773371
947990
953209
354514
279499
356018
441007
25425
838234
444333
169717
679204
738871
147570
164811
803704
730409
727570
766206
289082
975392
820273
871575
932811
256132
830379
702466
691340
47053
627314
884808
582603
385481
824792
691048
625874
125426
106247
533442
717342
648681
393171
801356
377589
862676
635443
324627
970950
167862
201571
506330
27851
412076
507602
423613
826670
89791
425439
705331
1496
373796
741077
233546
306121
801065
146178
435487
966890
748056
749633
27926
799356
733211
629582
714685
608218
464548
31077
524935
61504
111997
683786
263546
413311
675161
473420
268842
86511
514417
370641
101898
422206
702392
148551
812105
130090
316098
402418
321369
50091
378098
113316
428853
986343
506319
496323
435448
849162
126847
664421
959070
550266
265397
498982
677101
569099
394549
646965
238081
18870
291004
218902
228235
143700
578329
721127
138126
952272
615116
491170
233784
667113
293017
537893
346941
392657
859202
892584
479188
535937
204560
782828
681044
923864
158792
944426
296322
993571
477755
210418
924946
299828
350229
722157
820497
193702
288567
450162
672207
129027
913785
791526
929086
607
210813
138027
216342
438699
421092
643225
799890
311765
926828
368454
324012
325445
898174
827003
643217
941854
957458
315603
495087
355990
667688
57164
581160
53745
973196
102512
60710
341650
31034
86697
241929
916443
642142
453750
651833
107514
336315
45292
653658
315674
106395
658871
406862
338375
881297
901880
751245
195197
990337
827284
791977
408189
514977
942512
201248
207872
143158
589843
546107
139187
554011
135032
161532
141044
769509
536140
440755
783289
457857
333484
154820
909622
690780
964164
406827
491288
78280
616124
805521
761718
938018
269503
21881
142882
426488
133034
424211
776940
740272
142066
342657
321595
716086
707938
108682
681836
609800
630947
685221
45436
506869
568744
10750
633969
900624
297920
846841
690950
823096
599563
496058
875384
207019
771953
189264
5073
101327
533688
848414
937392
323244
703160
811752
167972
213309
209245
463986
483813
777921
114931
789332
464975
941237
934065
922839
971953
371921
926569
937127
614486
170980
127759
868341
603994
916150
911950
727013
557197
157959
984053
337348
260220
219342
980535
809248
868503
675911
913528
6777
494585
917297
546829
105318
168738
732268
680334
126328
311021
936790
101723
374864
254459
176234
506912
172978
783974
992859
423958
405703
394207
987147
763979
474828
509696
246979
398330
984046
647521
777354
695516
531841
978529
37535
370806
664508
101844
197674
949713
135399
478991
659624
262559
57813
315158
714940
811297
106326
979834
10177
226632
833982
563097
63015
89970
746986
274023
597388
965037
778940
505586
832931
818287
653964
487
826800
168762
776830
194341
991359
989812
332232
249420
581687
890930
888658
824212
356916
60050
232462
581245
863437
622201
472483
343182
387891
796517
857521
568959
154074
644837
971023
649964
40052
58802
691441
588149
260017
757117
90424
48064
801743
56354
324009
688628
485853
889594
33351
193384
739934
711426
682743
609537
150630
730370
914145
846345
780252
359748
809830
170695
980160
861128
892389
138092
936364
575079
668252
479289
240455
555028
721853
2480
994166
23973
163575
262679
82310
314445
313146
575212
621521
414400
589616
364796
4412
337222
375274
718222
546748
55134
583905
262945
329374
770985
634983
750818
603551
233449
452533
742792
49038
241410
669464
298879
676111
615869
864253
309771
364311
247003
586054
13028
877313
716700
267847
358113
656069
153496
303957
735795
720246
559870
940150
239519
13579
733503
257931
585979
536248
844720
460076
865934
85640
90886
799449
19822
675972
418591
337106
548333
704313
902826
182652
476085
60520
847456
883449
914034
835517
972936
826165
868506
82761
400824
440363
43368
47415
294313
728097
907685
642521
10083
426774
179469
459530
831180
625973
474088
824487
316631
895023
203559
85396
132353
698851
273288
888640
740784
781985
416228
114928
295823
102043
580705
350461
597759
850695
259683
124394
736775
637618
170363
528895
190978
116600
155311
515123
506614
29565
454098
295657
645292
757381
909899
935260
250052
345993
722864
31503
125798
455033
487535
966130
235225
289767
358428
834180
807850
625258
270803
311790
129691
560652
707981
905838
894759
124803
362229
529702
878462
78928
190928
251502
810751
635404
27901
103211
83363
338948
528296
672082
972468
832389
425647
831704
57568
67938
425586
415741
843319
585324
329894
797344
971045
999130
206337
211683
307300
571238
291425
153137
99189
865828
993464
109153
555487
152793
481793
248037
683926
290980
39160
531989
938823
273839
521924
896152
246547
351314
301352
202857
62324
822969
809836
736138
58280
863421
756800
538540
996739
490365
548954
661241
446787
667706
632873
185295
573808
892446
936360
622782
414094
591621
51043
130103
201242
981509
839718
931240
308367
787385
369394
153939
226487
327910
226120
421142
762592
677786
709535
983238
681230
64542
611408
97283
104815
72744
995994
231648
514928
23288
579333
357847
771299
311659
527205
375370
465604
547638
541715
454632
141597
758884
56401
344736
748375
516117
379756
638057
893661
379877
631674
56644
603710
337000
409271
659821
781651
861291
751890
680513
288344
116056
230320
906902
268555
556895
157185
533649
204641
22004
606446
881871
882815
593497
344579
407117
837863
878320
223805
916662
158283
278876
723369
772766
211874
838307
662301
370306
365972
383420
592315
300902
592003
264559
35689
990963
754207
721159
818649
743378
821050
281015
194306
150788
878294
440115
677139
800434
144054
991758
769493
512471
132479
767620
419466
535352
496652
27914
42475
351877
287422
121740
539020
707756
498352
594901
841380
698133
141185
941478
531209
348200
342646
810869
579467
771195
486158
598640
182315
825914
457249
257618
703831
329402
856704
407644
62864
358336
944374
573382
330030
234905
456272
105454
140743
710811
370921
835849
676711
213518
976882
176658
406067
173561
618730
793494
466910
728034
129136
267266
819373
103714
574920
692267
585273
468344
68716
513516
412338
962331
386282
584721
380641
857980
63383
752136
593264
803366
223661
442099
410980
241171
900865
404571
653766
972019
813792
193617
244862
642118
59620
147566
353760
746980
885806
37384
960669
301329
589855
489273
664824
285858
838315
295368
348957
987980
732133
337453
726123
436490
989645
518762
291052
554380
733488
53084
405359
291655
447667
687164
951073
759774
528975
316414
185012
408644
751622
135822
801155
115480
461273
526529
135035
911760
7091
88057
734141
46091
934479
47968
130984
430770
310054
157209
211096
461616
736920
179363
435802
128562
430065
88359
331746
84147
458076
778326
740283
724411
29023
988458
621894
683549
768237
962231
986289
950643
344171
684255
249605
165273
591897
628249
388360
740042
89149
835350
547717
858468
36169
194608
547522
427734
567233
379278
50146
887079
447911
753868
189262
514844
37908
249100
2002
330898
11317
652704
329252
518040
384111
984802
372568
719548
510416
16948
846773
430006
782117
866342
982717
228445
384448
400815
830021
233672
748463
776159
597308
72308
23510
714569
401374
954017
74823
626613
168524
14640
531730
951468
105264
269604
529183
928272
438641
662719
997657
696917
119891
573239
142662
762320
375117
3709
294923
721686
622559
258695
745594
34557
568712
183247
628565
879653
117468
855501
497466
43205
655353
21714
322530
810552
612302
20111
843455
613707
850617
147262
704065
761205
880129
962110
265371
82145
546701
196369
900109
613082
622570
761551
256653
72795
334521
362561
6889
568917
229007
152073
959957
827775
883553
589618
657664
975047
431414
415165
823145
742674
535497
534183
796152
43085
362788
863349
817665
313914
97598
856966
909969
691998
185079
466928
557139
529335
45381
42951
60736
458098
757493
311173
684615
283157
590532
666534
8986
974488
565739
101230
988759
419488
943428
906859
380657
696379
40361
31096
234895
393549
60058
10113
921778
44524
427619
745384
674381
986863
819889
278325
798124
684998
124993
920042
286780
487019
443469
813070
358161
810948
189787
446290
451160
626158
744390
166738
83827
143119
172871
226903
640396
874517
163803
638937
921013
965240
679761
608105
507943
50988
769208
775644
422498
825149
390135
166980
367695
317127
971198
400353
296303
88761
262638
836023
415254
506010
503998
356395
884017
809515
572861
747785
482428
687431
55490
996150
687100
672148
826504
831243
311882
334581
823469
587451
301715
842167
125384
537001
393821
809690
202882
509795
866339
798687
881101
158953
568220
192142
217225
178049
254694
738272
743979
390591
111272
94406
496668
604830
632477
262025
811493
397344
949014
175144
92384
68381
661034
492990
638154
242885
526948
373387
346271
1412
105253
643781
126962
121610
828084
601760
183621
836260
479459
778407
73187
563770
54418
291378
612570
681795
389554
591500
421416
141502
579132
664195
146419
488220
797278
630741
141605
839415
230244
386637
567502
945463
205678
263883
714887
250645
860875
246447
8469
107211
929080
658964
670520
637769
200709
509769
729293
516107
756790
260185
468762
853512
174965
178027
193485
822920
952713
212689
345279
549295
876813
364883
302814
521414
854956
199562
919912
695052
822371
268731
836105
997344
855731
339578
360106
986690
759539
483312
517796
409453
403802
358447
983784
23009
359671
832332
932396
418348
70797
563762
610095
219891
819291
191281
979402
403691
553095
136956
747890
644029
821813
937067
203448
435097
37521
174883
927728
936987
994814
592447
520552
632504
971093
396020
646510
208925
674983
556226
991503
305175
513851
518232
288284
262433
386191
617405
787487
394149
261257
399783
963524
618133
633385
146374
369430
346096
752954
670634
880945
137076
63482
585461
161748
438852
682524
115733
704519
574601
512879
857556
100798
803700
109326
25918
84007
454669
996102
673898
843253
315914
79145
400041
465611
170451
194298
580451
334124
699943
837376
321390
667900
1914
676969
125131
80270
266028
882408
155752
983216
225512
729882
660284
313875
882343
696610
313895
235929
974456
89341
718376
658637
455260
553869
995372
24564
183226
996762
151524
110337
973649
937790
665377
244976
529981
409317
561624
378503
707434
470247
252254
621688
72060
21243
274914
165950
211136
44409
63497
359051
658380
456332
53150
737874
105210
747531
635505
480628
933967
739894
230306
874515
325088
729985
453121
490510
865483
19760
658372
49227
497764
949795
853290
888410
977248
11867
277893
537437
375531
412935
431580
828401
987964
180574
173634
602687
458198
468249
109522
76645
647633
246634
397315
526470
796123
338723
57013
473500
215689
998083
306261
93477
245997
425745
789386
788872
661144
455411
741211
314090
922779
260467
399447
271762
219281
428157
980798
949400
914839
799982
65310
503245
700575
140825
164376
766784
350929
139768
851912
873807
91970
874544
907003
454825
330293
445394
365171
2027
486069
262512
663171
760099
419878
604808
63538
764027
451247
711184
436191
70589
359082
94486
250040
473943
53559
331003
386654
946443
770259
664049
810962
919111
879398
646469
931598
904524
402838
927796
859727
165476
929888
624597
634669
733794
110540
375330
188473
680032
418949
450461
165237
911902
331819
628412
730399
78977
21060
423101
704659
333490
882778
453105
99415
426386
479238
924384
20057
735588
676788
134813
709821
303966
708188
692493
415638
461043
220770
109612
541921
598325
471964
837966
192889
306186
115185
318067
58397
385598
52424
380643
563655
720831
726067
983021
457657
952327
902986
68442
1551
599827
729979
227778
223790
465767
589060
746218
662632
664162
292592
447622
932650
648025
314199
2896
414856
286998
784441
159213
546685
323340
447427
551035
475885
521994
178152
59672
376939
889515
842894
340606
11912
542894
200879
536916
422303
753532
119357
47152
975286
18188
287874
532495
356244
980223
459703
166212
448441
762334
819226
579965
886325
79788
202343
787566
982762
867074
974592
695101
619047
406800
426749
681076
836350
18156
538840
801954
390394
863994
793338
664860
721658
285173
427865
285836
370491
816020
845123
183713
498910
157742
505642
618672
807895
424829
950903
491611
885555
527900
231077
953556
600607
736334
581755
98476
54937
551039
474933
133788
842003
435554
828789
194218
281662
263084
37821
863725
773289
319292
874355
78619
953681
582192
760486
979271
951118
721758
609145
196956
765396
965723
592950
821735
147268
447821
995900
39117
39217
919450
819176
908254
684683
334925
594132
734465
964833
68783
805607
524331
4775
864009
747478
765797
532026
706740
526127
836716
912100
493746
745276
38536
348149
890419
128809
363658
747069
838761
77219
776677
227382
327548
219517
687678
132464
151258
637028
208306
103566
269998
172647
186663
399996
160333
720487
478806
590881
21784
72129
824516
43064
110441
166174
119486
784282
2104
973842
392462
162782
898703
996742
753817
342636
95925
39621
622137
739646
860559
549133
235621
630126
509129
239332
177269
127637
300507
511311
782580
934515
676209
909825
680252
922987
322287
305817
163124
619496
965554
534175
789776
773890
68444
331981
936187
148361
660749
733233
16484
379687
325581
438220
304129
269430
433502
371227
582015
254526
409308
226190
888999
570564
848390
244019
750229
33045
143134
306418
69974
268501
513007
387785
878217
567808
859736
662098
261424
991170
958990
141055
965274
704788
514754
500915
65043
881400
361130
229014
348664
760907
809387
339613
363856
611019
956246
436589
353893
550305
700263
336161
482253
54756
937955
610786
959011
961379
339344
609084
743010
233317
767827
410070
350981
434733
818522
427561
897036
715282
452487
364947
293319
267446
990879
999094
213923
726963
623840
235985
108660
555141
330002
807836
435539
60915
202052
214720
766145
360447
315913
885772
397257
580895
646373
743258
996291
90959
371141
380886
573706
633109
846213
245375
480436
43592
89354
901641
30198
391375
853751
832387
477523
165829
818228
797488
329330
162867
376402
287400
838559
777503
723735
362072
355256
538295
669305
271491
216905
23697
452932
343835
430252
925001
25750
179471
594318
522665
410958
42101
905419
136439
881929
694933
572199
747814
144546
822118
527242
786891
464258
505304
339713
369382
575958
859221
305170
829413
280511
362317
83469
753290
782858
952650
571047
424468
641376
486743
383159
77063
744588
483286
801889
44415
414046
809264
68894
668399
249472
586454
153572
192274
65494
754618
567406
520283
998202
312924
998853
72867
909350
270485
929950
922314
700151
702580
61396
621871
377068
349431
428891
532415
280497
9532
789346
398425
940577
325064
725806
304201
63980
533645
363665
592853
305261
379924
88948
689097
93499
389657
647292
761162
405727
837756
839143
461897
480679
945516
379638
679865
909997
24798
103744
307191
740885
756053
746479
418902
785590
398284
399188
180554
656975
415642
911499
703594
830839
969850
343393
280876
470585
385350
668066
835546
959829
82076
100467
647851
489575
923943
349761
276596
594194
712323
475607
782157
839063
756941
85209
780628
178395
276713
603648
8663
934216
415052
909231
103527
550161
365869
708259
973581
713861
989505
557910
590724
265274
350904
478347
545120
452995
330259
793826
420206
661448
417868
571810
110431
600745
136209
585380
832400
386704
436177
96359
175255
631382
431502
307163
900173
96269
460112
494824
431271
755549
721659
837476
966551
148779
673893
669304
970105
134778
990939
987343
937511
881230
815443
282453
756959
460907
977764
965020
95517
151217
931825
524594
245723
572897
330095
711228
354489
624022
149833
488516
273143
213887
282223
523122
469054
73990
751480
549849
307156
948081
685
563620
526386
67624
295829
479256
547502
221197
622213
614379
774863
869223
187162
470171
54295
514621
437069
404722
36132
712323
6932
968713
788496
475045
601810
219902
778057
215249
709431
182702
963679
587452
826976
232902
65486
8634
465865
361417
591836
718779
617802
123011
926147
772115
86581
789196
638153
524814
527341
596770
254591
909068
801162
336108
735318
624780
700731
139810
926746
986005
533708
84535
391647
815213
824013
914417
400556
848230
162051
751378
355577
558453
997730
925108
871954
419286
939991
303733
660825
640369
433833
474505
615502
45954
466972
764517
283259
731736
851016
492539
96563
152457
582587
623283
753266
90768
47857
430344
108590
373474
379730
419879
567899
635745
763656
644164
14879
553334
562301
772034
352997
221154
74820
682671
983422
561581
550668
640189
269169
841218
706353
407874
955147
88842
511206
950179
948633
629045
876131
415153
823073
554375
349946
889157
993207
231012
708396
113117
111808
837451
776000
262288
353144
809195
771818
290431
766059
293264
292009
977837
127312
58766
795122
93706
239165
828404
288252
860132
371992
781708
681589
44707
346488
680929
919639
50503
382827
885218
739920
103356
861735
900442
479408
121438
592854
348869
732819
161906
956850
833946
592738
157101
185715
126621
991762
821348
38889
949848
277806
324173
322213
683000
814724
57522
114780
950713
544216
259479
267372
858217
503842
268724
916556
854620
73246
333404
339632
797059
674610
39999
563431
431276
533449
725729
492060
863116
249118
301039
329569
612432
651715
777048
432938
640499
954575
334491
515559
365299
593122
24699
980741
969079
243726
268664
738810
244361
656914
400136
496444
818609
213280
742848
147589
332206
506576
881498
637043
470721
749814
963469
3634
129505
336176
959887
896838
189523
155724
775364
707137
126545
580756
818005
5759
791395
367366
498649
732484
275215
511253
695797
417552
456561
464196
724481
237320
448387
581365
902013
74631
393592
41235
651511
607092
812691
178488
81029
660554
53122
539937
726150
825477
481045
967375
829822
131403
419909
407350
68861
539638
844836
771640
768096
493183
745001
368780
167532
585479
186045
697377
577301
339780
729395
874107
144162
967076
676214
863207
359919
125070
275771
291965
464505
629738
755132
360855
465045
809089
768667
790410
112526
32370
244351
22199
517198
842496
64596
990770
317173
454224
45458
237475
114440
912827
595804
87237
111728
768492
922226
9801
489336
279446
207040
110485
692758
858603
358994
389926
666290
898564
570375
416991
788076
825972
39189
120381
603092
91437
900137
15776
824529
545391
424289
585001
84372
207647
264647
105510
488773
145426
864642
987564
152611
349328
704350
614674
500489
251526
71557
435683
173565
317998
639932
718575
810591
498516
746651
814964
954361
76515
125992
567517
142200
499424
721592
99789
245953
178753
403364
66958
215552
448473
497760
104279
691994
195846
801893
329228
451176
747188
236030
243514
883080
977370
680312
948745
703730
761396
265868
84786
397789
649286
857482
430963
798634
355514
422894
458957
391903
237979
389807
79757
572680
102024
728144
259937
555464
395810
16190
631580
451520
766421
479582
616179
960770
582827
802093
698153
454056
862415
696379
597967
382151
920409
699399
305011
732381
806747
335581
172475
161463
355827
113969
138204
636881
484336
644642
548556
655400
472382
544907
453774
483137
799898
979820
820727
566191
833481
839916
628598
335730
292099
266167
240904
396295
924197
514355
738423
958729
650379
581696
616042
162822
161423
525501
222423
448375
233950
118074
705758
793271
764881
171601
88095
761665
836929
113992
468455
906124
609843
846697
93840
324417
688432
311750
348205
685998
194576
884764
379034
81935
210884
987847
164160
829130
336510
28974
803815
932535
430584
886467
478957
939670
837825
137309
287698
177257
540011
65847
71746
816536
308799
714385
431214
41744
853405
932452
555452
33213
430813
353009
871534
815501
93369
978524
781864
521453
992323
126770
859702
638247
266206
302915
838609
586832
559264
215988
360852
224773
192297
353198
857744
398896
942371
683117
511546
500658
225790
687927
61065
530325
811634
766697
883827
721321
871388
544031
434880
972789
420580
308267
383590
685864
624047
982585
498732
844843
78599
918493
302414
609677
168809
420394
122589
95449
579994
92307
302322
51959
690449
691921
359052
37972
810670
808666
24678
938388
652602
931995
339454
961029
315232
236800
871364
260226
498421
765914
842642
46243
25621
162085
880821
131401
53269
258207
491570
335877
159854
914628
371928
156582
400565
872831
160665
194880
965274
422635
794032
341664
882825
860474
631528
297471
318495
111585
723807
606419
585184
179446
412190
461552
170988
392476
988697
275356
632066
45171
548663
770559
917312
60185
161176
775796
476016
792398
452990
847785
52022
312311
862643
352954
409972
463704
612154
342896
996161
927843
878509
581206
529510
598767
36878
944154
256050
218383
186282
319386
481358
503868
446696
390327
404893
502538
86677
977243
811969
59696
158919
692860
63109
183387
933292
677570
57785
944378
135104
552888
922076
614977
179276
143809
292952
14621
760406
159649
904636
320476
544085
738399
796755
414819
70705
837682
200661
45830
135566
471868
738278
954068
176154
135764
667565
807936
808701
373521
116857
861055
397897
747331
196644
898427
480236
664626
459965
111610
857508
62570
798999
855539
471000
300381
948284
638545
761816
379889
32898
954842
583824
947704
654151
753182
209906
744903
935212
505502
333620
393577
348348
709646
639092
981505
166673
234525
518979
19508
190005
816579
585204
502526
263244
902925
98113
402300
40917
276504
382972
936297
106959
500026
448248
635438
6898
55031
196601
172733
742017
154148
6832
125373
477335
94016
350900
273410
646364
138475
3568
678049
250178
571742
898519
714023
862793
52282
33362
678771
478828
673267
200658
67467
811777
881743
963334
153868
582676
814183
271920
613538
5926
468160
962486
46136
293039
880983
882804
40987
390535
360847
988056
383407
643868
142588
274477
815206
903194
316855
136563
580643
676484
613581
927158
189966
544255
599267
107259
371261
566177
906581
773920
851108
455173
793244
655307
55754
699532
277304
811098
266808
471626
459600
54027
196656
867552
865835
140314
398745
680120
557733
595067
654180
81751
481412
661441
986690
539811
793859
240456
142225
654928
666062
15479
567660
427787
188197
74530
171274
819636
997704
50205
483953
116490
527882
249470
994446
316135
620197
210402
411402
143114
500123
873130
155305
61544
426790
624301
640732
74451
266249
132293
156426
986073
810636
770452
179347
346987
803039
550980
939390
713722
291422
650049
264168
92068
707262
322367
373788
125139
466175
546113
859948
832896
379186
586798
608978
984288
660690
170822
705847
895078
366193
551838
617165
467865
567862
332334
124266
777609
472812
266372
400220
941124
831250
703173
584764
581775
416449
930170
725874
458810
563286
664902
80001
557311
701995
17338
985677
46699
148264
268771
40306
486132
578525
544006
255761
84715
856546
153531
311305
789935
813935
586464
674903
337315
316551
708581
960057
414721
709850
698438
263163
782440
415407
387542
178524
628305
723805
766990
720310
660200
334757
397230
110766
938649
737367
756373
711577
849570
103992
44728
360456
410855
132868
259645
994719
406251
512954
555705
602675
295467
604596
700926
61950
606639
521544
235444
736720
980716
731746
942749
273790
126805
823637
133367
171353
622088
45403
551535
804984
80698
985541
462595
982217
812123
188553
937308
271480
623282
667017
491461
278894
618133
432998
842916
547212
511950
419460
773967
532941
634264
90799
850525
133129
34805
365568
125199
945144
175052
436361
800971
567684
990799
78664
945178
854112
295142
648877
847896
317233
956772
780050
735771
393290
700238
734515
394467
661044
929878
731236
593849
409308
656330
84669
160324
672871
40745
693348
308000
123752
879518
969260
93251
600221
467818
537664
437690
854220
640282
969747
227191
928275
658458
305325
957089
114187
29556
324252
714494
290508
404113
318097
284001
229908
198188
430557
859713
703276
248727
771990
349617
279406
637404
679727
55127
613768
438929
378451
337576
855898
363048
893010
23077
764069
669025
517042
589443
945406
2260
882740
158172
840192
880920
570942
867844
857964
825716
797696
770490
832451
63596
543439
779355
100164
684344
196052
448469
730942
764414
306718
489744
457186
968185
818390
207618
617036
721009
574726
51435
49504
543900
826430
736622
896802
310310
330260
167979
432792
646840
314918
184023
406111
556983
249301
834059
674050
717717
81312
123615
906711
836433
15535
197270
123859
47094
759964
252519
898062
927012
427438
845183
647024
901244
69899
340963
123547
749726
930584
422110
79111
619680
522086
983155
865238
157956
170423
112397
475173
399925
328371
616247
265742
288435
472366
309617
6528
341042
240626
592556
328026
126684
485629
138369
847047
677173
482481
574855
683546
906630
803919
157210
301619
383642
900441
259616
917884
514153
131361
473141
910873
802930
741495
351522
381326
381871
917355
246026
175367
579405
394686
794382
996739
620880
277802
451655
554295
277698
171238
78440
768646
220953
347946
262445
422537
745771
508015
275916
978495
719202
443450
153554
375607
676959
234550
708790
116290
51860
208185
821240
961772
787136
328032
294479
373399
708516
527780
572945
763526
338820
590892
346635
3645
328265
401035
490963
347256
736254
943183
532110
360299
664587
442159
251437
860288
585852
563501
788132
300203
434793
728338
203913
998656
835885
415662
32821
614433
639289
348463
778756
843147
189040
157583
355909
535872
191927
639599
490072
361281
946762
515289
835336
735114
886532
591011
319261
918522
329630
999919
909471
168243
699877
638956
397188
213676
646718
248433
631694
771612
690573
248130
552120
903919
705847
741602
676945
999041
769247
258568
287375
476662
86504
799939
253790
152722
957662
201485
648370
640203
168968
533114
409983
756859
742099
54723
411010
946246
432909
38196
145509
687907
143746
67428
670463
821291
832090
281239
205854
740822
518429
146177
371974
172603
605947
170447
123381
943054
765253
90239
799593
249257
809259
299069
639073
761530
76001
763274
489791
568265
176858
604506
686451
222918
389777
653731
342796
396152
351544
404351
177931
614913
895933
760902
771331
280264
425365
335150
778398
60461
732056
494474
813412
139182
416608
686613
995699
667453
670419
748362
373385
459137
246679
895522
234785
940428
633600
668940
110654
636448
604489
968763
460384
830865
678319
314403
157342
286144
511539
963087
206851
964171
103692
854182
608326
446749
173155
51198
65473
220326
244981
303840
290035
516215
724454
879010
598077
768885
685438
449936
169465
755771
197703
598174
991180
778537
595675
134252
510271
412478
606906
268785
536770
803648
251911
11842
427353
7597
112063
952627
611058
574897
174537
593744
606888
406705
182717
482695
58541
469576
708930
979104
468133
808612
318990
361213
105927
805816
816365
913872
987470
570435
240166
395043
806076
720749
579378
216524
725501
289775
483444
681239
490355
897329
443374
485195
805531
374907
247838
319238
506403
904393
875325
8831
113481
256116
627224
145052
765014
81734
203447
925248
490697
791370
957255
543439
920799
161853
508521
608084
472803
706248
901319
857344
435134
2327
707621
761567
310210
782250
131719
941586
412368
878361
708453
289601
648629
159731
931284
597917
972483
49131
80299
555288
105900
770719
838241
965237
820273
660537
90390
888099
489165
648883
945814
652516
634035
233668
559220
134823
918339
641685
903861
293733
6243
657986
418675
456085
909008
128550
962128
318996
339720
944415
372723
935292
18720
677839
94349
580894
422699
328279
76292
169382
700316
30692
625508
181539
791308
844279
930645
961539
222817
291867
211101
655607
211359
777521
410576
230340
75202
82355
797736
701943
532644
437589
636779
180631
64982
782595
759715
58481
956661
695714
621224
255801
877045
362944
68394
105977
141762
906726
517660
504927
536188
457310
646287
12378
618193
905139
899582
976133
855495
355735
532130
33556
858121
952
885410
236404
808313
888949
755483
391934
219678
808928
620023
53416
524306
44778
63712
694273
534011
68427
121607
219431
967575
555528
709281
494782
844765
976405
103480
255904
414738
136318
805996
313923
776147
874129
969317
756747
721268
897389
504936
401836
753145
704158
88286
451424
670028
582095
125705
627329
937622
64022
930930
985551
394308
982879
248512
439979
904210
647828
14730
51110
574702
682316
832424
888060
242511
419981
790812
954742
58772
301022
608882
846271
679737
21772
917776
118648
935296
182472
982994
319196
538276
99382
794719
350795
116812
719480
277065
564605
506514
321046
877386
755939
183235
793278
247638
212243
144015
915566
579488
301470
657353
222820
667917
225960
221030
374716
366616
738506
402297
403233
405954
824450
777253
340182
582601
273712
845359
838641
612431
71656
148646
122712
998399
610263
319338
731728
887860
409681
432146
84575
22829
545404
722488
145098
218522
711216
913676
554200
87487
103528
861519
205656
410136
352310
126330
55844
170661
698699
834148
906378
192063
163000
229231
986778
252517
256085
242089
117795
848585
565315
794316
68835
644501
59746
86573
260819
913307
444529
610177
60773
597760
545567
818360
633125
628096
104619
423588
22340
573836
20144
414632
898379
31754
640269
752245
286812
283717
680565
398156
988316
473001
208373
175374
321481
912772
182685
491937
977800
352122
109491
89157
550637
960023
384287
398567
985328
80075
637331
552054
297419
651855
142398
146043
302049
672185
823725
923771
231215
357593
119922
73405
937101
278801
137808
930465
733488
356631
106181
411028
417840
629028
134541
418265
609138
804948
927380
877741
269005
756152
946442
43730
415947
708484
875490
240595
556915
990938
92326
123155
589553
530607
662661
168889
980316
246091
193876
996670
726958
338910
612767
692055
12335
864241
541498
876794
434542
467536
849914
504648
85123
37124
231527
766691
657608
367795
397399
867125
124720
407298
535195
277963
800211
213027
281322
28466
316597
824560
479371
923992
125300
820274
244628
444424
846323
79815
676172
218127
672100
547954
921628
729536
131699
630802
143242
251153
979117
809580
806723
526478
350246
571621
483503
886121
674858
63449
61635
990448
630270
89341
653234
278674
919117
497600
864852
371012
924662
386718
818172
25175
610957
440561
942983
642567
813389
837382
397095
847019
864781
938877
360060
157173
811821
917879
44840
612243
648646
452429
914471
77319
568181
203062
110357
550365
806549
319508
335537
809711
801168
869681
209747
526599
641657
758829
512995
148394
586044
259004
184597
845041
518209
61721
551068
855001
349647
164366
561368
528981
355900
213293
827064
27086
514399
852644
938059
541110
178601
240921
977634
243521
962200
41755
308010
402639
713553
539708
994575
85641
852239
938528
739790
581855
598772
821943
894708
758031
114712
281459
961529
738504
336451
297256
809159
570496
198355
909991
298420
378087
699933
120201
532114
147982
829175
945884
352935
913281
27736
175744
778139
11830
710489
773608
290575
362980
692563
943464
396585
119303
907422
652925
311535
973275
378056
822379
55988
391162
196571
834183
323719
954368
431180
802309
691361
66913
210628
284336
589478
437584
61808
323050
111136
9276
86512
386448
268264
189178
401864
910035
477778
95504
44204
806180
826087
747356
499427
393870
267062
172479
269668
827373
918837
376170
474913
762719
20673
50664
85215
903740
574315
624903
624632
254561
938021
198069
613622
226063
204890
583817
587745
773381
430622
288763
726369
57516
960513
498581
598541
162261
257914
624288
894150
940971
412485
406124
11364
69918
437942
506815
513038
641182
875388
965558
685371
525652
395679
11236
733241
509907
537420
459382
673787
449302
44820
213863
335239
192998
895686
774106
533945
947529
212611
218629
688179
532776
188597
684360
983688
970806
30979
714961
368824
474305
756597
848575
109595
568876
762793
441040
147371
41759
717131
35324
389822
304361
455702
234015
613424
341191
966930
450578
212758
993904
442923
808877
952079
729464
290342
155780
837548
291637
626332
573615
502427
922573
323700
293527
368519
153499
499528
421558
452438
167314
922998
397729
389885
258494
745963
331076
583350
584410
25700
820498
728052
394188
180351
594393
786269
489146
103375
754792
820818
610419
199593
499882
982946
776488
495974
356457
130683
721437
513679
64554
195889
226142
825047
160499
725261
26454
851068
358990
388508
930022
921837
897825
930803
955653
518101
514659
718404
427933
864092
91044
240325
873500
193819
421613
673539
817657
792325
231932
507103
190772
746158
401695
421350
253889
272307
786444
357850
502465
809856
927125
859411
218299
860774
513856
6648
802199
767689
328447
871803
674577
18362
847455
37295
913623
991277
805216
190302
923942
380641
680565
164283
284824
221396
769840
212482
556282
928049
665378
922784
762345
516787
713445
170387
372178
34468
973684
225651
477911
203661
739832
337760
862141
533124
422316
859096
687997
724678
710669
688472
371746
613707
17720
773772
657103
194007
709304
586175
795659
412597
14175
316886
643464
871428
671452
37265
210278
924517
829807
750719
874134
277872
130910
350232
475591
894805
754361
634423
208127
28373
918902
11378
832724
530224
222237
32106
504087
907495
348256
98073
221093
839061
64430
670759
253384
481689
674316
972782
786921
452798
779500
394188
365853
283888
45300
14183
377117
205387
902120
962380
879884
352975
27283
113782
26868
248866
120923
531042
781319
343012
490580
915745
654925
993451
47801
644907
747700
796590
307341
109605
147243
796427
431725
672570
238411
730340
105994
307097
5458
681662
640185
62689
273209
937785
983615
285446
35339
14039
672241
176462
601668
582344
714728
458486
274141
79186
988599
668775
23453
258761
934900
413000
950202
758796
583252
292458
373008
38655
113037
684318
256793
135574
73004
681292
169745
801717
806819
5933
391016
137729
742402
976499
912942
347659
927373
189903
596302
286408
211047
880787
566922
468369
126065
692531
751450
675733
108775
551247
785859
362924
572762
100710
217579
50038
783791
589611
805835
173169
339316
433784
538697
143308
737573
828554
372793
414018
763466
114700
942692
898700
252375
808638
829587
511147
830439
143058
421710
81024
873650
694813
369245
581182
390208
634423
9964
413744
971992
65784
953877
33801
573829
923418
772653
419339
46721
215125
866522
203074
995263
123528
626073
835830
492627
975932
895151
791750
559355
267292
125457
781145
496978
888069
116689
969200
294188
831020
628624
645125
961401
970431
100212
113119
738249
412533
261148
268977
992465
94963
957968
151228
944782
220655
329404
552535
464132
112097
613439
36461
467015
80288
899403
855520
305877
485418
878859
373099
713644
833539
615975
549059
320170
973535
517906
336330
426390
822674
928542
557422
918444
754212
751782
907176
204281
582163
477710
870144
582154
79984
174830
240846
41034
52220
436233
383636
92980
107201
761176
534987
82308
136305
70883
669145
120191
94743
499107
929755
253618
457516
206763
750413
39573
506832
234755
247697
650508
951622
723709
511320
95314
877973
725410
389275
281356
949988
209621
323043
272021
417368
773720
12630
699962
46281
42067
199105
827065
912299
909164
526944
360848
838579
723745
42402
866103
836118
356456
941020
3306
718155
3465
842198
508429
768744
518800
942933
233945
313875
428482
105672
747786
452951
627323
197505
120723
291363
236482
802079
75877
932758
19515
309894
218201
904279
703943
480774
825158
222180
756693
336623
288834
685518
551060
63294
241004
942775
214318
596609
915602
974919
446185
529053
118527
938123
875448
292018
813694
419715
835208
153856
428116
978477
691893
29615
150526
936428
127967
609016
716796
849577
509951
533315
960269
255885
705301
972883
952007
379839
2424
140021
862970
268909
682981
320189
847915
835693
900972
519119
441441
866295
844347
2304
359847
424792
469310
10887
636720
7101
476071
615310
147684
783756
978296
288659
252273
966008
649015
471349
569179
915456
201184
117657
386168
661569
593196
48189
29816
617819
112144
624297
888117
137621
366321
944415
597823
374658
744644
312424
152600
661747
789932
223641
67651
312171
958839
90727
729406
540199
77425
348470
22663
997189
167212
848648
751143
165315
602818
234556
996375
164659
94219
745872
87678
33924
932703
773819
704508
151316
732771
670462
967687
359759
710201
463628
209187
811222
782380
894405
22578
856274
932825
27078
35298
746986
593762
43671
209508
125507
58022
931809
931293
128440
592579
987677
223489
393994
843788
383537
346247
899529
825623
489454
989211
85998
989254
952829
446406
401763
531710
975141
453620
623961
272196
548894
292559
391425
130665
735413
13076
688840
466027
808837
590628
18783
471543
390936
686033
174749
723028
632640
943212
619372
61035
538491
16603
931238
714462
853286
568570
934173
664496
644449
810035
867506
258954
951643
945396
298944
647035
298506
749046
682166
15841
378777
695848
682309
809569
193743
747700
544725
847651
352283
654954
500796
630083
384870
159313
927545
681383
23737
513481
317578
102782
190865
190386
306364
952106
463857
675680
568023
445818
597390
302395
602758
385492
847033
370092
216070
105993
309030
408299
72185
644803
446012
333816
903458
733672
47689
459390
501500
430829
24609
666633
471466
337974
426719
406479
556727
754084
715889
815301
376591
170435
47703
227296
152372
89685
107509
176953
414127
146633
349041
871236
376589
97428
403295
641415
352956
828799
340847
889532
141451
766605
881503
218076
506337
720381
747848
599611
751352
151984
7979
641841
957659
267575
319408
432866
936261
298210
771164
912978
170384
744876
389174
369184
664861
432790
884352
601430
487779
989266
693758
167033
448217
480968
242939
437697
609063
660752
460446
814483
345600
753925
680826
750975
618077
291319
536743
372045
671876
327824
242395
440900
893372
3443
524470
342388
195739
417036
914610
273898
613012
945633
331624
96417
532502
371012
158835
219450
452539
882965
137329
503730
121088
782028
396178
737663
482132
450044
609049
881703
17298
227455
472499
9002
949065
678918
880377
582888
234892
329302
186882
619078
959090
432182
678557
15124
580290
519709
790392
989029
954385
865195
432439
454424
828875
50032
657801
215753
582973
813765
161364
824483
261470
627878
682095
726555
975776
851303
102359
599160
295952
128001
769808
136558
493366
489378
548242
169262
452883
815660
966037
722713
141282
565299
132551
167488
257204
846019
541345
213165
173878
333474
358187
235549
109739
349157
547033
138075
921289
968050
169696
450150
628068
380027
629421
276598
853054
831986
422675
828960
933346
698912
117574
75317
393027
51270
149830
410358
870191
237090
273800
589164
317150
55298
824229
429816
396972
742249
289162
827051
742874
307718
638338
87810
84992
491300
700735
51114
4004
615930
608609
716047
155412
723752
87254
596631
699787
705872
382845
557121
264358
465888
348555
214417
489245
958140
561320
165513
533074
316735
674186
81779
65340
550450
401410
405371
528074
606598
591031
598536
145475
60638
616398
83863
11002
685525
284973
530343
253324
997955
465114
937905
512518
564754
878128
941877
670114
509803
76653
129410
312429
967912
660227
922481
750734
965861
349926
933366
557500
574129
107866
909429
254128
762001
529000
214932
718023
303117
212156
642688
847189
940312
602511
450329
316704
985044
641763
532145
190873
741771
953637
26535
790166
25306
914176
61855
198685
947748
339618
82644
944493
196127
847261
43551
990423
296195
437604
379714
890357
937829
367450
354704
889194
828644
672483
802989
144441
10432
317346
989833
625455
19765
600553
867835
212503
721881
881552
706429
408450
614546
522739
854034
126039
316320
98365
152153
353962
115144
646909
15752
935194
945581
127971
967526
542061
221293
483588
734368
795248
275449
879224
295861
390787
309247
456501
518696
166161
339192
346341
8185
302398
65092
311854
200515
478773
693160
334457
669320
77867
652469
497045
564244
935906
968488
787243
253846
497088
347452
704205
117033
703470
493213
821460
898592
732955
421120
883618
565084
320413
569101
950273
70527
562615
326265
342746
749070
927953
951090
235327
154531
368097
511796
56582
510923
72549
773231
518661
245413
590543
948833
915514
833678
261049
610851
309853
443523
368923
979918
426702
596000
971973
973964
661150
658907
396782
365738
550581
250294
555763
496848
381279
768453
451582
205630
418900
208808
307030
733219
410621
708123
669062
606121
248256
459120
785299
783399
381899
512711
691011
669283
221656
783508
818420
76822
231529
624843
499182
166509
472374
179046
445322
292622
536471
861721
489148
585592
114527
287354
153563
687681
129175
240603
757053
344109
852390
203862
797489
941522
296001
728751
34976
854190
592379
196294
344898
937829
495615
522696
869259
796095
611716
949687
332594
853299
930275
473860
525666
757592
945836
920042
218144
266274
860078
278959
474857
555328
942370
709580
140491
783348
97866
260420
660832
265408
100425
286526
489303
836056
340837
901008
196366
538083
894768
180799
163827
706954
931087
276347
287705
250410
187149
622690
854450
661491
678428
697941
712545
972624
11728
697388
280993
203964
298072
398846
27726
530129
236149
267195
243565
467785
836426
958970
192122
321856
553401
803551
370622
576924
413755
268193
546475
572116
221481
602352
982197
381058
299963
558364
120620
480237
816449
906509
510795
775323
444597
660759
83153
381617
217022
345920
687215
604400
191471
160970
785586
83993
584135
784763
215039
639941
753749
394806
997124
280985
843358
586795
577689
775462
893852
557557
128837
296977
774569
547160
647415
502571
805885
751146
889869
977696
412652
17262
801850
453360
159639
889600
635998
843452
517935
841110
956058
769370
346370
521897
399665
209213
686128
218189
911307
366908
185091
488510
775568
319278
528647
350538
506694
877104
915920
150676
326894
192313
867959
629685
467545
985425
944019
631438
871778
889085
692187
850976
865294
648395
499874
779170
815614
917701
710324
324834
238709
974651
216334
658106
632436
232593
998066
91032
593194
260565
23695
530810
993114
714897
139283
850571
958782
975455
489369
797219
379081
654280
850551
983889
443969
618060
21019
497825
366863
515054
809980
545907
957441
614460
356205
470526
662624
96526
821235
331263
298398
178584
251061
71137
205374
875150
657798
389375
688758
518598
593811
552745
166413
20529
746297
443188
463349
121822
851658
937215
617722
174744
181832
630494
482784
46968
266593
477572
895998
444720
404334
597079
61486
573406
358058
121340
199468
166257
263736
761611
74014
929622
404999
972462
354582
634527
418599
410091
979792
48979
160662
978261
302262
472903
759974
434486
883638
909973
590665
719829
597133
280451
96907
755898
168067
318346
501455
871038
296098
560590
194073
611046
3498
304000
929697
694604
768466
247526
534619
883385
298066
16041
624250
225609
456415
829868
898171
704692
471738
465139
66137
637564
534856
790858
924501
258614
272305
116719
350296
706184
225910
242911
605928
934960
619996
162817
583252
137953
553014
708080
761881
398057
762810
538734
232007
753135
2642
529213
746682
74816
12414
206082
538111
106995
596622
419334
348828
164582
787448
223039
719060
647086
172812
724038
873863
297565
856060
658207
577564
62164
326137
182075
700402
464301
317323
141433
966779
689526
465854
303107
590499
192641
956830
432271
982686
270957
791978
526057
95328
178528
944488
820957
823906
192524
801713
172623
176353
312557
791090
916483
865678
965842
111990
97303
951945
398946
395381
686707
690742
363989
934729
835026
2073
969037
801405
922009
142631
524368
523294
232601
483584
630342
428635
93131
857791
544279
272987
602658
72341
633863
389004
850210
845695
802967
516034
921862
861182
602359
968997
141864
599123
518479
417711
658972
179515
817870
89197
723132
956267
794166
797467
326747
666946
46535
53358
43849
106618
697994
624188
244462
466622
727169
264097
332900
458786
961146
310411
864430
965433
433998
771902
607675
99660
681581
917537
565959
191176
519781
547734
78195
42899
242851
366723
516645
653005
533781
938345
288387
593335
940244
718679
601832
582662
362305
811571
470512
546275
64004
24340
107974
618226
553919
754700
377795
