601909
183034
173248
561411
427796
741062
367192
972832
368983
556506
639934
346885
284620
167875
327207
652871
573730
67740
677833
815965
832203
758294
246295
894807
24255
762717
407862
813955
695056
48801
1302
585987
599310
719438
832775
655891
629379
840956
232631
259088
22104
712417
138566
5405
715685
282505
780966
740255
997315
472162
973539
45141
527535
381430
826387
890922
814890
899471
729505
516492
860475
24869
193926
322793
885149
936380
323593
50518
164512
533210
785004
14394
477908
61486
871710
990052
623804
644635
755926
622908
779987
273251
942112
177051
43311
838559
309079
118842
939712
60507
35608
114663
385120
374936
378833
211171
544023
94627
78168
380503
939815
258056
165003
742638
834970
785169
957878
899737
134478
595211
120841
338915
340622
666303
845377
406935
799927
867752
827611
804455
254426
814006
781264
925879
235067
858206
484356
571754
545967
777228
125150
861622
571117
736506
615180
745670
373422
39463
461549
88798
241248
793893
324781
914751
791176
559801
977982
674165
4575
919568
663271
162512
128950
645524
801605
690776
490132
709068
917171
2885
573300
473673
328815
77073
272701
32124
897683
942685
648308
297089
889356
712791
876362
904352
203922
341033
972382
905884
170568
513902
687858
334842
935675
508669
25422
842289
645492
615875
474352
915701
541459
904990
361679
755337
113155
518350
956535
408975
319796
418332
904967
316295
648566
445758
617992
392997
670139
641677
883089
956314
974593
914069
258500
328072
330869
994916
515222
31131
303250
295288
937990
440331
955511
181264
772372
335820
741793
455150
167188
98377
912877
307765
121903
786636
206656
21278
569092
374349
729204
288450
102052
821831
273095
926212
978281
816598
728479
803658
455385
123462
961858
170410
475377
70714
152972
195973
899951
460166
928928
510147
140182
874610
815600
539870
115440
583814
533525
536718
720284
683602
332536
181007
14719
407047
110067
789925
626674
933943
148907
537329
675048
448195
160511
654197
489128
430613
724345
626606
966480
280731
668777
876858
538250
378145
494746
290464
303587
728595
935767
238050
591277
419804
476009
540632
625357
940333
760516
840909
106379
13371
333480
347075
432250
103182
715861
248433
157786
687162
902054
223464
394975
285009
581259
348498
826577
658179
172989
954678
219688
664766
76469
743543
689726
587084
433200
461645
26826
274672
664246
544992
961350
574539
833530
967335
4275
478839
567846
937337
598420
40675
764435
807053
60299
424238
986175
231748
606702
124684
671715
669358
878054
340318
775357
418276
813672
944237
137742
170640
569800
34835
358427
844457
565710
145141
836690
877412
824306
861897
369189
134630
951155
429992
159540
837353
475977
999000
253230
102459
940909
64214
421690
17855
300748
902250
56749
325553
347006
556306
592063
456171
930573
417552
245931
725493
123183
66103
361764
145565
476149
31051
405505
571776
139112
204158
373941
617986
419263
460135
206178
562299
133621
892492
912152
885060
446625
356086
773478
334451
216640
400280
141107
225132
609401
105360
471347
198968
620987
787016
232788
247374
663518
438851
897487
23635
846664
980392
695371
818009
642286
286856
26273
92143
895440
665312
514537
510675
757584
1111
481194
966421
754853
460719
435486
507334
143102
840447
794753
843171
757507
601644
278512
894962
808653
208816
58786
25766
551890
745103
841250
40459
504386
301838
629137
679845
266997
73784
735598
837446
98856
440590
412395
568192
747402
210509
530625
258998
976662
511649
492935
920284
554282
813519
120882
505861
999946
317535
232699
653850
642341
60006
394108
418461
656285
520088
330830
398354
974493
295783
147249
78581
621471
402800
753505
686817
692951
480366
767491
279170
317440
257539
669757
63289
347203
402239
270649
546092
268637
184726
37405
525715
780763
9741
875497
182050
622283
192424
830130
60911
887880
304788
241855
417909
603061
215975
297618
195469
773168
78146
752375
467738
882105
538018
512641
53588
603589
564965
761364
236668
768895
791521
592641
125747
834831
789600
336554
271822
759763
935228
338045
575554
319857
942530
338544
535308
435601
979072
698488
409098
975960
869416
295241
163856
615491
167019
184598
140976
846824
655194
221434
764735
360816
146118
930763
518105
891247
994133
246335
153848
916243
895817
952291
760851
786847
310776
449038
210220
515912
630313
133791
877263
703823
594379
686396
898773
800849
943351
322491
550484
190124
463147
958093
150406
257439
956962
738070
554198
955615
474792
379516
906130
460108
406281
296391
24721
491747
852387
340591
823434
698472
482230
235660
230880
110642
54322
401074
367338
244688
831718
307388
344233
944097
49353
984870
374302
932906
813322
93653
762121
36081
455448
302550
452224
702701
582956
55692
890826
611622
418601
98361
628640
55090
821798
268107
459998
45962
741919
1832
339355
429786
377567
978175
52371
611633
282140
198112
984177
503721
96694
937284
412306
477289
772940
673880
324961
819778
458582
365559
871492
745382
268620
3629
222728
889808
756691
963791
951861
420267
868584
195047
506534
722174
337459
777363
242221
236430
871394
895778
375930
418569
261442
825685
103551
832947
895670
223025
843873
112741
486463
977323
400974
188396
491299
788721
284151
178568
621681
521250
279535
266926
974850
444460
72584
361237
893125
930235
813500
603623
328042
94218
927739
477598
775776
615084
124885
432472
117105
601305
676611
915863
689267
475741
531278
951940
966261
273374
407191
662063
331881
345029
561338
257902
732579
716843
69682
548946
554975
985125
34163
710600
263036
773220
578284
222337
185896
699669
385834
839106
389411
841427
882289
604666
919218
980204
584236
842261
481842
374017
881545
524641
689430
202259
23316
264725
455246
510566
309385
638836
239502
699234
497888
400563
141400
762479
379853
314011
341783
531051
727951
184799
195780
614324
581232
747299
480679
414018
107282
781022
740113
892445
657951
631378
824671
179400
44649
772581
357384
314473
677108
732023
788047
956326
491187
356663
75056
286438
48275
860202
767910
630856
10594
632082
651955
416251
709880
239474
474031
284873
475878
955475
405195
758506
508048
865023
678788
500604
340594
392023
651216
106169
992738
887372
673066
893458
402891
366870
553196
719491
985032
338570
399769
929257
668775
838376
60006
990190
592614
725149
910837
501650
246500
785223
102500
126285
291586
683134
54673
108125
454669
138359
229831
867852
879269
611779
398172
577748
755616
400728
575538
772614
80024
579346
273598
501967
792199
39947
351688
536978
384710
720712
327802
647205
880723
937013
407354
401742
81144
653780
891182
970112
265504
110025
228197
189894
484832
510464
471532
453569
458766
502082
794758
255720
338530
247659
518266
825559
30563
149811
311864
114663
404203
333823
608205
210516
963060
581138
617429
452476
575620
23361
411937
174980
560280
819696
617337
548156
840368
918601
311057
206338
712730
112060
150000
399094
322488
820466
551212
935349
314247
527704
670370
181907
101389
699739
981
9058
115876
199038
502913
718063
848481
18824
881662
716783
412731
269487
795900
341537
760938
619547
347749
349108
327027
80344
470872
7697
455137
746194
90634
106607
355112
138311
404193
208969
755327
983372
267019
348113
716186
532046
718681
189041
125984
818411
601027
626537
24632
976477
472318
699090
318758
773451
10746
912887
797637
57498
112884
684735
163784
965639
953123
413608
798775
853505
922568
171567
455264
188512
168198
743408
150017
602409
478573
500137
447560
94321
987465
244519
745645
399834
14310
594893
330152
861975
319205
523051
741593
927002
275315
599663
212784
286051
27576
10271
39331
784676
814609
166167
648548
733164
592174
967278
97877
519731
194614
314497
500013
70323
498042
834358
176114
860520
453298
589389
232351
336705
834214
202442
684514
962584
124759
69255
355755
754598
126689
421945
749270
151887
723108
502028
558648
754802
624865
390890
109643
967429
139951
889311
3986
129069
631647
41416
317666
103718
793386
563234
94561
467775
951353
844958
342987
80220
480063
330629
257950
376774
327922
881595
844889
857168
914385
206370
609376
716532
280198
225062
675619
461339
354114
55831
300997
467953
662099
868877
357972
642453
786900
389603
584594
151789
100311
902859
855904
285149
544849
670695
160513
992541
941224
762259
777643
515955
51571
70991
357659
546832
670073
604628
239487
634030
471215
818681
708639
465549
775707
343745
25045
715142
181473
725295
8860
530763
868219
95547
621378
64919
128069
925453
195165
20991
758593
931298
591266
42127
919822
563428
580069
942775
929231
729917
290821
946898
935950
483748
850775
645115
984996
692637
821315
169277
896134
837524
514446
486469
99757
405849
916047
527509
242846
924804
775310
212617
158427
867134
909584
105668
496960
277932
739189
497923
761422
732646
995256
79452
962571
917482
498530
261794
58411
300842
456154
793972
285403
904992
297215
990164
417343
211753
664335
976625
471627
150181
101948
18650
857105
671199
664765
187258
103514
426501
685381
148676
847019
539672
457411
111873
493263
469031
857703
533694
212895
973230
912612
27553
422499
65942
241333
212600
704134
391024
132790
814648
949909
829112
198646
409338
600474
170150
908248
544987
425545
379564
467417
819833
394924
856347
534223
978437
986993
187522
667071
450414
82087
382398
192948
119841
481955
204241
992853
242488
6165
812863
35360
524957
911789
648940
857098
714488
574306
761173
553742
414649
603049
155476
854406
603791
735758
15022
666689
977421
402192
579471
250707
669559
790979
529687
506085
74341
684920
380088
619113
464828
372251
874499
686005
442022
312686
369185
974057
581207
538751
400837
602394
697649
601035
966782
522223
77645
946937
96450
548039
988806
362516
986396
281274
218772
511108
394212
852209
627690
450057
512936
783227
431190
228851
122255
768410
186243
95120
711876
175869
63530
770082
333859
662404
166281
404899
215995
541741
344819
16123
813454
191354
225591
567417
945901
562068
286354
973032
153899
256996
473438
414594
558521
353042
846107
487834
284241
436188
319065
450282
546306
333161
764862
286398
414984
655144
475416
954999
964512
290417
253154
697127
339
587749
115629
59894
322659
908347
15475
286809
490671
214644
930020
277224
639548
128449
399664
909628
452868
433597
558748
907684
150923
159033
758584
529526
836054
128566
684851
692226
739251
897726
331081
409101
127827
647666
474045
165923
839036
904249
131799
208126
836142
409890
317973
528932
243863
681550
145859
992154
911296
617791
916314
761769
477503
753187
501926
210292
551128
686579
607639
137150
828658
506669
520538
520349
834766
658429
854381
87165
591748
15351
28317
973998
56674
575204
871707
294641
198684
603901
631780
25217
95398
413052
207859
799296
43630
994224
276922
5281
586349
996573
43139
254034
819747
657551
925506
438945
681578
860674
149298
617396
76462
836136
832333
210683
896139
204943
283846
719646
608265
681395
108777
117987
473220
637849
114590
841614
695315
687269
531744
191598
416358
428593
57990
147807
56762
881214
315090
851185
745808
978366
296044
36201
903759
994030
920187
43937
312610
996006
538110
369713
557603
84598
505453
169763
495089
279011
888038
913103
577104
892146
557059
200011
273625
390813
975175
41176
194355
743957
119791
248007
276704
48891
73606
46847
854136
58341
268263
457673
307219
803124
371084
295518
804787
536758
324036
221537
969862
793221
349319
338068
641467
719183
729646
367981
892264
159440
257336
282042
163434
540683
822783
902014
34997
52262
195753
16396
965578
485740
662911
290758
647340
890161
503293
998604
426946
562931
54228
313714
156921
915175
599020
363969
690472
737879
857705
854213
946474
506216
546059
341410
778033
260011
424768
236018
700653
721717
353294
902937
726919
117884
975404
214400
10068
309711
635598
601093
780988
473932
29486
696278
144954
948234
166728
280790
804296
486011
548039
710668
275340
516243
52816
566043
519751
206182
560980
823235
876917
605454
406986
267213
988140
511765
25827
880065
201115
222222
337815
88256
667462
3252
65744
368480
41292
588855
160144
236638
520133
632884
119163
953870
760012
628457
327790
430425
424496
778743
673083
763106
302607
112704
136129
350433
518386
925752
538664
542230
719983
127964
942805
470926
791995
189653
225816
438370
899022
723640
157162
39935
824143
512602
831267
802237
584584
709657
685596
225922
688466
815264
743641
682695
891410
9559
128632
247329
275134
848499
611340
56227
655384
101866
554601
202911
414791
588261
808738
665836
21713
994820
432456
620560
59531
201414
647197
511125
617430
148994
5121
37877
390454
867283
190500
832034
879517
855855
303615
638020
109093
148965
988322
756224
530861
150750
942700
416823
691477
800203
188794
398958
240143
305482
64890
667477
937180
483718
670663
478888
998595
212598
244212
972749
994656
107391
202502
830788
906286
437281
224267
506247
572855
941433
415641
621530
454056
315967
424845
655095
690034
479484
818306
359548
136703
823299
300791
314600
247394
575596
450696
4431
274559
391961
929042
432756
635649
370433
380047
699301
891133
487475
985686
770175
28690
551322
278620
832834
116413
313345
640311
938163
343569
423281
100659
873786
305359
542838
778048
253837
69934
145923
234832
738058
318956
32747
814291
268569
762827
965971
910953
47957
43018
371908
753138
5212
921981
100165
104000
989321
676150
350415
143325
857884
85404
908879
368451
153685
636955
3542
256631
194982
722108
616500
405658
936549
29752
9963
462537
384089
351660
383148
378652
959261
658147
188348
849662
584548
242550
38822
459696
988848
506053
66816
597964
165718
277720
875472
333328
646913
180309
990536
535339
810075
337146
620432
613389
826568
732206
498683
95869
422688
579318
635562
478871
476343
580699
488698
179165
281680
334629
408976
98768
240829
404786
2489
466164
255831
311262
202079
455754
393317
385937
608006
695010
133983
108114
507659
108281
314626
291558
248768
563074
259826
849602
564878
831874
253749
883821
12927
592121
615711
410838
561432
569070
192718
761643
28151
702775
850684
49039
562113
398481
672403
879442
219528
60561
273976
960602
746820
682551
244803
530919
996346
606669
959680
430977
853151
581859
871598
645895
444219
971997
622676
632512
248372
198889
908203
223925
84340
714003
989174
673587
934049
638960
291933
968330
456948
719891
277914
176131
853053
214356
794673
341597
556166
725501
531730
975850
321307
829094
912048
572964
909493
724568
143910
167803
418562
698083
396281
737163
492600
51090
824857
864114
986179
938254
634828
719198
242620
72417
346732
26260
359018
639423
810664
2317
107893
94083
571155
92003
735996
853859
335758
189569
911078
278409
416646
656528
782970
42500
842364
470868
161511
263541
562303
812004
643817
226792
782737
103058
360243
491058
211704
297414
883245
630377
191514
565435
82494
470571
749859
486422
439473
851984
329943
442467
811799
990736
766466
99057
119491
521264
298447
775003
201075
978404
951941
454278
938045
40462
231058
199529
515746
610131
269033
36886
683963
950953
679500
935903
872123
252610
969586
195531
352615
683182
867478
114598
561503
877460
42488
756757
904791
287282
575103
775167
247150
860497
867074
897638
677776
888425
410082
945032
667427
970473
695297
300283
624436
604945
651756
725594
769681
942518
421551
3270
56013
710793
789841
151159
605846
536757
487974
492009
718893
963355
874957
485147
189627
924662
53441
713361
276961
729296
629845
4624
559830
932006
402438
334652
567429
9780
832537
737756
530391
627579
183192
566327
619799
73859
803521
609711
408496
830528
225713
344325
588971
855633
76425
580523
782333
693845
592327
393719
533031
604814
998023
386870
53401
402907
970949
528111
173574
700225
932976
145425
300929
722160
472146
401281
844459
173531
402903
987764
962546
957175
440978
850990
481757
811232
568100
523515
836526
747397
278134
877429
154091
23960
738898
483216
796575
479899
848758
653668
559522
230970
244045
651844
137468
736043
97067
730104
555258
650675
556429
556400
305959
499356
777020
449002
607471
690484
965024
805800
701059
848734
16483
382972
520363
521898
322425
457263
506470
301887
668514
117080
38783
802597
635552
681652
551686
480075
313319
511408
630273
846527
660954
273757
598554
575864
753236
754857
279695
78629
851136
324358
58552
410918
442695
171874
250721
833072
23078
571047
511471
636125
906090
371338
478364
751477
918726
656708
8940
308775
970965
86838
940752
276944
368274
422526
759846
366162
971037
684465
187807
829879
176677
439404
689876
80950
73762
344158
557584
729954
539526
856018
694327
593902
384618
408259
283817
120979
269886
202808
134417
577864
87495
150801
292292
268031
763523
765076
759361
540979
397923
292845
745269
75694
67097
361295
604890
49586
492292
134788
324522
829064
17578
296083
378214
434594
823963
269809
100784
594474
550058
496076
804688
61078
946308
840450
477344
899102
10381
453945
838838
985262
57716
250836
434738
848146
527091
290794
449000
61867
546442
632716
147845
790752
952667
827425
182648
94047
635231
485694
959438
182907
783872
219130
67768
888238
255046
431424
88514
100515
80336
770438
455072
271949
795079
892186
87272
207636
644924
272288
416262
127817
650830
168773
277552
946934
84953
328293
162216
972492
889773
979917
3755
736780
773793
113282
118863
817876
778550
198548
456925
392156
712588
126313
53217
861767
510258
408023
989573
336171
543004
40893
788626
411985
766469
863175
589292
42575
689361
181399
598379
666113
613047
411084
150116
815032
337751
684377
500717
895982
552097
809640
659814
289250
46815
750556
217086
868305
43371
971972
135681
778913
361452
773495
216772
421235
80560
308645
134337
855971
765713
56512
878348
947197
1457
17141
49920
668500
90181
614872
715897
502466
227823
187663
694297
911933
306842
747066
837148
890713
756799
879960
398352
104848
683925
2171
801046
498892
900251
664688
705600
232476
937175
734663
214246
417999
11770
712026
66490
775787
712679
677193
742961
945219
797662
876338
687991
951699
310562
261277
248763
737121
691500
897441
498596
482746
666850
138484
539976
563492
32752
256133
549078
990057
604655
652128
913788
726093
649818
218505
888553
23354
480277
893829
837864
670271
345321
972653
155957
164440
591142
615381
283701
970315
186320
409522
650068
432174
469029
705822
213150
464277
498891
627942
992605
298922
862259
902164
173064
699849
796370
946056
382920
159709
693695
660270
563604
475543
206767
15391
931060
150891
653044
220030
700371
675157
747233
51622
339006
190922
329644
455796
45739
801585
288266
501060
87183
359693
276977
604015
343698
483800
192950
563606
695849
257645
747793
462743
765759
486128
269874
2727
863056
899823
816094
116942
382348
542627
572489
717872
873071
935205
234211
256433
444600
897466
383896
988570
376506
765289
159697
740370
662152
940372
513902
495158
968308
588423
380656
738656
960261
548609
373916
763567
613416
300176
853922
749233
196591
437303
319733
255812
57138
497604
554458
337270
443552
385761
884293
96773
989557
798308
312171
35313
366052
399865
261939
661921
658566
446826
380489
537527
415968
135833
153402
72601
757807
340588
236165
859012
846274
28577
536803
987605
620817
767107
673141
754626
995907
529539
55992
265034
988140
618834
8817
720613
189687
879078
261936
788973
456659
866296
971190
302142
213942
138987
958450
528155
433692
554225
372637
703018
633286
904030
320904
727450
385864
74477
820715
731051
338207
53488
743190
505486
867190
707600
194189
414268
524145
294173
314776
911607
499177
138692
523560
958261
918991
344464
871532
54052
849592
615804
32225
52392
565060
711845
303148
822480
80474
583037
911253
589978
298309
469197
19726
384570
436862
318137
868535
414683
310930
797455
324627
793468
527896
95456
295099
141953
488495
116207
599017
103990
673001
680128
1264
592785
874747
464853
240589
800786
591346
384481
374299
982593
961972
784676
219639
704265
946338
539914
571194
205663
659961
579800
566099
395373
181428
782866
437227
527638
585406
800833
655061
313853
103166
639736
134036
256759
847460
612527
784270
530583
95976
678671
333181
743700
326042
337412
396330
614756
847946
545289
508420
917141
356257
479700
874031
587129
144263
476293
114974
109077
688085
188793
831863
823910
703424
5873
19500
383930
582626
511340
783547
337961
719373
147487
304742
481091
946451
797853
678334
530863
700544
239328
736205
348387
540003
256774
765839
10988
642265
320836
746997
942859
555994
406459
745094
915910
582390
302039
153950
285360
185246
790294
473765
628310
966651
505764
184822
300068
86529
461971
356028
853117
616666
560739
270030
940634
443705
520006
999557
541052
393764
419297
874983
784501
187391
647302
110451
458447
318115
443707
943918
707610
395614
613432
621427
233512
12018
271595
5436
757832
931522
63576
208819
475141
330368
32586
829275
210649
423826
893700
64623
401638
753607
33437
374637
134827
314934
940691
248281
180085
14265
693635
535802
710525
23387
119632
414379
748237
677715
672377
214850
236865
933290
595916
754936
180331
858209
699664
704857
163106
696283
853555
178171
192056
247894
711648
170008
76272
830069
649595
779904
135562
797371
550507
689020
471278
748172
388713
105985
382873
654706
239570
861846
108589
701797
645239
923322
206155
19076
407779
285430
153543
297883
168297
333692
609103
244071
837381
5224
943182
888896
512394
17746
784466
10963
849939
651238
422330
930828
870824
318535
817501
514169
786831
522850
66978
837855
616919
547843
811651
532572
942933
448664
346438
268466
912778
95554
325346
746410
276788
948783
204632
679775
7119
798044
471906
210840
354587
772454
92817
240037
800907
49236
539029
346074
479206
557353
641950
479601
410627
397992
653393
440802
318829
898676
937582
36573
158005
931715
157252
470393
941729
71990
995934
179822
35589
898685
664219
17557
906458
471990
166704
229613
32139
365793
891215
887148
397373
662670
524944
932619
750361
48866
334896
558347
626874
102965
116248
179919
301441
497008
21243
233978
257510
941270
887552
596647
368133
481234
206291
88635
500366
100366
710602
794767
694712
145603
928330
623434
509964
356673
696799
197551
835545
345197
391164
380804
353429
100713
273665
723197
37330
206429
558388
450830
628926
778922
285896
587896
972056
248097
128851
860978
918965
149417
490207
909598
842942
678249
249227
703898
391248
927042
231211
436179
62332
460351
682420
178007
304949
875094
234371
715770
891358
867518
58978
744766
158995
7310
786689
525301
901956
77417
678761
81149
342435
925640
340297
80981
936176
885869
517994
269661
51069
322725
486025
608371
987979
870568
758684
25918
958975
487221
516880
616689
343942
449268
562263
334028
911125
457268
599815
981578
31736
145278
624395
822831
336585
524902
559465
767831
86375
41793
988943
2257
703731
820251
262835
124396
168336
949900
286423
59400
210985
94509
238253
512691
615918
865264
109727
786895
738974
772157
959445
731121
570038
394828
436189
684081
238936
625388
652322
210431
696539
680015
491650
137560
349250
626754
886182
208243
611422
82917
599040
750147
253476
310281
988302
15233
324934
406611
169633
383828
363868
233195
379935
491990
217927
525613
54456
680511
357377
6591
954072
749216
186540
734892
882275
565688
712148
207663
776107
739497
828978
661577
950102
499237
577942
549523
691016
47706
908090
8072
4673
278636
112828
742796
657271
914176
835116
418682
185665
41300
415742
974665
281305
967110
708077
364408
889532
544698
904879
410657
359223
126702
35218
206117
158234
62135
740056
333159
184172
568295
162466
449891
433361
288
59003
903729
365396
539895
92477
500472
746297
386860
352029
620677
506962
43853
571819
616503
855665
998720
30011
732932
321554
554502
369148
534537
522796
870814
202862
285428
264932
747285
959064
141009
866053
876891
616974
398524
482695
752724
541588
277415
985611
568755
298889
793300
569739
559310
245355
369209
446645
655918
163710
25333
713920
931839
61468
306152
285331
981976
239111
675381
442705
885111
403375
68156
552644
612002
480410
494559
130173
785675
434750
716626
685717
808496
102306
851487
551336
249616
248791
670540
759327
310794
925906
901305
558659
471732
261809
158199
57317
155139
631169
668502
491443
26397
709775
129952
85170
909412
46590
826239
686051
152125
570494
766880
250181
12941
683226
170729
962112
950139
532100
290000
685096
317177
590011
956135
464953
590953
667294
784744
468137
621393
963188
333639
560124
402390
757398
785865
326788
949647
992557
520799
341744
531662
437417
361743
151438
87734
813714
32158
728671
834638
195338
933200
968005
41771
108400
779503
429125
792805
928484
185337
28236
756090
104411
921216
176632
496361
435197
819303
267187
27321
830536
622326
815470
533834
645674
798977
782490
72370
361731
362188
920547
979515
50023
923910
448342
853727
289638
700330
769072
643719
863065
690499
947952
809420
872473
245288
151048
105447
990282
891694
34954
462236
944520
441900
585428
363067
725901
60813
443223
574247
397775
121290
101051
332578
970833
820706
303850
417249
273325
980251
561477
321509
479911
520833
638135
11609
887280
371813
631345
237613
227433
918912
11623
657817
67003
840880
81319
109523
522100
144768
775452
418130
202948
418936
814231
658190
191244
904564
942899
218455
38942
132752
491020
885628
310768
101221
709953
777450
931861
479238
327158
156981
249103
107761
960600
80071
847960
260727
512240
778168
55261
544115
552751
164200
882656
218839
449900
83679
389488
724120
445844
974795
676992
888280
752234
617031
475299
875881
451168
192569
749937
645561
359408
633189
193139
435621
185860
799737
387583
397590
801108
121412
307814
906364
701557
413185
394823
760387
957291
84579
657211
132132
78214
304165
821299
290079
894083
210789
893720
288537
593834
482027
686049
452025
161915
811179
786741
354142
95809
83675
37813
735910
631145
556894
454870
800267
248623
897643
531258
404118
580444
61833
21084
758085
176332
109277
471281
797135
906257
167696
799039
549387
623515
802086
632462
708464
579360
80116
948437
314001
809744
271247
810798
734455
805069
582717
534866
19415
463969
80719
1744
459524
210326
82418
569738
50929
618822
711368
391636
875889
948510
298361
482349
405843
178729
145215
224095
487670
33246
48003
818057
402772
664838
982222
361889
339603
213249
426387
967542
556939
289932
730397
536495
569491
703387
902802
950361
937392
61102
626453
613376
255767
175432
733838
150439
958597
329485
558629
818027
814675
313312
256413
741386
193086
870010
950667
254180
164774
489408
865952
786237
542239
102040
234835
232521
441737
812290
721022
37226
736744
990170
613020
132129
587926
431984
225146
907260
138972
182856
260473
81894
195970
581366
668884
532129
951304
743711
614928
639714
55979
327492
477710
908838
656923
353643
484541
32980
690951
144456
587870
592400
803541
599867
999232
398145
778441
483595
86756
47124
582038
341101
522899
477527
234436
843313
773971
758109
195315
608992
130807
754837
36014
943665
188775
798435
318769
243056
631939
154994
293277
126992
524495
925974
557470
400545
482388
531466
458084
522113
45450
291211
674118
4703
576219
892168
507639
950576
511359
13302
465400
589711
162360
489306
565587
756203
517187
889254
445423
947285
324541
527308
852276
421376
995880
37585
834607
200696
140164
301203
341918
306152
463528
936908
774773
731346
103897
455248
246349
435493
780712
576902
151674
428903
14157
592597
979050
341932
538530
846950
809391
540412
203116
672349
45102
255283
762701
135971
315313
612709
294088
426305
594821
87516
830444
351620
39906
959259
832838
746997
991531
782721
123297
410315
588333
65819
710588
231086
298630
758856
220574
654863
900492
632372
496140
992336
948629
981720
134099
32385
635494
625911
440688
753704
583266
157239
717854
408058
239847
641035
880454
469332
880553
237506
95361
585030
938348
395145
713511
137043
622791
516696
218512
250916
930302
280159
759435
652663
634236
344276
339172
33295
115678
118662
879702
62946
638995
158159
532420
322866
353595
754832
456788
709519
590080
754978
997882
127756
872804
631708
327557
861972
185089
859593
340047
703685
117133
385186
546757
528257
379516
643443
610588
279349
608901
108671
992574
231488
670735
889404
841663
870799
577284
316212
713776
705314
205253
593310
160867
258337
695529
351035
801832
367087
13015
872492
946433
628224
179212
49541
869701
295298
630721
854879
101181
793583
107424
319389
950160
296195
890066
526200
426863
667523
380739
930359
57389
962165
823657
667555
25250
388518
830862
790083
134141
533783
962366
290343
226525
677533
869043
272759
847945
423215
42335
103501
888523
601696
620982
972145
884892
28919
677430
720375
88926
549948
405365
424107
410924
459389
478748
112800
515508
136407
790787
886787
156384
779262
913940
224819
812887
754237
172810
897657
585480
578743
382797
310229
90955
961906
498270
759417
167079
772253
14021
434848
181568
323776
129988
586660
544545
176977
675863
463058
726068
383890
210870
944735
250024
735694
906976
729579
70556
393504
935674
271593
197240
587977
731717
294503
776968
289037
435849
238151
909763
13015
584796
843908
517101
265643
424343
21587
869628
288189
793218
924095
506217
354723
273325
468388
672120
135730
757887
397654
214584
737086
685743
773399
892619
332282
599441
758997
516868
88647
162290
543240
359153
374887
829912
585943
228840
33684
684621
127656
515083
804679
652360
753636
805130
111426
576474
444855
459769
604176
548126
708684
431021
266332
655037
384657
39413
667696
265188
217824
622678
126865
907735
773380
79115
598323
758741
918936
436439
249296
470250
404859
525449
763187
603468
120862
227996
174100
987986
867954
58120
909958
488894
698455
839781
566003
145300
860539
890186
909375
194692
479548
908541
754898
850803
300387
300109
783125
402344
381355
497263
655356
499895
107375
838008
426183
984110
652181
241635
742083
751472
425424
236923
909764
765123
238215
998442
637834
522964
538380
449930
634918
323136
112595
120632
400155
976956
424663
940397
297451
569839
629385
685190
763358
826314
427536
260222
44973
566164
234917
144404
315796
986362
777910
421724
542417
557796
621036
25980
126663
464776
369096
982928
724925
987900
350492
691020
116694
83457
682360
84586
520525
61306
815344
733580
368284
799564
774495
202562
695247
14132
667258
526877
530165
156816
117405
185344
357947
537412
859702
377382
313181
10447
876711
612260
697590
200909
266233
495626
412225
969809
479168
944851
509763
958284
727889
394148
702881
775936
941514
993114
393611
118140
243376
393157
507562
698103
598767
301303
230869
460841
548662
741363
828967
739384
804096
933631
799774
190917
407236
177712
66424
150678
520179
470383
581081
9528
719197
854030
873037
97345
545989
929827
478187
419060
468290
356631
486059
107042
238807
632859
920891
835116
213255
652424
310492
72721
432605
112463
763521
977145
960145
646288
841706
422023
303993
961300
406271
379951
32042
582777
291537
827841
622901
883519
391070
141394
944983
736994
829760
371048
785449
835990
436577
376213
666988
258947
7163
270634
625994
372422
140328
991764
350977
762925
647038
933139
518412
330279
176070
637013
823436
437041
859002
478300
511343
775401
770712
210207
57954
774349
191854
531013
456496
274213
964076
290042
279555
76905
218826
107096
490381
919577
485952
509433
671506
498594
795559
786320
339909
84922
793010
85102
673219
454278
246726
104789
454778
516112
399799
627290
685415
826052
406620
281791
511376
976134
600418
511146
428488
395962
854088
548784
630483
701109
315419
75480
614540
13792
773739
75038
710185
446287
24406
900958
192472
526083
166725
28649
481314
509158
517060
515970
309262
898786
186577
479449
660635
664656
803021
583122
532392
151530
897928
128921
508128
866256
909139
991060
57496
458041
699774
490556
299720
286726
150473
997063
717504
797300
20002
594085
929172
466955
506421
942991
7194
848697
9646
57174
993537
315613
831899
947909
25173
193678
103061
266353
17426
696305
811076
568922
913206
403394
653522
484055
394567
587581
823243
205725
284153
993318
237227
63457
476949
395535
683546
239199
279847
359858
534732
64033
671403
485885
571349
895598
836115
538196
358506
236992
682285
164508
831786
849589
475661
101915
821163
802215
913827
763193
806493
268424
610621
222192
199068
661356
524251
175097
693994
408302
735563
461777
523641
12798
467385
715226
923533
786086
586685
2917
602615
36184
702566
934021
391506
989386
759874
555229
20932
839465
493607
513886
786054
777106
855052
450917
862827
898047
466336
713999
646741
376752
860408
941445
169538
511311
667211
881332
542505
337637
484691
463345
899822
182286
109995
808833
734315
157448
745980
543866
561535
567487
913496
832075
929947
177298
779292
454081
15884
107730
18148
958276
141430
966049
846323
513914
40522
555391
165494
32816
700475
962081
541408
416123
30615
564399
368702
529432
863000
193739
734457
410169
450663
349962
401701
399358
678095
108128
923849
211111
330635
446120
86356
910106
577955
829448
91998
301531
496714
79033
341593
244172
133953
679465
319551
260885
25495
832164
102335
676825
748411
613063
273850
602940
535375
188952
297933
890108
457872
623720
460542
496158
648266
187073
108695
116074
785442
954882
415478
985821
393901
308348
343127
63981
892892
731157
718921
409833
213613
264491
426821
265627
755960
173981
860947
836417
920196
288063
847299
521937
74840
523487
855512
772481
329347
754199
852481
524883
298675
136349
872995
678147
457271
724868
767571
699732
897736
480846
836537
164408
242389
440528
759220
484734
634227
678949
911831
219670
791300
956281
883053
656367
902482
58395
190784
766705
721674
468620
48431
112757
761600
875557
241286
137453
681583
162840
309960
615316
812354
734591
627548
322668
964578
262562
448830
886564
725025
439134
210755
624218
550441
359821
590075
357531
83598
121195
431952
936678
491167
489722
697490
571050
85921
602138
871259
561270
241799
93262
117801
725929
462427
14166
888627
387807
68452
164043
402090
922901
625772
985878
120497
164331
573185
49091
137395
42983
78326
462146
543101
827347
600769
636304
186837
380567
869052
509651
692145
10219
732616
961359
763047
708225
900347
921347
855490
401423
471179
767689
4979
795183
996995
370620
735269
83335
945124
244069
273863
825201
324111
888602
341557
833419
644575
868601
345593
156348
770947
272117
650230
213200
678946
855115
241876
13536
514810
835932
193950
37679
197783
814493
381490
522188
806757
465176
905583
106008
765610
311543
78915
173933
579681
271317
401957
787141
531780
963776
887632
177777
527802
785332
489682
616036
179421
191439
225620
460042
112020
145341
441653
167581
676980
496237
78488
240596
232895
181083
815472
725542
30508
542133
145711
682367
76469
467519
751816
416885
592931
598174
651321
674992
706135
190133
242848
923328
19646
653553
601082
732192
189361
243497
320241
313868
210831
929620
709591
644033
89666
446852
510764
464286
849633
42135
264962
21456
286043
837061
84443
441851
179945
144460
317249
753106
466287
856761
299308
459233
199840
5615
205377
332878
866428
226004
129574
892364
818974
685175
795719
682171
626822
180235
131900
306187
535562
809727
756491
342943
5628
306143
698839
260661
903506
295156
800857
701886
254506
224249
465541
374770
479785
853783
661306
242411
452247
525527
785557
29665
763980
906664
633844
806822
926072
524989
967787
628654
823082
965037
257582
14055
964270
638212
656882
789722
299079
850829
829990
303264
900820
578514
487723
205726
517917
335320
152681
884111
874528
211103
80035
790326
292251
858777
43117
933710
599398
115781
652424
445388
561156
424933
760018
666218
869746
820159
162015
628020
796910
20155
823297
12969
364978
166876
692792
414773
434433
359968
611530
38440
604069
998888
703729
542111
650936
703885
723874
276247
883609
936906
667023
899168
181708
366742
500922
277639
18264
637513
688013
43324
378677
552035
596327
945906
712087
264182
862664
4793
996269
399115
528081
400182
821499
203272
839204
413932
641577
458143
683183
957325
269339
988557
570442
245914
471852
304071
649110
682437
494344
886612
731118
359525
315113
271825
59950
877362
653313
303915
170644
109700
804370
448456
529903
515263
889434
977098
377426
655389
304171
836072
888807
70780
950001
965801
824062
989850
368573
247276
225050
154925
990049
976795
787907
419476
199691
532292
15160
268304
353517
954918
803453
34188
151442
469460
624056
462756
158489
545840
590794
118858
873812
755321
555893
37007
392997
32971
169120
459875
937510
851199
519973
624580
979692
111257
529655
418605
863889
817526
284923
370809
165602
819026
515490
735894
367465
777998
736518
792004
152032
660379
91058
983599
735574
120487
270032
182264
169883
116890
102353
721455
707695
415011
860317
508047
361478
12226
105018
948175
974415
569815
447861
1948
39165
91146
124780
175467
63784
597541
567516
296899
139347
672816
803014
724284
795555
367226
136531
936370
940367
333319
987847
282263
64368
59075
180692
596135
5340
652701
778124
310993
955590
269828
152621
787806
163493
411750
238590
285342
379407
280851
312269
6420
675078
406792
960518
690453
60612
933122
686910
154261
969023
786442
766578
526201
395599
46217
467039
488203
313898
404185
47637
713274
890137
432424
484747
257389
129762
895930
483130
512335
833565
976693
349594
617221
98689
371032
210397
41724
91985
678247
200695
19431
87447
11165
530130
819384
396956
267916
857576
713095
204166
634223
854002
59319
406145
642396
889565
364888
542805
579223
289743
35804
972633
264832
157732
576584
591354
735519
954786
659298
588185
779640
469969
913235
95192
730117
740058
572057
913262
431679
452666
225318
131468
738333
688311
478108
374149
523379
680869
335534
873755
182023
979919
91402
29381
657903
184675
555129
103297
425761
426121
798482
729124
643100
454271
605596
587041
121424
510548
86266
143203
822378
607712
356239
21570
176547
698322
845383
112483
313215
766237
374912
422724
724702
598222
81457
829309
761612
968468
279811
313323
802157
300935
505308
32942
81276
935742
158281
504768
763413
70205
945460
26140
602235
415114
362302
338012
599574
479305
125114
833909
590193
291317
912184
737531
491687
943013
816117
640634
386214
701363
60957
263761
970959
264975
499877
918871
705673
237244
495924
522972
546440
325133
589985
512965
137294
307491
352388
887659
380627
599553
644291
843258
731725
529756
166932
612983
223127
131608
492772
834295
851116
670147
446430
515367
175197
41671
620376
328213
937612
393153
769502
236596
76484
870009
272217
554531
661591
918905
105442
316078
371654
618119
79410
706771
594860
252227
745502
209666
694924
17240
953861
654806
646952
329974
24962
662751
169466
918574
129282
637307
619923
255852
520351
795940
840277
4723
243407
791275
975170
563542
656458
873809
15121
938083
441596
72402
385054
572132
10537
965051
590294
937020
835846
62409
132755
216792
405397
136815
258107
456931
500354
563023
45409
987101
214211
239390
923979
816555
982618
740654
964704
241769
636111
539326
807810
272824
751895
699843
237484
901544
185292
780371
967880
740549
652229
790145
421976
225074
71518
70353
237456
604118
644235
218350
536081
232096
777979
255720
489150
936165
558914
444841
664957
439253
857579
521977
786450
845089
793764
304662
900405
426383
891161
524529
355433
321139
877660
486981
583825
270213
84525
87817
383968
300444
712462
776270
346847
810780
717057
600243
380292
86761
638446
354564
155047
154866
900901
639243
800050
650658
42664
303740
856648
815338
348990
624442
498103
320444
540138
23636
845313
319242
776150
350152
800773
5040
502201
353901
445658
828973
489200
349514
267410
923468
313555
655509
179595
204908
509683
597735
400322
94161
138048
92352
570101
568715
21689
795555
112437
285259
736678
269680
43840
510630
170371
820674
610182
175897
223950
224094
933121
882473
242437
354498
370009
210420
634455
254132
440012
685070
522449
14030
911888
883540
457134
446634
944410
245678
871783
995991
274556
536667
300499
530018
706014
1747
689144
766906
364108
383088
941148
466021
803542
799547
415692
287184
806852
985184
59316
180403
449999
885528
399636
568190
706849
293153
518455
76653
254352
811134
789525
267988
970310
504424
185026
77968
328285
805127
374653
976635
885668
119533
876745
120852
779794
336168
580407
456455
170474
465043
480495
942860
690868
165
408642
957364
145511
913295
249300
555355
113039
868486
458528
222916
845949
883527
561573
532375
238290
443306
808180
153170
666481
918305
675407
931232
385997
361317
472500
676044
772779
573594
453954
734793
765917
452126
788826
452846
830643
472366
577247
393505
514551
692303
540300
647485
641366
597134
314999
363207
107608
298813
241412
333227
114908
422162
494628
435903
565271
932845
364192
431494
208051
416978
1937
268932
670547
414509
528672
846242
402490
34458
247227
913453
94218
796983
5402
609236
185166
989922
751373
806580
816776
998930
150891
221902
853467
366619
997234
625178
341358
823599
61560
516566
270695
806096
233805
635644
627104
872473
630553
266682
633353
661346
125362
164145
457227
159806
94866
762834
97394
241577
980134
808360
975945
261746
687261
765888
657868
300311
193698
900082
653964
27148
846550
369711
685790
211703
927521
635276
486326
357524
892301
706311
626722
380974
829584
326931
385176
993978
40396
393286
458859
387560
516433
756441
235964
415785
619796
626671
519371
765034
422531
992020
517938
29789
655457
888604
440994
323023
112971
383968
871127
475755
81341
10159
244220
357380
56749
894299
411547
230425
819089
551053
850484
732087
930261
586916
440887
693275
560465
403889
620849
581457
774072
52082
887660
961869
772347
561790
403454
568215
194304
683620
914750
149784
528876
994611
773755
151507
981344
941403
398303
404764
84071
524949
397777
5878
555244
343681
154080
279203
918755
359502
943079
640498
986806
665432
814103
286550
845901
708193
516562
899354
717763
757063
239819
616067
954720
280778
169452
577532
648166
498152
851597
753965
686961
218949
63605
850876
251076
807067
616569
392349
618900
720107
713313
860393
376861
102691
64012
247627
146600
731042
316754
823751
941815
274627
899225
157768
12792
826354
972616
876132
202111
710087
507096
833869
536600
230823
666630
711918
495578
292959
802592
124525
778068
999811
767151
683675
833122
23025
67634
464919
929459
358647
891612
664412
195955
847614
832232
805072
180379
62434
393532
997091
763925
978215
841307
619290
394158
61364
562507
451551
178311
125360
768022
823784
687382
898705
454651
749262
538273
762697
232975
918577
95728
868612
823270
473580
396792
242444
466890
219574
3716
252554
285284
999947
920881
778019
785755
102700
230083
338175
437240
955135
805155
828159
712312
880657
723106
83658
525294
588140
297777
180068
872949
765656
819660
418472
966258
550061
161813
371626
540078
391048
636993
397309
543376
500118
938866
217154
180402
657330
110626
177188
344279
941157
825061
179575
185787
274441
671234
838279
512537
784940
810493
54381
146923
388220
872476
897331
753059
208764
413832
241947
987434
587736
165913
425199
100509
802342
551981
407406
226914
853982
175928
701983
692622
402914
973594
491052
932131
707145
674453
814592
520848
91158
235741
972391
77054
619047
858461
366278
920824
258044
174330
325114
967138
430038
618254
263353
217906
800429
610784
310544
782330
19068
953759
361808
664901
522211
201978
899660
182421
512674
848334
73099
522254
211843
234876
896133
279608
327486
608793
4791
584977
219154
491157
451105
601017
588133
917119
377975
861392
446044
40377
130401
329067
808723
557666
494975
24448
549310
327484
495742
948058
477993
176985
976543
729909
895630
249563
456352
990522
758181
881517
302109
358815
334183
135200
840651
992588
988792
502316
508572
248460
164892
29310
469562
279502
206515
298892
964117
292873
968941
818601
71953
337669
655138
302002
482232
941976
674320
244669
307274
712262
103671
613434
326791
669822
766822
328329
834414
190965
458003
715314
484710
739241
838743
119971
380911
14666
144268
847909
19392
706427
334386
279543
942378
367942
983471
999764
642414
126228
225836
323525
215622
962179
401213
740520
358833
329381
81831
773192
330434
134782
957630
720458
848213
311945
51136
320977
334326
719489
743344
879025
534081
417138
872164
533969
13649
890448
504150
858510
841835
386134
666352
604011
620895
907231
224185
885450
85158
108573
568373
422423
928611
985033
942425
20291
909862
41272
5248
220730
490528
858302
468000
299673
467382
644832
589113
805743
612857
622969
149500
977164
985988
217638
498797
941973
100991
153012
866860
934730
251480
412516
556505
181775
267709
257450
193393
194267
599950
788562
728111
681285
845810
70316
871011
107010
138904
899271
68841
416488
214456
623257
481593
284937
620734
690384
233733
559337
169387
510339
141942
349257
224219
747114
963565
932782
91969
570777
758338
507088
524943
605104
713716
320395
930073
947033
458119
522296
182325
324744
593525
713073
521634
673431
486439
93427
646258
749414
146976
830578
862344
981390
816748
950046
229457
91738
847570
726387
805442
333856
765711
351868
499283
450062
93530
854670
354854
940397
894009
331940
256999
309070
8544
146452
872031
864358
597137
259664
121249
237826
231115
883956
797025
406633
310984
70370
222563
440937
536080
700292
116068
966967
564555
100879
119919
812819
17655
716360
215833
659449
28131
936205
993687
627700
796475
35865
702634
737883
383217
456654
873243
287766
827795
121804
450106
163186
432391
411431
498107
438568
770347
522087
318395
119727
481704
247384
127383
539665
229107
230146
888192
208441
587104
466450
145737
886204
121338
176305
561497
724014
479668
64245
457667
99160
645729
951869
190685
449862
786585
214498
851645
179576
524591
723125
156795
232248
481947
961268
207889
79405
723594
137314
834464
104552
270145
383925
180784
649013
442515
691580
710524
665447
563755
862509
570071
392169
185552
532391
190665
220778
314334
195807
98221
201976
923364
765643
616157
893036
837848
854601
947867
117399
599327
447079
371764
470362
253168
915456
150710
236115
892284
682082
31877
380198
673175
623428
267718
392547
166894
762033
775723
237749
552300
233988
43394
447917
797455
334730
487030
353948
714653
96300
126521
827961
635856
756144
381572
958432
957612
565279
760876
706896
513858
275849
763949
11897
534668
146713
450964
673079
533617
548172
370122
661740
500341
396745
189690
48053
698037
478590
619534
503203
151425
130828
441853
780915
61430
911481
772137
385826
240242
881808
530730
645300
264505
181907
934941
26097
308477
994057
98932
462577
522595
960095
935103
840940
74300
516485
450419
569400
554847
429384
845370
347259
647456
194392
454625
727981
548389
827730
579272
241942
142043
309476
513339
176288
196260
73180
465915
837120
962037
927573
704295
261822
647305
513340
35221
672582
890491
449222
100262
290672
649601
362174
771827
878533
698609
103707
114177
334697
922472
323009
698868
596230
53126
920424
393182
979013
600348
1225
273913
240400
600365
365765
78855
356453
277599
914554
531098
252811
408434
888723
480276
982603
659154
240476
742000
877180
616729
641531
910908
524376
687882
106192
417499
574486
255056
543806
800894
648023
407200
526769
96608
651130
159959
398690
122857
237988
784758
82452
99514
875803
16578
357899
614073
523902
29452
74619
111949
450401
206991
684067
512320
999654
636080
209864
995488
216775
793335
245280
638903
83978
80482
315476
961806
886537
571953
227714
494081
269020
148676
565031
928346
519005
868126
595264
261990
981926
641322
72995
75022
876552
694971
875000
82870
658280
759191
17061
358439
618964
609056
267735
204826
879026
159911
687027
429479
631423
609398
252891
746793
418710
238099
355072
161431
933081
942187
387419
10550
845213
862788
925982
185830
958379
342372
497472
37713
967023
832717
609541
39096
74215
679144
796631
342701
614534
335853
376887
372006
241994
263881
48635
992510
188469
43256
989260
67408
495353
51504
610152
591837
277605
569507
975350
28020
115506
245470
298958
2451
867192
819266
497558
205257
710720
17549
269906
780647
892276
98440
423328
395251
869130
754285
460640
487626
430662
271488
707514
294081
207722
754566
605111
382508
573953
439873
996198
982063
153436
539232
123438
638620
969931
187517
798845
24519
590671
637972
702955
725233
578093
630677
857080
304943
397359
911118
391259
696926
79610
266333
570272
705902
421936
277499
405700
805313
426871
236233
103426
441231
515040
62302
638795
696753
837395
108010
592269
591645
327572
444754
152192
455436
996662
729769
170376
549374
344415
389818
599407
195648
569589
681004
751991
831380
315123
677889
172960
139777
600461
399651
545456
129334
320022
863958
812715
932308
621846
195068
482333
908303
132670
105088
85852
929208
398819
17881
168764
384933
194686
753563
907413
136638
773127
182556
560718
678023
433826
304258
378553
897962
9680
748174
169753
334742
689174
331850
394438
6546
78317
961299
549953
368308
821364
732131
451102
747911
997179
804583
293323
612950
497391
785850
767014
948747
846966
455269
236387
540702
464598
945809
931767
903472
462395
462899
486087
14499
908282
651698
875132
705965
958661
322412
187111
768588
29943
564857
674362
227233
549889
661458
141533
530667
327333
974687
317465
61540
85917
749554
720497
944210
392752
414131
125384
924308
763236
276824
887156
867893
370564
100216
640833
930860
994585
673449
832735
899958
666854
233815
506848
735129
661607
232561
155641
132120
223074
980898
272948
495582
550932
914027
872458
642081
105350
386175
175626
859024
279771
829056
31038
600760
25174
413249
988836
360743
706950
933127
388378
179617
487619
132931
351311
722415
141376
82869
755782
767333
940866
460749
524286
751806
622556
542156
476013
116786
669310
345703
505212
857220
748723
843810
67604
180101
576553
36372
712372
910117
651547
770742
214084
703446
82211
457076
18353
633059
14530
481390
253317
193511
646755
701377
332948
284135
343565
604757
167686
325905
466086
617878
644056
31933
680523
865445
402504
641660
357848
789120
371229
945539
420171
711476
108287
399998
900404
520778
271295
61421
809630
954458
623559
534818
314357
591800
966953
186371
915965
701883
764927
957117
830494
198225
118624
229965
854723
495903
363294
759467
295068
6254
431585
419845
684446
829624
379602
85011
752876
515039
115755
258398
815347
9642
399637
898844
946347
273991
688518
149113
858176
386269
462618
54385
439119
389073
94514
124962
96234
159444
122911
52778
246711
464427
894139
438948
399155
398213
929161
270135
675713
350458
848941
705817
399699
176649
410634
183037
797392
769083
906137
560829
970477
90194
714317
421775
510149
236861
335131
448980
999428
998932
336185
423018
823221
342902
454238
230950
329556
660365
487078
575245
700786
283513
262367
630698
737054
582625
711727
306625
722835
477419
539927
217848
150150
575575
947141
574741
865218
630508
308308
95684
243279
713923
42421
313619
488756
16290
608564
495820
906509
969927
402263
329252
764082
349723
270254
643380
831273
944542
33879
110328
325120
985021
214399
46377
254258
221433
971159
898967
750939
240234
436614
146759
888313
240474
877648
775855
168283
985860
212105
711590
768996
337227
447733
888914
798886
249699
227549
997525
934078
844860
733115
366714
529670
655432
888914
268173
315152
93297
86242
651535
348997
68167
55065
313962
608540
449729
236261
315119
452091
938474
700027
317458
391934
860687
578377
639650
939716
851328
555787
351614
504126
790426
752760
795050
374430
346785
329910
878585
121870
837416
950845
624305
777455
263842
164834
793216
370045
260609
731209
442635
446754
234575
729122
813477
786012
414284
844048
914381
331055
20026
424117
948219
94876
660045
417110
355571
87847
860211
190379
705916
178915
565500
128195
484619
506662
996622
117399
565981
874455
596259
218114
283577
561062
109268
382271
279249
588520
435393
878026
812810
545944
861471
712424
792653
989196
402044
265233
735625
718421
592461
923502
598023
146532
578929
789094
590574
228461
625070
913249
744926
106318
821497
481586
767153
169474
674169
754285
958790
910287
355043
767655
759014
575414
802639
952555
280344
846714
773634
573360
81097
977293
554272
241324
593762
396505
634755
661911
439192
644373
189828
678576
531254
402738
212129
403635
10466
56353
142081
989248
745510
631504
822674
356483
289286
399478
187607
807414
711273
809021
119717
992037
873870
947323
685183
636557
272510
149104
988554
848447
680756
977502
870067
282421
459141
678513
975359
