913359
880464
108052
129158
64378
876485
818264
116377
436418
604726
939610
958503
629041
435192
696137
809907
752786
627450
126990
228924
566079
410610
886047
497206
20780
679448
205084
17706
602115
571795
45748
447499
844352
314724
381143
645840
505632
816816
38430
240946
25925
980490
664417
278568
553464
636472
452050
935539
363118
233870
647704
837939
676943
343091
515246
77385
416728
278517
740298
773744
894338
324135
851234
97048
922890
590736
746024
818706
125943
682223
477744
63662
164468
35635
776233
428774
262888
21783
416393
284106
376536
104292
912651
293735
77257
308101
556984
230291
313655
493369
579137
742885
112582
318334
532550
59216
835855
993437
512136
4560
638389
410834
794098
695462
376681
543643
410638
829733
591963
55234
501481
705812
939787
959614
75589
406649
295861
987543
1575
72041
11046
496150
12282
907328
13061
208297
416999
934287
485398
518453
560777
341320
180463
855103
552789
109602
912847
577734
470116
677924
152449
537180
985518
101625
874630
735923
473897
814136
354902
456085
877646
922673
200263
500879
388191
751063
738354
644232
831541
220115
771718
34858
737588
573600
748111
249120
624959
989911
380092
733069
388722
771318
346479
831660
683480
104764
421045
656496
133827
220803
697070
555723
996702
773124
619339
489123
354780
55213
429025
273023
946768
527624
327306
956487
669549
322960
217885
897671
130913
921484
492436
167650
538417
594302
477769
916732
193878
135463
524624
832663
998765
839234
929791
226942
844509
729779
948670
392667
507348
676218
367104
379810
568753
315716
327530
662735
417807
823598
89599
489464
273007
204589
423906
440464
362341
661512
866954
154310
60499
99333
343412
316332
752422
84566
449411
688261
760802
208655
250906
823461
396733
485675
511367
700249
524446
467794
974648
726900
592068
113163
482915
442251
405449
166816
935594
118352
865595
325658
986103
777029
404650
928364
281851
117271
180912
863628
867512
727474
335457
629390
532117
378454
758775
200297
316245
170701
451847
287196
487549
204787
393563
162636
82737
841058
481721
873875
925084
630989
462893
341829
832681
314373
357192
72803
57154
870447
890189
875296
453845
345309
257509
642639
987981
93710
125067
216683
16106
850523
141483
609830
35998
842377
496101
36514
374664
894173
256102
815161
547337
879785
752968
785671
745841
17670
755040
9943
273261
798745
573224
733195
111228
838413
424841
40697
532176
411089
739904
293719
151547
422030
847229
371470
309914
878445
385405
733911
633423
209490
634714
580051
331634
33459
92945
830926
493241
198326
574850
528020
670202
764865
277129
848444
402707
971713
923606
670422
760817
50473
733102
937143
968358
622383
980320
872084
547595
461236
304431
323737
286499
360522
114522
381112
705920
90920
138625
13591
188551
486501
94178
225651
402620
354927
39877
227533
159669
934493
177699
728961
795453
156357
282275
280290
746714
645139
116876
95650
207831
758376
352396
107679
484483
44889
159619
980256
592755
208931
778448
946726
399625
138505
417345
641570
555612
273048
174055
317274
742760
207816
817970
716702
137667
244311
964976
107082
958044
307342
616160
561059
971502
341724
490600
452968
949673
901012
821838
846717
463802
141963
349664
584366
58522
691962
827440
59827
730075
866071
55891
472330
973349
532632
196635
953333
942670
750074
808284
181073
734621
440201
570942
45476
709990
424737
57032
27334
449942
993411
106862
907897
178758
889789
263404
195062
628289
943892
66932
7448
836718
347253
296179
539246
760183
314998
347964
339878
90961
663119
234948
451397
264726
645425
696031
993127
38686
993749
600145
353174
303553
226633
777105
879204
571961
349172
815281
462955
646558
68730
208955
983819
211800
317982
88978
433992
35414
708402
972845
937148
682930
534246
105785
198386
727016
860476
600963
220046
922777
699320
311197
951821
989743
499020
196559
653208
938410
732666
145835
680743
905872
820785
809845
997960
138221
932206
658544
189146
526941
28838
300289
146697
265293
601381
995422
211898
285268
352568
705325
961048
961678
127109
463005
666425
601746
308256
766240
792969
154610
132120
620139
115999
578044
122632
752451
758184
53301
240400
541702
970118
897943
829393
177475
693824
369337
783001
975614
730791
294572
856392
355238
240961
426896
840312
593099
951099
324307
828036
652947
718769
201091
946892
769938
965044
701613
425662
129284
470950
22631
834784
446738
101548
454257
637818
289276
607904
201931
173158
609387
113413
798248
867339
147878
668600
338595
256111
809699
97782
260896
159401
482971
477443
447123
687008
862743
529747
228581
261956
561599
998976
129569
27668
202178
68192
985490
17508
970688
582986
229495
903420
934138
741053
599668
220835
290731
483251
525489
155821
31630
990003
408859
765642
353228
921137
33258
603888
588504
115033
655582
507222
163427
629525
432201
373386
936942
649157
14920
289258
245767
590912
891629
565252
315176
903689
250416
51288
392677
652594
517729
385266
398142
317991
976602
19370
1235
458160
522551
680414
651636
821485
286848
210920
531455
47916
931886
750716
919675
120040
412878
918734
645538
51211
952448
584738
275006
974495
126469
498997
854319
200669
197336
969045
960343
912915
680396
527067
722807
387499
450420
246040
955229
982633
580308
719193
571042
941786
859916
350405
102820
457290
333157
832363
791097
616749
536944
676478
265834
827948
924556
713947
510003
925898
776163
416674
621552
644053
295579
110966
316093
733540
798035
822856
566687
903566
623695
506502
83136
106219
326256
288188
227756
845643
918948
765573
625084
764325
509828
509607
211142
227667
140128
281763
468462
433383
798715
900534
885463
181897
153284
114089
245584
261565
801317
251873
938879
502103
240351
926335
509930
550812
188864
642567
638800
932384
820046
457429
250072
94824
661443
870825
638919
921399
721110
189479
73699
863985
93157
507546
73580
637726
279010
474939
551393
790353
859421
108552
328100
721754
286893
69533
975024
886036
764357
673280
546871
988971
171244
833307
15283
914821
830378
784849
374784
554520
801837
203914
100008
162674
875384
405309
889365
623000
79994
887634
543956
832068
621959
31976
474755
326454
534295
239110
633778
830944
30579
873569
132869
261954
264455
861589
31891
762322
919113
582897
652768
439376
169456
603540
748236
763608
376810
687601
186268
758028
154394
227290
849631
487628
187737
43086
551872
902205
244144
690888
750012
489513
778413
813665
977439
308477
395359
705726
635289
419842
720943
616590
720926
132585
199882
914346
936860
922156
737273
424821
585274
865275
266504
240173
4887
852510
363765
195972
983070
344988
106141
598023
507958
448265
721293
815543
902315
749113
623929
246276
64493
178822
833188
285518
161868
301956
612270
857044
92198
977741
452133
46170
302235
980815
676780
573027
87478
368743
990240
295921
812149
187994
579811
796141
682533
852701
286000
197498
69580
709451
488822
698217
751429
344478
772663
456719
541724
219477
427749
420687
746946
539998
811557
347647
808711
578829
845438
952191
816979
245217
518295
479645
386685
15532
237005
819342
491384
475147
617107
755865
756989
42970
466980
570612
497487
631799
548470
697065
60493
42279
154677
360444
849165
268055
959478
565050
647274
585599
836740
219688
879288
303514
181097
421394
805421
936044
418373
328332
3589
451774
808811
951903
878725
420405
52831
206992
896155
364957
968429
526371
813862
664474
909492
986664
619927
460878
484150
810281
448484
282855
913472
967803
650114
185527
289490
973071
369405
636298
426234
524718
213657
884064
507573
734880
338293
770754
134123
368825
369019
167991
832947
333005
319102
859762
936551
445359
995590
667792
745978
130581
507761
130197
113931
924447
636983
876454
843278
816148
766369
561155
633230
154622
146036
372512
299770
245101
589207
242237
250424
635241
443558
884163
273449
915696
498486
566889
414582
843033
827036
368175
336272
377187
309750
848847
130394
944299
685268
748420
858745
118787
930633
628571
872167
487382
123402
221320
85335
266740
721514
428569
451793
636857
446099
927270
851409
970544
306453
716181
259408
293313
879835
429198
835122
85725
177134
732759
351207
146062
131623
456268
360157
863518
920453
318215
733114
624295
972301
626712
962620
148947
400813
570912
738070
794897
516903
604065
951109
775541
210236
195835
408367
638655
499354
124122
798716
752772
462390
827946
135889
897352
282272
186619
734720
145806
615826
678867
468024
768890
81685
692819
86371
166488
828901
11202
300820
884292
883343
348309
396321
195704
319049
776623
628897
489815
978319
572569
664790
885757
254286
284769
550836
102063
866260
861378
177855
704215
613827
518728
429439
637752
649558
206956
308291
566236
675390
698999
411634
888810
345572
869621
92896
792216
744280
905545
62570
653217
92476
112944
896674
454853
566702
45596
890635
972755
552571
618012
491974
727599
992614
673492
734325
322631
453525
734006
662279
560848
948848
613621
621001
263222
437833
703602
82045
280327
5206
194714
278846
873040
508926
815536
999074
455370
946011
323302
878233
913289
370443
467972
711836
579828
827506
457321
398998
892790
778786
408670
466313
500020
301812
613699
198085
75989
790787
396468
523007
243975
647141
684474
933374
345456
120711
706169
945364
262492
372780
563782
171765
551421
64990
448428
249997
61654
929804
913844
711194
237901
353931
666895
830879
206706
95088
612757
708411
838776
289331
480273
927095
842541
88987
88606
417689
265776
156117
495595
113497
401908
847298
926070
386933
111012
612337
973103
137130
173479
824134
451589
243581
346331
899715
123993
415872
538594
501906
313625
22156
872945
805640
318588
822972
474366
595575
901508
789057
992169
85705
189035
270380
351594
366443
504828
865823
90076
841666
801199
197442
350295
261416
756064
410474
264285
154552
562271
988051
567675
289348
95143
286558
59855
203722
839829
228703
94935
106027
41693
559014
317782
980131
639008
30699
823886
540000
267615
22789
809032
590949
273854
25310
454971
510622
150708
341102
799651
718957
640920
545441
984120
317419
253846
48067
341859
268028
544088
251564
288330
986112
115775
714158
925140
911635
58151
717053
555402
343660
105140
451932
363170
126926
298526
392056
840964
531367
333074
174293
720834
868975
671587
372599
178397
595834
203731
875556
104137
383812
493058
909556
8826
129330
447706
5973
935582
420656
230610
299540
89535
869759
819395
427069
529766
596319
246687
336174
589888
355038
862826
279253
468818
558522
738001
813514
905634
952588
905056
407441
818411
384376
847390
83484
34976
555611
675692
429506
479705
54719
436799
40929
800389
677836
614837
334740
174599
371705
372102
50159
514036
341838
86512
176666
411299
979250
442497
530281
998770
318388
611538
490615
825855
499406
803599
574873
663779
664961
655770
174407
679413
479006
434701
935849
886676
970771
995424
425608
196487
359322
782099
759101
66171
621219
68182
816814
212099
227292
729655
71682
21172
367833
954670
959922
624913
314875
529663
291147
629525
676137
306833
903044
227478
256935
716785
225725
186932
112645
266231
752224
502497
358840
543802
892850
807626
659448
165321
79224
196755
274441
795348
590157
152089
221474
805633
884678
648341
94831
728483
598534
215405
828646
737216
403260
541296
740005
412366
683378
238726
167265
581130
720418
760145
273418
198867
98228
212961
981329
135813
618015
244403
946017
297974
397411
16762
712730
139836
725812
629154
703045
334380
245054
633080
380038
545757
906466
825547
664075
797906
965175
836308
928581
204180
875068
601314
716913
946095
243000
506315
943906
570068
213212
758771
960015
965099
938436
723420
773144
576635
928054
262571
694079
487286
822581
370263
491878
318304
862148
224683
217622
902336
402751
907863
393776
202309
110035
576729
169750
509108
560942
968321
516938
783907
58241
852252
773876
376215
706225
538294
963018
22162
665012
824189
245982
726163
635326
626202
398860
821876
918710
972430
817125
966101
148721
580206
265572
258434
192881
868592
785390
143161
986267
627071
554570
743908
210646
312773
859109
805357
758893
596150
194074
61278
196412
679572
139174
17996
380996
330602
983015
13460
185346
801351
725971
91355
55989
836743
799787
508896
237995
326830
366037
850051
391424
264757
844563
381078
9674
141877
282450
805471
7671
240151
902133
504778
562337
943761
707790
280476
911414
457026
877309
100972
487239
506531
875213
230615
563184
756701
999679
393673
381118
670315
333629
57924
789245
897567
569197
100655
171163
219727
952206
162400
366061
273960
173388
981674
882359
273140
434259
606587
417581
206782
404151
735815
118924
833604
59548
918390
572024
394535
59576
737777
763991
212376
672778
158522
966271
234765
220945
182388
303642
140538
965088
241104
441317
286762
152175
828479
614021
757821
164025
301331
639908
742030
460110
35145
206158
836141
45044
369513
457676
176912
907004
729009
919326
520652
722443
776224
104797
303174
720614
677062
171981
714237
306347
164935
53019
492100
715225
304456
427080
774933
204790
177302
582062
26853
961505
547178
876739
335054
291655
229232
893702
54625
45350
711303
201933
102538
903122
639828
106654
195323
86943
654089
530711
579699
616727
13880
175272
928261
592766
419249
116904
954054
940300
941071
307773
739554
258134
36349
264340
574510
836163
362180
838222
984174
122112
591879
739393
334672
695793
366124
914768
358707
397620
658040
880196
417416
906542
53996
839810
802941
6548
281515
354636
986740
441040
27639
191196
580258
504912
238048
814612
599364
497658
308629
664573
779016
349937
111866
885842
874441
923425
768459
919887
882082
813428
989089
318132
803846
168587
279014
875890
783681
500291
447185
211530
327554
732321
965476
896417
685166
99084
620896
83067
725271
523078
839792
453110
302345
198744
135758
347695
650437
856566
868257
446740
136147
495764
932152
330278
20838
872871
88372
185326
40875
301388
933658
188659
254187
768060
355302
777398
114527
223758
921674
303826
943347
974555
458290
141458
516449
40905
526303
405373
874364
557149
40915
857926
861102
422415
66249
732168
95620
731291
221430
963762
839730
531015
367125
904707
578608
312668
962918
354856
634531
827337
51306
150473
990796
247542
438089
69546
455248
616214
487456
738957
469056
924240
260562
825133
19165
74339
674209
743324
515519
396703
810563
372084
257380
824768
501672
656244
142348
70344
214134
785777
618015
210266
325118
890345
673791
340623
485928
201110
252038
606749
18536
356496
205766
95103
60657
980707
877937
525592
295676
288451
450660
441329
416879
38612
80667
975032
412398
62470
124833
17521
720920
376808
44210
904156
680294
239820
641602
880447
369530
91606
966393
276215
534955
827563
52356
836038
427074
161869
108452
665216
704115
825340
586356
597327
419048
288294
406212
889058
905138
794683
177174
395009
8874
645911
111453
913073
103975
492056
386998
183069
364064
565974
398052
536936
450531
983540
172645
528086
263868
475280
475819
605586
963842
467305
608425
379958
309925
439927
964988
21480
712647
164694
906023
711771
893727
433004
662908
933697
567163
619292
202704
828786
416425
105913
951561
194688
540814
175897
425860
246311
485371
853686
388335
178649
452024
630375
839365
650754
855277
155400
996388
998548
528882
956794
292250
583664
323686
24663
190177
75403
239395
384187
325270
255925
915812
520099
143709
184308
328964
360007
888646
633423
841685
656613
356321
807749
99940
737813
787699
234123
360344
774265
315208
529878
885201
469551
742957
30042
318664
346619
722695
679864
677000
333440
542873
783607
821185
876974
727912
452506
580897
744629
950729
245722
361549
743234
515392
469413
315418
844894
75017
912513
230413
333515
405930
448775
784443
507581
209599
902957
505534
45871
228844
77883
343894
215002
20285
198820
928827
256093
416050
300885
974361
363702
574110
804538
359902
84858
806826
193914
66215
943561
540394
529254
744372
22391
34478
393450
757034
363826
636916
699244
452330
531379
724847
472477
28454
26088
378031
276457
507835
489490
33994
11896
581084
106352
140765
835113
786561
660105
657103
343546
771654
984659
426226
992065
801930
933747
311621
956471
912562
638525
171650
527803
569819
136557
309698
579690
565751
903528
510236
999051
648008
732085
411949
37468
739700
755733
453760
843595
851380
297375
831733
960713
34938
550647
559424
133144
972667
335134
968029
436598
114591
391972
612624
413074
199977
69374
704494
350678
202393
987956
886677
547919
340388
231495
516275
339404
902523
684222
664148
937502
901888
837048
327081
730336
265128
788560
146138
24151
662785
588780
148438
213785
641185
406473
444440
270155
589777
551882
994807
295368
741859
148938
496255
873599
345649
498516
708495
996196
120567
385585
556705
36453
438201
304498
145516
133676
587954
886090
166820
225598
186956
690972
520287
848599
828627
126099
140630
955619
690127
783218
116205
135090
845589
586477
468354
536154
917850
82447
259441
26547
419541
780129
927809
35246
343482
996484
389719
222927
203308
483420
282118
880044
147881
126071
776542
477321
929686
803794
47487
159375
71548
377124
968471
982778
485133
999997
136722
870771
615970
137734
248552
38052
832145
464256
13651
694158
143761
888529
865093
92716
148802
928068
58748
327033
464448
437451
376465
8887
518683
646651
23512
79307
725614
421976
108270
6599
625277
244205
254595
325138
58483
580249
156416
270609
328458
999740
572013
264136
984450
600496
314225
87572
454976
588307
719841
668212
418545
340098
788568
473768
913026
696565
425817
768109
422326
100066
106934
51196
35376
416028
578041
170677
801534
112366
672172
105788
25885
143039
273816
191451
749205
387806
74943
627908
925189
956537
858308
902805
244580
510801
453717
271502
412627
696497
75259
741005
143142
87014
367816
47627
665906
328980
317030
562690
735056
891549
560494
509878
458803
456321
858162
326146
774962
10791
46071
352806
981589
506920
836432
643471
107185
827970
651733
417904
442626
226240
653785
903855
64064
414875
705306
45778
650166
915455
411516
978822
430784
505737
14644
705625
124695
725050
311721
377434
104
286592
692588
826971
196569
585401
732017
779769
291542
18483
74533
323383
687680
271745
859391
910219
97747
872204
560297
745978
332871
95383
260820
925760
592454
23224
909521
689616
874130
445810
157163
86399
7658
870751
885141
656092
663343
411654
352664
616414
616329
269433
135229
190717
758411
754819
17609
324694
959209
186568
815592
849406
834200
105097
442354
403741
537568
603767
862067
793654
462348
372629
560559
780993
550728
594113
345590
6528
759536
900029
183031
100687
661042
736820
908668
751017
305182
231147
380049
184207
123037
354299
160974
733690
22228
353240
106847
283894
304098
672640
614509
903346
707947
755903
507755
562850
483358
47705
922597
871778
839315
949085
823984
25474
921709
138557
237819
628504
126183
598026
394283
980126
96155
153984
11811
819404
812059
277593
366720
341776
25910
504947
950385
433036
377198
855516
794640
426319
732137
654725
71279
783553
712750
423846
144975
832725
610889
421728
2730
206705
170151
298983
840531
330711
206760
474475
832449
748778
283423
418092
330293
60563
461174
74445
354320
299782
51129
514117
952
362153
20235
180970
506943
302695
376087
289555
13179
905794
142468
750531
711047
748075
718800
470878
230400
643178
969880
110605
540669
957311
766384
421420
120173
917260
744548
963178
894575
221217
932662
671314
759449
771191
651672
179840
858121
545735
449087
549113
938673
730090
876579
524924
401699
495687
798034
723258
148385
688561
878737
218250
41116
757994
548084
795482
671836
537751
793749
443137
63039
910094
636243
293965
331128
108086
666828
172181
426390
336616
788613
629141
774938
254061
789881
381523
705374
623955
41150
276902
5066
111531
217920
319174
220456
317899
502320
883833
548254
87235
856364
148784
183380
245330
631061
159606
269718
281369
717106
709236
355989
61587
625159
323145
264038
258990
323030
445362
493723
364202
614501
882900
914105
981162
682429
301451
338747
256454
716182
589460
879656
74053
445888
179383
331896
714104
382386
587968
660391
44793
605027
368392
802150
342333
972944
635183
502901
583386
709911
11218
308340
50356
975659
612980
984512
617994
946024
275422
480096
795307
680760
308721
44845
944409
360620
855342
338403
23893
230980
77533
616298
709186
880433
671489
830384
89086
449503
532380
69442
886799
269774
939303
300159
225021
783027
612417
725968
135055
162705
187792
611091
779993
252955
392676
521431
806573
542051
512601
528893
415641
765678
651332
851598
300674
391348
713247
237985
664055
106095
574621
537717
733826
74257
676297
541802
932711
235403
525945
610215
465012
830782
187635
241357
760138
885571
670326
36759
47498
841610
27213
73914
281865
12769
182894
751782
253723
38215
892796
636123
984479
462185
918447
916
108422
787914
813613
320345
983552
54224
646425
800067
237648
157775
492090
62875
129796
179452
230203
586119
41675
542519
57822
611806
645461
292019
11008
170387
957780
913848
46240
503318
31536
869744
141857
694803
926977
962900
26572
113995
174781
105961
857941
575151
497886
100047
183274
41532
849516
95361
774876
997916
525305
795933
394788
88605
604435
518847
954901
574909
725692
177758
427484
741701
293362
282737
370493
734722
299191
854661
220899
305446
794934
792479
894823
80920
428666
17600
994665
514594
525178
454794
733273
681221
606853
208832
311419
167786
750259
906535
837046
667537
141350
6074
594090
205290
221098
193323
700346
510231
378649
285735
403000
865499
708549
756003
527343
473209
684440
257873
296823
286216
885661
814732
332324
958346
368615
795936
953547
98109
96462
45923
68661
37154
388623
184522
935618
256257
861850
912538
929100
395465
167714
585729
226785
120716
465613
393921
679632
259040
52215
418604
126027
81601
216330
24024
799523
83596
720139
762830
336873
221833
804314
105396
43694
235034
331501
76174
750170
696257
788782
994580
949237
327730
844782
285902
532050
253443
271112
706472
8695
904218
713951
52349
873675
650063
887475
83193
109260
634629
943071
5823
127807
129637
241366
109312
644549
951760
73605
536261
175935
446035
848247
180699
148079
130859
662282
286088
117468
141982
615734
164170
232418
985436
764608
310184
640196
926547
43126
963414
905369
195643
230216
307729
111100
129891
803250
512562
998286
577082
731914
898776
710958
236600
89246
966091
222150
699064
127357
337491
505088
511241
763496
363658
327680
625839
734402
509838
824046
988943
155559
809649
5799
581665
449233
887997
782832
149922
109908
737620
17799
960694
469460
742982
347309
497777
323448
88158
273279
757266
391904
75002
975870
27765
11886
77893
169734
118888
184699
482358
632517
371611
551397
705717
759645
79729
353917
736307
681217
748134
173772
739589
337299
655175
358336
586189
701551
194192
653169
990560
740315
751356
897836
923101
706421
125988
49297
523451
445583
809503
415559
64472
882580
769419
406849
123077
61111
946443
352276
275154
413479
915749
113280
286253
390882
813921
650322
132188
754702
419581
214097
128825
601437
61399
811075
630497
448345
253076
724823
540193
639604
178004
841519
852636
149273
873020
846318
902947
969387
557951
803343
947544
686030
335117
631456
644582
200966
624727
495401
12749
107450
567069
215394
639983
933601
469663
586285
9196
23534
705234
394237
93086
97772
128142
277467
11689
422714
679124
568863
823396
940668
544126
142590
431234
798390
782372
191286
831941
735162
295470
478279
468875
28324
507469
497878
719538
214713
270355
780739
547562
879091
365133
757797
581338
974005
326702
953696
738677
224921
506092
643287
304755
872468
492324
882283
230933
456034
208611
415939
16046
729553
259782
431240
39693
450317
553923
837788
907893
424259
94479
722093
336917
691943
389411
352748
396805
276291
816937
909253
286300
85283
496831
149155
125285
948154
852932
681789
572398
459675
695175
754883
654428
904962
83867
58796
866909
969280
607697
631171
483071
181298
532356
260415
72883
479330
51893
734931
831665
81108
726641
928647
504396
803119
500900
773786
426189
835074
900178
683749
448968
594099
511924
31686
660742
376474
275722
254655
756122
713055
415658
198221
398533
751649
797148
796707
480693
922406
112365
226927
784494
646966
270453
716670
122975
822056
844569
326566
602691
62011
963919
654328
88143
715951
975725
504408
802006
723682
354102
672818
926175
966874
423951
687305
908141
344696
189220
968869
11594
382015
441968
424236
808087
33857
129109
632175
972896
889656
243375
752501
27308
638772
227501
801294
953183
197362
124603
561048
189888
264791
761482
239847
53530
549196
284400
781933
78572
373904
605306
924672
391028
695
709447
554347
115029
60463
560824
138726
959077
557392
943514
679055
482270
354882
994678
255772
611548
495555
157586
85810
326919
269026
298824
661710
286711
261859
386293
298874
991404
631471
42267
328821
887069
598272
672745
174944
439821
201800
185349
53271
553655
138815
385527
459728
277721
346468
164116
196847
47404
611763
540625
347924
385523
981426
691628
386006
104803
336647
557053
169224
607002
771152
828928
465484
968179
276004
383453
659460
365246
4492
880289
648924
47276
109382
720819
54416
403027
960797
373924
498651
972789
572678
916149
444649
163782
623014
972205
545682
427707
548033
801591
396655
190366
143637
273961
438416
192611
666330
977512
271327
43718
925185
392691
545916
86264
857818
645152
891187
502372
806007
422709
369217
91156
505444
12144
183563
731451
37561
756603
355905
474781
410009
217791
354846
711922
859265
867441
271767
84766
982520
632369
568534
301308
375794
199335
981774
479853
142149
417672
507180
933064
795996
321845
921912
702269
286932
311243
478596
481156
517990
929563
376373
943457
66598
669195
668613
359454
49659
169202
576648
446864
944121
255447
795688
229593
851049
822095
489112
205943
762125
661847
450322
763250
427640
76160
329677
485337
869512
540810
936261
852464
917725
29880
412099
253967
253831
487070
238088
106399
348523
496441
262695
151653
124718
618281
498173
839793
641713
706197
319296
71892
864037
581542
758142
572624
753793
481781
434946
210367
288738
924075
973263
488809
965870
780553
657992
114009
324960
653061
993759
965623
912180
171961
994512
198690
33379
78835
772341
388812
418469
599833
591543
745832
199158
435198
356667
711101
655771
233751
146788
969533
854317
570384
440628
347154
978448
517632
622534
892821
620110
954457
49567
153560
325019
239474
628967
87585
744860
891815
634046
111837
604720
958876
117642
618623
320808
67307
69514
367748
719480
129632
831040
336672
921413
458264
961026
46590
177063
141697
172236
286823
314888
391257
107497
665079
204488
194709
241448
826377
545979
687588
930713
845162
381587
710374
202981
876492
455249
727592
742030
407290
795291
858893
756485
658577
656236
469465
446831
458544
20
599478
5183
160565
302313
24954
361893
967780
604459
392075
607127
257634
642350
350422
152035
518482
235860
429727
139882
637263
603068
227557
897019
338316
20850
508808
825627
71194
3694
290273
916705
280017
587344
240887
347268
40759
173877
996377
696328
199840
994776
109039
593064
191405
992804
618950
362104
568576
345829
782740
594910
275840
850932
818816
522016
182780
184516
185108
174800
350013
411735
104126
855521
440032
891287
331395
598090
613050
234900
892200
772232
680311
463616
983123
74725
332586
176003
858632
356014
551382
427482
218784
645406
991676
86623
633948
18258
535449
960726
558714
831455
785131
697305
425936
186328
16231
51035
804526
101195
252404
935264
903465
123787
568283
389595
36041
992690
566642
666820
9692
134498
414625
669110
570569
125554
766108
668904
112163
943623
349272
501655
628995
679541
687710
301286
378848
568328
69072
686044
185984
551901
143804
173275
371550
13723
79712
941577
552179
744864
761484
561984
336174
376913
808616
223251
595871
222158
570293
834686
803296
213390
607612
646139
29993
232596
777723
592812
708069
803259
66297
233396
548065
106591
751445
322349
565299
601964
86605
853859
65769
773439
61666
437274
769858
803465
465732
114900
120568
332964
312533
556044
429048
251536
466920
697499
687088
391435
523150
145575
372004
523941
363731
604192
15049
808101
725075
83968
264102
590328
250675
467131
653824
679453
162769
95349
324755
331729
407488
584012
340394
745183
429527
294419
769649
183008
349044
575854
518785
295913
513537
494356
399533
252882
21091
99613
109287
622525
771294
390660
162903
761409
747918
966839
108801
743492
677142
290537
473143
376126
369915
37635
963547
912532
675241
383620
470796
978086
504951
703723
918455
944720
263227
945075
465770
765012
498473
735426
681930
375945
354974
587656
396238
991104
880994
576727
239237
701644
293765
261655
521539
662633
922262
55206
634654
880805
889393
950279
76479
658473
660379
924869
679156
521223
682430
110185
245807
609591
443157
435748
322160
898039
199801
145859
82634
498382
238807
981588
168702
688344
454369
851499
322535
567558
475954
706854
433761
18872
222397
547388
226491
134357
342706
875594
43825
734161
657031
911153
832467
658836
728382
38560
951385
446204
868507
697598
9549
250153
21668
724480
445632
207761
809797
588938
944331
431784
606801
470105
800986
973997
916186
378026
132474
636661
576332
4523
123223
425817
947957
80964
754123
251629
135789
856762
819656
154176
651609
209939
947300
302726
271079
936117
423918
567205
342893
906087
785836
260502
445220
357344
249894
463830
639823
894821
567190
14752
830218
236657
713964
625992
148030
129818
599612
275621
325063
757199
198294
329914
801164
926505
103350
742122
482409
234953
774422
439722
55688
763766
676539
696642
707069
994616
517333
969968
921219
338074
144113
544300
35618
16945
303633
928513
42073
926417
396393
643978
65873
565922
610609
644146
90012
216860
544093
489492
9162
447076
491159
750945
111367
229086
709004
919014
243203
125129
677100
577434
103036
87053
28382
791770
958393
529663
951639
550935
393419
524501
656813
743594
782220
43233
838155
921683
231878
713831
596332
595796
309812
446001
172590
307945
585631
300372
833290
30259
961252
236465
523177
98088
566733
818471
948355
821812
2888
232135
789083
490331
145824
393668
323696
470597
761254
800109
731881
704470
302889
77491
1013
957088
488677
308710
204655
101589
83518
199101
68202
847210
592669
546340
749343
912085
824318
32910
583034
875614
272687
375957
613252
553415
188127
399552
908450
21214
323169
528967
25732
98500
462390
99266
8323
402449
803532
148109
318868
625022
666500
646865
356257
612004
982301
701991
545162
498497
915077
760573
941582
35449
353356
272241
594088
34194
908689
199990
620061
679971
343588
83761
31947
78812
319349
450975
613324
859560
795942
816904
633726
764702
715793
164403
768009
815271
795708
399472
629352
54974
309545
449160
858283
259334
995224
269504
166068
854386
594080
8884
41293
318205
107985
950292
566438
591234
974564
654916
708071
844950
584246
970908
126589
602641
655554
280074
237094
726121
718245
585577
58346
229349
785188
529598
454724
714273
604928
281332
26789
226089
303083
664675
996543
752117
853442
757573
10401
880892
866200
163881
767754
103911
788454
850857
999387
230964
932533
841167
750434
563300
924451
460936
167254
277110
842343
330600
96293
674441
677517
91089
537924
395224
95092
461405
659455
131546
43
842274
638010
338113
253037
691434
157695
569901
611111
213039
255076
518717
317250
564909
803682
568720
612995
984017
47061
737567
843433
698456
734927
840642
35022
529143
685014
4291
546220
5734
676393
399880
956502
991884
488886
296942
772869
215816
68821
378011
492048
293958
228797
657543
360340
469333
762740
905706
737195
694207
656315
319833
234122
924211
144207
656761
562547
758279
816693
391751
432419
97016
660121
702625
981593
146164
129147
234050
115696
64138
558843
802983
378597
532942
590176
177685
72826
920799
186579
331571
424485
698404
484640
531517
591331
662405
916703
345339
447272
196021
737980
660894
906519
670633
197967
190393
276642
128891
511156
266925
267485
409555
428722
123537
569320
432951
104738
916364
982844
673013
746774
194029
348175
121695
39075
391929
921084
233194
423765
801146
314110
151318
90240
713122
822542
613159
102144
11055
733767
674468
537427
77872
699643
561113
687683
131535
792659
684448
888787
518132
858376
797625
540217
78637
94297
804678
812179
582942
379946
251884
402668
528066
228308
436102
492490
508918
796346
53610
673676
946736
395693
368743
544113
970459
183820
402494
943202
939368
828790
507299
784790
331726
544968
623077
813533
300364
933995
724963
164490
494225
164129
365972
176358
44190
917784
797163
262389
218830
415431
600391
203785
868012
233373
743613
794543
156107
616322
642655
543934
858386
623006
187448
137307
715856
347730
596356
569962
438865
782476
875679
769133
121594
455638
997056
362255
405801
697270
54938
361410
636547
218674
291670
360027
192472
86535
693888
136130
54266
89630
953377
769930
378849
824336
206090
668626
164721
416
750661
811791
885161
592593
297139
782744
397164
916503
306640
883330
996650
367612
931858
284326
378390
748642
755943
106153
581756
102676
893663
538875
205395
947943
812845
343078
306721
825183
535256
171957
441100
460413
147449
792588
457986
801976
140012
630787
547633
29037
348441
473340
200213
164277
8667
4939
940955
320394
409552
467878
400380
688359
464802
135647
312069
928300
609931
953119
749640
672005
829654
881961
705286
399029
509387
831198
800780
835609
229418
943413
577744
506262
731177
299655
280114
893710
497134
781562
125649
947863
847379
310582
804434
372523
328907
22367
472292
203775
930366
457748
951902
95347
450377
582780
934610
916691
975167
417822
804037
590195
693515
806952
341452
540987
597626
534603
554771
147058
484134
576789
193198
729433
493668
717619
226633
106546
660726
191184
66334
465549
488439
162285
200474
792294
52960
313928
889170
839622
624472
411219
850481
936093
422870
59488
684643
69809
495674
341770
234581
24385
283920
703147
140213
724141
640748
875955
375995
359331
518167
603117
880491
989242
178991
988820
561672
89896
131962
980070
586821
326973
71598
865919
358249
892798
102635
648243
41841
76867
134618
859048
138234
949338
918081
694667
378450
5231
545369
364919
493755
682952
200652
834200
526717
884144
647359
733256
589369
553604
647322
544590
715911
357488
116763
712499
327170
98094
658289
331849
533383
759234
921635
378798
744959
665572
693956
215717
62618
147892
876848
250665
546877
726300
27042
559817
358808
747251
718397
769617
751514
18915
881524
268134
102851
774980
193329
627698
107925
799399
536700
226559
223639
284715
767578
310604
288818
723694
656090
47699
932408
919370
100100
344645
267492
652466
633659
223883
492577
3926
744419
535564
643630
897992
286010
711486
46511
434709
867840
792628
32405
551422
631406
956137
93880
77307
97336
975994
255859
511943
195551
832060
383245
213491
196964
121985
883911
171682
822234
267123
100696
373541
211998
584782
850265
999943
895888
75716
979166
344097
395657
145880
189301
45044
329899
505421
498788
610598
513388
622355
837554
857448
705180
299147
583007
962860
90149
237298
997270
206231
419157
467305
687685
372794
439796
418512
134841
202071
362134
622724
983309
163852
501344
663379
710543
258211
939489
670760
711815
887264
358385
933482
357798
446177
232558
219694
91088
446297
617668
670221
120410
867348
798100
35343
432592
654058
310709
737625
860372
765064
30458
471443
661081
479625
843377
758270
600879
830493
177134
826239
965706
975286
596616
87895
882258
803323
826589
441725
806620
120683
712261
312235
621115
674948
175425
316580
629602
217093
941817
506678
823968
349243
85939
340619
956167
611492
976671
860577
196521
802143
916192
542580
516679
61819
506239
851866
370188
245292
762551
504312
225631
252170
201461
433997
35392
93963
103433
722017
932420
35897
918107
866532
308089
959838
908027
274717
606919
291882
899022
40233
89353
648136
673285
629902
547052
727107
378901
60727
377734
23407
936513
599406
575358
36547
756246
963712
465210
719407
407511
633622
930066
544290
618667
262082
919247
546168
243196
41176
837952
444594
764005
601602
137112
229150
896928
535235
448477
195387
225697
517581
152264
827622
316033
158352
535569
441642
675713
158136
720765
109039
831798
581215
305380
768512
592229
18410
598167
482827
542002
153389
898880
537362
300823
503889
37073
465305
212705
160178
518216
190027
640562
758433
862702
649920
85085
625399
957931
288160
313872
227937
513204
142583
770057
628886
349761
472412
834952
777981
180748
569039
957343
550454
545205
543972
145657
48534
294451
266987
88525
834317
306376
134474
590269
638947
49586
186730
853076
22332
698629
764859
218429
396283
758727
440423
822030
966226
673911
316869
903631
830294
773026
670995
105453
391851
789919
532264
120057
877574
49307
730468
254531
506698
718556
339537
182727
176359
499481
894736
582144
784273
59614
487063
496289
454204
278085
998739
199059
621599
636838
46260
301406
8080
314526
951352
879125
67782
797833
350490
259807
954926
476496
583192
943473
326632
973331
230535
354882
953615
172550
346617
546368
383924
61031
888327
919951
680485
332092
208416
231051
44896
452629
76204
616248
180931
656865
290299
445881
892221
185258
281105
576734
99347
748350
464645
62748
860252
528658
86379
486350
523217
685677
337364
36335
965212
940501
617169
309692
896974
170496
487756
694921
287091
893477
976653
867378
456029
466102
79768
841418
376183
505520
750663
609525
931430
910867
16465
193127
688889
348924
735145
609455
836779
310676
793709
448072
739229
498300
612612
80374
100522
983366
861966
460913
726394
16854
790271
470280
342538
302573
790077
727344
414706
566460
43565
656280
712729
957562
252705
165606
567795
441939
776464
566268
674013
442742
446237
507501
130526
389113
231747
894373
511989
512338
294827
278448
10879
647050
899139
243191
700146
957153
193864
636969
434617
822441
688227
232555
644797
222391
763805
607598
702641
189909
442931
641060
989465
56882
170173
777248
80851
923005
37999
72970
912509
35636
692553
619517
268524
75365
249874
236920
201407
854117
629184
709517
296396
712462
372129
242970
622493
878994
328423
103970
616982
304605
80950
339517
360227
679159
97132
573767
42918
306634
686776
314854
216529
977170
438342
924868
514578
487811
293264
81777
647319
675218
734517
911585
282755
125791
156833
628315
414552
459912
319089
878012
23167
729871
157288
208066
351712
40181
95495
442018
822980
65320
25980
395545
560408
182557
408672
837109
90100
994298
173115
229842
36710
859152
523192
192576
889352
977927
854713
228803
750221
262918
243225
510563
90312
745398
214171
110456
15989
832636
403216
920608
617272
140271
230441
384246
191290
164865
219086
315450
620208
67604
117073
926868
324762
880324
712143
266674
32421
849708
710347
784531
19962
985024
914462
245844
236925
952408
190799
883966
166017
119637
890959
557140
5722
53524
398635
455013
723090
26320
637980
103275
868542
139311
883037
114191
457150
37684
250271
398668
221515
199852
124300
660747
261168
193046
963828
14065
795084
651968
402701
504245
932639
254016
230579
752891
244820
850003
516898
304965
213450
809366
650232
695046
272782
878998
456690
308795
90780
835688
695926
910366
200346
253725
497943
311876
918386
94323
731011
270565
915142
934145
76679
937170
56710
530705
361302
123315
511583
111961
623843
272245
862940
314855
526054
275095
516714
187055
973205
764792
708935
914095
845610
975649
731669
536544
204365
471731
66317
494068
251540
450235
779244
722069
479444
115708
576793
121773
280651
888117
955884
251456
913308
525001
587476
887163
492247
901215
574644
75279
829204
884531
916867
943650
987701
577979
544023
789934
673624
895259
644876
838865
720044
70988
23085
80079
699313
155214
107183
791785
83958
234142
775041
518457
556583
815202
863931
437475
776507
533397
120692
810804
444990
340479
894329
468467
478279
694106
186745
288965
244342
134702
185120
799083
230538
958347
363109
70571
777037
479369
21646
391532
438367
480917
98515
315995
562987
351195
900069
120214
425192
168653
79574
675030
63834
72812
301604
631264
810069
148396
614939
148092
344520
416648
445312
812453
94398
322316
162162
82389
972558
9344
108194
825515
234395
667608
764244
475819
470290
322852
286708
653797
623440
894290
119294
954427
688012
398185
739237
202399
53959
856767
249705
417092
525936
73708
671459
991961
452540
393672
459337
626078
105191
67947
364399
730742
910957
802304
241434
610982
42341
157051
322297
157162
943789
173320
98229
517402
77044
852280
394294
728237
493053
446937
263978
783690
795883
623011
843174
24986
553619
534071
653470
228243
305122
528181
290811
575564
85374
607049
881556
839465
980775
397546
120935
213620
966111
643303
780237
339860
133817
330063
205527
759079
136645
546984
836394
265717
161517
753453
905254
486939
317565
637596
796678
902475
384115
530190
381271
820484
949582
257556
364076
286323
760161
356519
490591
133141
239943
560442
797046
861995
144513
459603
64459
884337
747184
198057
471813
372630
491626
385403
455227
393323
440428
293773
485939
565596
41564
564706
48633
43337
667374
708546
335182
126929
27077
733928
989605
859662
308319
404417
243390
399551
930510
274173
792900
56283
475232
210269
691979
872009
520782
794403
826054
810491
992649
210971
13695
603015
114201
402415
127911
685551
349808
369481
830703
61917
959923
614954
128528
376096
765467
102862
844425
846846
250540
952214
46785
8185
672909
77866
483859
735514
704812
22412
701485
620049
191023
824882
196658
177892
475870
935623
907986
270790
575361
386697
990511
555170
811173
448592
172234
489282
701549
239617
70005
974882
507550
250536
87398
216418
679936
649526
62233
749567
539212
825108
315092
381071
171049
779185
211817
944724
120796
990386
404236
193292
444880
271835
629515
790534
278886
671749
191692
402997
367579
836796
13077
913075
662096
201551
669238
645954
804943
45103
431617
36503
628306
333140
296352
107308
225132
198485
210560
797667
932793
798541
697234
208139
83821
610735
843250
277711
291276
921622
892630
386347
521521
547927
601027
343835
872819
963384
177341
39356
693615
271450
975250
174287
318299
539210
897083
539985
382349
58302
41844
250105
210501
461947
766483
629659
360629
680668
115211
128288
919774
542086
982874
309918
809554
255118
766147
319111
608959
798355
840307
560864
530060
110831
535695
855187
688892
520074
619098
155228
279793
129320
318700
169531
577894
829501
870431
315192
732041
639902
526604
563491
783740
35708
288408
188687
227941
89621
266615
438080
500534
960435
644143
93871
783364
685743
455298
766239
61796
491133
200478
577951
964586
589779
666512
321238
45712
226579
179767
898952
899004
620247
269950
54380
61452
354043
475412
654645
765940
846109
887125
337933
93073
242833
280984
613888
468095
519166
517383
949928
447708
67106
166516
808171
647425
123113
579290
643254
109678
191069
907107
946343
915916
264635
525158
731807
662831
604008
425244
349772
737808
495175
321001
372617
240717
278038
362904
896390
659418
99672
287602
780982
531026
132379
484318
904114
976645
840905
845185
212975
361585
609205
732542
708496
252378
882467
169731
43057
512504
404869
317847
598349
181698
262273
332358
241868
459183
3507
919457
801713
117925
878078
817878
941965
349879
550449
996931
326402
464026
508146
664768
445206
709367
588523
557120
499068
425000
643145
66994
888214
882594
99548
587163
278420
247457
289229
795496
461384
856600
554409
646987
457259
380629
42465
186447
598732
691262
726484
824713
902621
972933
327341
403866
403428
952502
930440
211761
649979
484634
390183
997846
216659
915848
530489
642739
554501
956089
442327
433767
466580
420903
53739
45492
118418
686114
179299
771315
588601
747301
733232
628267
585071
432334
68600
531393
558599
195347
258296
82156
812381
871589
49305
162292
618812
902608
284725
950277
28790
407959
743151
657667
887147
535935
788974
288613
660129
447671
104698
646352
997510
521502
535336
837002
286849
75198
843308
10888
827226
580112
761342
212201
206867
806432
872627
154140
355000
76192
916575
609946
612076
387765
829516
653035
188268
781727
152628
576892
398716
561358
552920
204237
527388
810369
464562
194511
951406
274810
673723
775739
269678
167378
154174
929834
517522
267646
430009
859839
595259
141067
506562
196346
634684
993264
378900
131473
393991
514239
726519
272681
707339
517199
112375
348920
950077
341189
207152
14030
890358
692686
476768
126523
251238
340579
855464
743036
225659
828179
62935
155066
504506
191075
761942
434496
121728
611199
171488
688382
452966
948997
574059
363223
981195
845389
781586
796330
558435
441738
838481
521705
982661
501705
671214
97160
761521
275056
179005
401215
604401
440600
433953
651781
3914
825556
632626
940976
126060
617231
916708
155203
205996
126078
975318
553197
881962
789787
649777
20729
527701
425706
973402
842131
8769
247412
787690
22724
387615
888944
562275
379335
369574
264138
798099
371626
55530
911846
635808
810626
368983
349776
839874
550474
499756
418122
302107
145115
742513
257717
47805
155165
977443
368003
228906
736929
65948
109403
705103
389225
588216
794203
344675
191461
236520
127639
263579
862
713748
992135
960054
270870
403740
950271
475360
115067
249123
386277
841483
413062
730863
302023
505812
519922
782416
380469
438595
981667
151789
85474
665686
134620
79818
751076
249324
177839
997320
752750
266639
44646
100247
937675
512511
635807
505581
220375
954431
383415
905691
199600
657009
444703
117748
762433
777823
885582
474166
669391
149510
9002
506023
468235
927195
623197
600079
164690
325049
666718
479811
33775
912525
372065
578676
71263
956116
653118
148454
390386
682463
655876
977122
425716
171643
918356
76488
359484
737976
347387
344230
87962
555359
810399
469677
182586
395975
39996
603551
489341
726271
916538
915189
707883
266253
61937
587370
665463
325895
60243
112123
102225
404673
929027
841442
678370
422944
196430
344083
417468
459972
673172
684749
726993
572068
631635
530961
189502
519365
994485
163765
687818
839730
56031
750513
670224
459166
55684
301919
984020
86603
21985
508938
998932
594086
864715
136593
409624
77300
793953
562623
983652
116308
685022
507564
994103
758767
54374
360968
544157
171721
475793
196381
347820
474337
831699
522462
532590
208095
243070
76949
602663
922648
606088
281009
657289
703216
625345
931392
260494
543945
608387
519312
755481
487924
33197
740715
886761
726380
666942
8986
258920
901800
688737
14454
129304
540916
58171
869014
83062
303279
398245
79465
540304
191877
874306
315450
880416
672886
731097
996269
179949
486952
752353
471917
702978
548515
212727
464817
685975
480043
171134
503618
276929
679477
745640
735333
779527
101067
217126
563816
675660
832403
932676
337767
769811
686258
45168
230530
462137
878645
735187
337586
230421
695811
467098
739627
247272
618131
740310
766654
210182
321981
366522
949486
875664
502853
660891
981462
41273
483746
494591
980803
262038
858586
915775
646801
808495
836340
223868
962697
478721
719882
940513
910985
701530
445304
368261
761315
404142
132978
674490
285497
130589
84262
501442
29056
93480
727522
755172
600903
574290
588338
13891
410479
789201
965830
544984
125751
529232
90007
980804
481117
199566
726859
267913
589311
568066
931965
860457
844455
424098
667401
342312
809208
222037
547939
818356
250687
107655
218995
870563
515206
39024
662588
858356
526318
666692
226155
812287
297672
336842
71061
400466
667502
447356
278807
55092
12222
404571
42861
121410
749578
357782
758419
377929
350922
727509
519115
504176
991087
704461
550109
53691
150737
213587
282498
364572
566851
763499
544185
73995
7510
641725
332098
865281
70230
127595
511536
367662
715250
93415
31346
489357
678957
96487
368866
154560
686384
394634
824489
105269
469482
171105
233584
634632
243336
715049
907497
818826
901099
925185
414776
797264
395934
129086
867105
654673
622991
35623
598463
553798
554500
789084
437917
903625
426155
599650
110135
245457
503607
117607
885864
931261
828803
83559
972659
589014
234502
173094
92179
841544
360789
491889
754189
870623
264785
646021
801028
439370
922502
89581
304213
321086
938371
832931
548659
321700
451288
30271
305308
379529
263168
509591
679618
441448
533805
101469
84833
539624
941806
733423
22859
308254
858485
578958
49776
625440
323325
690534
463474
518445
213634
827736
772204
252341
767873
75769
885150
4321
258592
457665
333403
718591
168957
870076
975532
25190
243752
325866
80266
105606
43006
791400
362078
239720
768916
139368
258551
13550
34089
965440
678847
801306
139988
478755
371531
875005
141915
17525
234798
402072
578375
348369
143370
275396
285786
162823
513187
829276
253638
573894
987448
822187
101882
15920
630970
448429
709411
110989
931352
708543
919487
434932
605575
566237
137004
253393
559254
846780
281029
199093
226000
616411
254861
871233
586490
134226
365366
29855
685127
515179
861822
335106
367618
203541
691104
418519
53536
137004
56723
138151
791635
355800
649562
707171
533172
803678
514999
199280
383695
394382
218719
646336
999336
769349
868176
176368
46757
995217
175847
73652
124958
743847
245651
95116
313153
304841
676325
131463
677706
645278
315091
122624
240135
775951
109340
48236
22383
503730
695451
701540
558948
977710
971817
368578
9649
710353
297705
150844
269046
611318
507001
842079
253341
310775
691542
555467
108639
204394
214708
322782
533589
875674
136121
708143
273110
777960
950689
362739
81883
883276
316381
719393
569729
914051
979249
50198
745306
332660
159735
304629
949108
524308
552877
426421
530263
185669
875900
242343
248338
604523
447841
662645
263463
196492
165841
875418
79479
429661
111160
697514
94065
180467
528626
56613
513509
423412
373771
292026
408890
444315
376289
194862
539760
568727
793192
486787
239454
285255
480545
491104
357699
931687
931686
224706
366390
676394
112081
10942
552011
422310
268266
578289
521249
371397
441053
542417
664048
306519
652405
335722
43339
291309
827227
820727
379364
214573
575928
317727
966849
405121
648476
762371
614757
258254
369745
19303
533584
684082
293187
845154
23861
793143
718126
76648
714735
202041
647253
999045
273613
11516
970675
862199
398995
734231
225841
697724
53053
2238
702486
388642
809371
169238
237568
46322
161968
512632
841855
345926
47517
338495
807207
749001
733380
892336
779784
212738
717558
5084
394090
913846
987176
107223
62215
8894
854306
507220
700003
158202
892024
88026
40869
568695
55851
928857
431502
179285
345692
758696
98178
828872
775131
420447
524038
897490
692680
712093
606827
121476
219994
561213
878653
544108
741136
874222
88680
809563
49063
596621
730750
462265
881398
139461
935470
636716
82400
734832
856103
171272
307815
776121
520725
158606
478919
686317
905407
796578
735875
266841
297149
750595
933107
729884
988011
397367
828172
31851
460816
912730
38244
518959
433124
535005
143304
37963
452857
123719
751325
30271
653776
267757
477791
263085
951857
329613
550045
520742
638850
537406
19997
736462
921826
652501
384456
805560
619489
795390
105264
70867
315405
626495
870063
731301
586609
372323
174676
597488
415828
781990
735051
686043
254474
9235
766042
5744
870063
355217
162586
936301
222810
477762
707414
220970
163031
570776
72118
796355
109749
547102
34202
514428
873768
378331
313714
473040
610726
416744
490795
635025
365073
165973
314174
243942
653574
348600
145127
578266
371597
207129
251131
898536
421790
467017
157011
576604
456621
475280
838758
795599
881528
428834
185302
900850
718338
392230
923971
505996
119678
351963
906085
425770
219542
475475
606637
445948
806720
771316
222251
729024
810480
316971
526587
175956
743882
475830
865116
752796
385547
810439
453096
125555
757527
584508
31653
462974
113528
331405
357337
411489
777853
323398
896005
483147
998166
520967
105384
305156
142067
906184
383713
394118
296532
538437
897886
734402
818860
833383
117737
448315
683501
638435
95349
84398
796584
973156
610065
901586
126789
929560
516354
859571
537031
960587
433860
11273
531280
43925
558933
403562
697577
905985
926978
650115
727296
45874
246149
351033
740527
226869
668098
720025
448346
432853
394260
205953
454083
696677
205693
292992
282579
185969
90597
808260
79829
599338
439166
264684
652787
190981
162696
345165
527177
182607
133759
583320
197272
225587
406043
916612
373914
866706
583177
345132
177175
743938
579341
987618
225653
863169
534626
49471
858280
699739
426569
910630
558594
620569
511432
987947
680142
407213
197920
238580
763801
998654
876858
656951
485441
312427
962749
132679
399525
528223
902767
575842
572948
18658
650501
54394
891811
156960
402626
136214
495228
917403
466164
191122
360152
209737
51303
146092
598722
807189
987541
865403
612927
718649
56049
6663
394906
820302
244176
8833
25176
765382
121887
787985
631348
954858
563196
21850
474254
558976
801084
206357
498943
123444
281547
326231
398230
615066
214607
451670
955260
914874
381659
180029
925812
40900
375767
982354
783637
763169
162135
417250
661141
793603
833177
982140
861413
190534
607944
379689
816008
39014
959405
645591
485740
857929
919416
287570
771111
568913
327344
790797
254845
945948
122282
892252
684136
469907
674302
567495
923752
68532
176010
671374
416688
200039
827925
340749
959258
300966
381026
227373
133380
634853
354891
594998
352249
147950
217613
832287
183732
751675
941975
683533
252059
880313
823916
259535
98635
998489
851007
460030
652667
422479
922460
32041
435346
559465
265413
502268
701989
473447
421295
497675
152087
779867
31992
645210
448653
218250
424987
592842
202513
510346
661374
128931
832886
289969
470960
480772
270339
776245
332240
776684
122578
814796
319719
399639
260816
127384
419117
590187
285685
597648
39183
494117
369658
573882
699389
525846
930760
625989
411013
576773
411921
376239
991973
8092
306976
164384
49181
910531
939171
550527
247316
739879
393472
864409
770606
759703
150511
586902
461433
30629
747786
553024
317295
806492
414161
343363
648694
248646
337981
711505
11840
573549
425790
607468
133434
758557
415780
932848
155709
691220
230668
890353
782454
464658
224722
488799
355130
376747
562309
46018
843739
832641
857845
381009
440708
366288
337321
725060
663832
35872
305329
984461
5041
302934
615140
669770
417423
855768
834588
132778
145492
149255
171839
354478
583584
74303
454596
403990
165063
707477
80697
263521
278123
451404
177901
844303
519946
58655
861430
246852
638279
569529
948359
750555
996846
668077
818839
572099
338884
459832
509870
457218
504026
705201
913626
11485
329150
900171
904604
778521
950885
989237
131672
459681
211033
234609
680584
192327
702830
802753
658368
610903
862703
748761
141589
412439
800680
4355
485366
349416
568269
271377
661408
987871
131957
820962
566817
201508
548875
370112
356102
105838
933730
230998
82404
901420
997654
795938
45672
53079
354787
191394
718212
891428
886688
925717
592943
915565
180994
882873
713782
997575
12197
37087
839159
678399
698983
292966
965743
65352
218953
135591
427453
634512
259180
451912
135926
45077
79876
202505
781460
661027
622901
536136
988002
505855
964390
298006
543636
733528
157267
507218
375615
293292
434944
971784
295882
204644
252956
890026
692472
317894
486275
595150
790706
129424
886532
811989
681207
787034
327121
641495
132146
729757
129604
887553
392975
671722
190128
97703
896138
389804
313399
756547
801239
450358
712078
388939
398991
711614
737331
343141
33570
229200
540385
87136
139539
193318
730327
236669
45678
627624
894101
911808
880872
852700
505753
445782
432111
606180
453753
725186
789154
765824
819019
655865
862580
13703
159195
56272
364629
724116
864767
738163
586526
989883
971227
623084
926575
862499
198046
530967
785933
696689
226371
567670
853707
373542
793927
730091
307611
629795
232639
994876
642343
321127
753458
748199
513966
270633
569254
117680
666891
333690
772669
320316
657281
546328
667105
458110
495990
661127
90407
215745
187244
495576
415821
155208
652278
669262
195329
838015
517694
155647
935404
162473
604099
726509
953385
650823
385580
140413
869935
181282
568202
465151
860095
7792
455687
644856
282136
38153
470113
340202
568180
99016
607579
351193
628536
391477
578492
888007
458306
928922
215167
111939
157069
167231
132659
321947
142628
559814
246297
706018
443576
46688
664948
140111
86994
38586
556084
887957
436742
800507
342006
221995
635207
419191
742080
172631
937745
803269
231938
1404
830731
311816
989340
197112
252910
740608
535746
800224
889161
158551
339535
49647
296080
537184
876735
614489
523726
150383
840165
246028
108574
898168
474664
211819
762005
612602
632766
926792
773270
840167
567486
628464
3386
274436
766103
67634
391481
606060
229359
455690
760231
446260
28881
204800
68775
359688
75057
454729
64207
338535
270253
280693
970863
357068
47743
171660
41582
226683
149193
707301
388939
6798
911197
128965
645986
901022
651721
14243
862015
260394
754786
317927
812057
725821
992171
167272
284520
941406
566153
550484
909952
250
26246
315188
168169
440264
892782
600737
959489
231634
909538
622575
485500
738517
3396
799518
37233
217210
121343
644069
762932
911377
809118
981238
324307
929541
653358
602993
275616
426285
688378
41938
119455
887732
768308
450785
112933
928871
259326
311528
979625
731474
703607
383469
492693
877302
805956
101075
787073
486162
981091
768582
723673
151809
711197
399865
621142
192052
3306
691164
390365
280402
159713
213157
29544
637361
255862
968076
912197
15136
47468
935122
890892
212380
908512
371620
742969
799264
746844
56784
681735
295394
702071
382318
138669
955400
691036
853705
844985
30629
616603
568197
821386
900873
330794
673384
848831
395865
873950
974043
274703
88570
57695
206151
945169
997111
681344
488836
769068
369647
425973
935054
191388
287542
630425
112765
528155
701130
950130
906399
182126
422810
240482
579776
178449
91726
788178
414829
449706
100847
641091
64330
852812
965996
733830
544687
394328
897815
198093
41526
734356
720066
957137
319768
245424
348079
828654
194804
317941
423503
613750
426006
519927
17182
191030
476324
247809
429696
349344
922523
27187
386540
727618
660131
47149
252581
918180
163073
397072
528034
154683
812459
733479
586031
219693
458714
710500
65293
899134
146735
247855
278224
710240
605862
817392
909688
850521
900093
495908
152317
6065
224029
589265
590307
81818
412613
567434
547085
461287
169567
39618
561997
856855
145521
296832
977533
776403
426731
408858
161857
452923
825704
160653
97529
844214
268382
258213
561986
132751
819376
219575
223786
468635
779984
14046
719506
397172
869892
851303
487295
102877
939863
227916
614684
205233
498644
906085
848214
423890
189313
974062
259045
82763
445670
940900
115598
874668
190504
323755
870682
407675
535503
73215
6620
374720
652982
749651
362079
