552223
794357
609383
689184
527115
207862
701595
961581
519069
833056
556058
653151
780151
212989
456284
396991
699192
945667
694193
264265
175702
664440
720277
192777
167893
858437
420395
862113
661606
70287
502700
603888
800454
738788
235354
149758
965518
382497
25577
301726
282300
342601
31210
170733
369267
121264
38376
313831
513432
808202
371861
475555
685063
446193
101474
418586
809168
985541
183018
604138
982778
732689
468376
59503
262317
557310
914872
475217
866422
391103
94571
393045
770829
812750
723371
292145
168289
925385
932149
301828
948331
162726
73157
675094
126327
737664
463036
17530
9961
333317
872407
71090
201354
414737
447726
432755
974239
491886
864765
448222
157354
795078
605657
290012
499306
965461
601799
833592
495286
12253
502692
631093
319486
531575
740203
410391
835189
329065
826503
839903
532538
322865
396617
216396
814038
962024
591332
918701
479962
882934
254237
342010
547612
989771
812461
98003
129179
671300
612375
292661
913772
275365
874049
522540
167800
321981
862222
825656
979584
462068
180626
986007
902876
343941
354148
743820
495507
792480
871844
778481
615208
84522
274007
464008
848341
837982
165217
283636
843676
41113
72468
793943
825681
268653
839771
728917
405815
985094
579606
658678
490702
534075
614661
511935
995765
209873
907960
681002
608539
233143
711635
460193
131304
242881
45981
244693
450987
484026
819515
600612
536843
281816
881750
955864
988126
748339
918111
113317
142303
178717
879626
851886
875795
169172
155224
84841
815891
356297
826364
204974
144253
195675
251570
519092
894050
662921
446970
645616
267454
24203
741964
324151
488746
71901
997164
837728
513209
263768
420774
237227
532499
736407
751226
108030
283446
384056
842252
409795
695966
952219
925116
606401
931230
189892
527853
564300
947881
852905
322541
379111
45740
867101
598920
447958
354234
334415
722120
848792
964163
221902
860338
492211
873906
278968
158706
321027
433400
779614
327859
363725
206000
275303
596972
792960
452186
665244
291650
555912
737680
356868
87128
79185
882320
455322
902755
18967
138716
840227
883359
927228
667534
193568
200538
269204
373914
557881
88369
277741
14242
214996
52873
289040
962661
344938
75827
430675
411750
874300
174938
972967
928472
824095
369929
144831
495937
132383
815344
683835
355204
282743
372100
473321
905709
411107
359380
149102
455361
32758
738654
454576
780796
590088
472142
367906
958083
6487
750048
863305
252469
171667
829947
975188
759458
172223
38391
976523
728444
729631
495019
866520
984112
956453
176408
50697
482282
272565
241266
30625
961458
488410
747849
914329
81401
859555
944768
295621
610597
51518
634716
252589
931108
557499
629991
663307
356337
260002
644600
586907
106505
882322
130031
480846
45844
993023
687287
883196
673665
349260
127548
297285
323399
516158
337776
688355
566255
401328
997106
617258
941410
312787
177128
816712
147402
845661
487207
773239
872612
264549
858181
279931
262466
279884
234221
411836
677413
252664
883176
720486
421069
651846
52052
502937
239836
134319
637197
667462
162443
144010
134146
148887
544771
551571
636612
588534
350993
92193
644984
726122
555148
735440
827192
508312
35404
617054
8835
316170
825904
487319
249313
831534
797647
382731
512310
276227
930056
240387
401694
224331
542487
271201
456808
115385
517209
408655
746629
276179
101617
980251
264374
415553
882027
947030
575260
281622
662773
980976
949956
779211
510108
638175
717035
885915
491711
870067
194221
129738
113367
461783
543876
196679
813687
835951
826358
740330
284183
769644
649376
30698
31948
152089
665235
150632
448064
584317
57642
42116
333141
938837
633013
925226
470235
523579
482042
670564
119551
414299
981127
573931
555386
378809
255925
785046
522102
808406
64701
754750
491008
318799
862513
650538
113792
107692
903585
840316
339599
294202
154523
784988
501370
254903
230217
378244
368217
764385
621064
742176
230339
679771
534162
868856
338049
974786
584333
755226
877988
301227
847538
674736
610611
954467
683519
983856
460729
950878
272416
697151
777746
704252
289583
248028
460084
646855
867660
735216
70408
493986
420921
398334
831343
658282
532396
277894
735302
893687
51074
986775
258136
748713
910427
274336
59379
231140
514638
561621
894751
201476
692357
734415
15635
697089
757070
676757
44545
510421
224932
339427
388400
689344
266670
82508
107198
876103
819834
967479
592664
564784
179752
36772
769607
203442
27919
569209
63784
206410
599307
9407
129912
961852
881822
64347
988300
624093
906727
119944
829452
982903
893034
352526
950401
301130
492285
317396
316856
764318
475078
134238
800347
712404
866794
914586
932491
561135
937333
349623
228547
135937
863843
28529
136928
405496
394748
622001
209179
357609
770254
342940
231331
965796
720764
72052
991299
695668
923282
538080
258227
721338
959469
312810
656965
920850
70618
312550
747811
484804
790993
555776
106857
442907
603193
864733
581769
588601
805163
640686
101630
604508
580248
537019
102813
129128
66913
635556
206582
227652
835577
216181
692097
276413
82097
692889
652099
93218
81671
481763
806170
115586
808671
225519
315290
981973
770718
626245
74031
38690
190405
290340
525155
872028
417699
936450
56036
359724
765944
138003
133051
887862
213396
306958
550919
797889
360271
900080
280894
58448
66592
899534
875233
729230
426046
154338
491998
218028
530368
671074
478164
349987
401180
524912
478098
989542
133661
874000
247626
170308
957073
828467
995557
244973
947189
845297
141612
520595
91692
868008
891115
548038
903618
522463
466585
273661
192324
970064
721257
105691
772447
215320
4526
280669
972862
827734
954582
142793
942047
1501
108971
401270
66688
305868
130809
531009
439434
601039
332183
632708
83108
855287
68678
241169
298697
950956
237330
56377
463621
86502
598212
991408
949658
772546
716488
18135
708156
719101
321221
365103
533434
555871
259669
567632
754188
85202
150252
760868
700402
113299
254528
73322
522134
733340
293244
400028
389504
280358
243229
799272
488748
921298
81427
965866
888618
415651
830367
550169
896809
824127
190155
990188
612338
356111
619147
603745
957061
347643
398890
668390
644792
528332
350438
30397
358969
949489
547485
450964
613972
660545
682277
635671
321125
269366
614060
118256
422581
56417
603992
932649
401877
934728
617643
149933
880571
24217
732372
980064
542474
754088
339616
274625
598977
618640
754666
633927
247066
174507
760512
698203
848788
694506
830660
219755
426194
872965
548697
4761
2451
4428
272031
997298
89848
321992
481728
586881
958686
815167
135016
871014
213995
471417
565412
249432
521217
650848
482592
25659
161385
461192
691538
879147
836364
744117
338798
478687
313296
249254
389217
849179
843920
746288
328081
686678
729463
128962
533691
555573
212595
841964
385538
95032
162893
257604
571386
769767
820668
263866
996275
88732
886350
401758
222700
706368
766120
815151
411428
735346
747934
10408
408950
462995
289169
381762
595257
197980
965129
37941
198029
839948
360351
357266
766124
746394
14760
761632
700768
99722
31426
235000
785277
240035
523239
120549
325573
471793
855455
939130
887241
433002
373630
48452
499108
37841
711884
700902
48368
91940
568269
894484
433298
518278
503882
278564
671660
585552
787341
983420
97104
682351
672931
162811
403404
412914
482908
809512
404215
539198
565536
3741
768725
264004
103407
929404
118783
170239
37490
686355
839969
686939
250897
965019
236572
369591
790830
200669
759164
621837
219209
117879
936068
495139
246936
880825
627136
526286
624885
475229
599343
629947
838667
529824
779517
631250
682007
194698
922600
223065
1716
464754
656122
561317
855909
571950
145634
656297
896233
970295
242345
535916
17102
443235
972761
573671
55125
914717
36165
368032
331009
436070
470476
14430
737822
54897
989998
412097
152549
7716
574968
98419
28846
891664
356679
379965
694609
712663
427156
721326
477327
963324
993116
917076
94297
73755
970250
564700
17112
299185
982938
966361
929407
536496
501292
439919
279728
483852
485725
770550
910574
997964
445189
876236
341376
206368
174205
289597
979173
522960
713150
437290
988143
840116
793498
141200
302118
718944
115448
448699
115021
548697
38431
621648
454500
722042
395798
52010
218705
300324
724720
319625
539515
196492
82241
794258
639314
308984
636975
655372
953161
861738
750061
568112
928375
524146
114833
157168
542732
755832
286279
968873
957015
363120
385194
254474
239184
137010
33576
501836
224752
277981
386902
907403
924218
537939
803706
437247
663195
488090
634114
972034
632672
474637
564796
388747
211535
836707
812947
992096
848271
160806
255418
817845
794835
587455
617508
986454
481766
95072
153594
24754
863999
76094
776547
785057
437068
643278
917628
600963
87358
656929
946275
182238
440163
171878
140893
225082
671119
205287
622415
544293
616913
613049
597392
813269
959740
392805
833599
191610
787906
990668
769947
615187
949862
311734
3232
223133
306297
815300
964847
427374
686012
429628
302703
602913
77094
431769
622589
965795
36348
242872
419114
930713
720952
153876
378101
391852
25645
492566
845791
169943
394157
787964
477813
783955
239697
935336
177977
855804
922199
394522
860702
755903
702284
901500
892934
448465
430353
690664
274749
376161
793720
254558
794809
644093
430741
232339
504482
5931
993756
46665
905343
902739
395554
185098
810068
802966
598449
924648
112359
685784
630180
898689
454957
135197
744915
752547
704508
883912
472322
985283
670814
198211
193771
721159
952423
51763
149917
830669
531765
59084
368460
175372
308616
666888
184616
524838
615393
244386
781624
590305
831824
517204
220286
778489
325314
170547
149536
141964
873052
183874
65171
748411
250327
149428
294436
635360
316768
939800
499023
2475
145210
979055
573399
21566
827001
254646
772260
440709
296734
409882
704098
753669
293083
754335
671390
942993
621890
529637
899941
722701
105029
977776
356228
713266
110410
197839
334101
313586
296437
444245
954158
165347
529127
85742
639033
454063
10940
388477
853097
760840
227023
121966
770131
213323
10438
833908
402085
416502
245071
253771
345070
626007
693795
719034
773549
870199
881758
813897
376718
31779
264
57371
803043
796783
251328
312685
24842
853907
728839
169226
633047
332161
221511
248234
736514
623414
615753
433245
950321
340503
56949
983112
207940
379846
78158
775916
101999
476411
318238
397928
576981
9060
484429
267506
963713
204447
101826
903635
901328
639047
435431
600564
446425
871677
581157
842971
289097
811688
478276
570649
74498
68557
485135
44035
610199
880070
138296
437202
873486
228734
522154
224022
677239
407088
885370
946033
154268
907961
687916
73014
962833
469119
961307
953415
335642
230870
804023
108392
35654
368525
331754
840520
8717
890708
851926
945049
47551
728807
737837
253184
353142
934879
25924
315116
815868
639031
479424
13559
582346
581133
30314
229771
164948
226451
64434
78150
415801
951711
285792
713537
964231
552761
783067
2990
233675
373845
914577
79706
259334
930771
989528
670260
975364
41826
337180
570710
133834
144891
131687
456406
525229
307388
617148
351973
665364
165685
280294
441534
226946
807443
622942
439337
870070
172864
758283
88380
457336
620100
57408
312066
524398
152825
247169
571807
289359
447649
316288
79599
246087
559993
392942
659411
86867
567218
461153
349641
557429
185154
567549
712415
338363
59978
390447
15428
889045
163798
898676
564394
569392
797897
471526
768104
632164
212714
705727
981764
501311
678207
34389
143230
730726
375174
70086
198419
383847
795099
213570
601296
258751
803407
712538
550506
662181
355620
169247
894575
626739
416393
859337
972110
842786
245706
791103
47132
240130
399561
516085
725640
345267
115515
861332
882477
679965
481823
979657
441661
468636
995679
446235
922325
725868
183136
310034
924935
443523
246832
105671
778806
715960
758190
39279
270199
151540
127889
914223
516827
671514
915706
599471
431860
567591
457719
53162
61778
410070
466911
435237
350002
83536
919971
356312
177615
194556
281493
76040
879514
457349
343126
787665
856547
935483
535848
782498
266086
398814
849010
805450
762961
438834
930675
633547
651457
224166
764454
253640
631995
15116
746167
535330
686529
330495
573847
331801
751176
742584
420078
414429
699136
804518
407957
354126
340913
49541
924435
859869
538670
185983
96186
774499
37708
563193
495851
857336
565885
873275
462939
552948
718746
879849
320360
64971
872022
25414
953488
574034
661425
544869
344370
883810
419036
478527
836998
754040
654000
13046
560504
580160
30384
724555
560345
104837
986161
373742
615027
856694
947636
951552
849594
543846
865590
672582
773284
549384
97420
180849
583627
857366
59868
375300
809490
818511
127472
260270
534068
655962
539166
830807
28094
160904
81044
995764
15026
244034
213718
986956
491711
765914
638582
11581
251085
863455
581632
785618
89100
90364
678310
799647
152144
915652
174528
350021
627617
752394
812756
280912
795936
571025
573475
428763
922141
812722
614762
201013
768628
997339
791488
371004
968681
749773
818314
272104
844046
668708
21507
178230
122563
282730
702834
682369
421868
922662
414927
612100
246734
944043
998016
785336
987036
848132
650258
214234
709289
114224
930582
171924
762756
785432
299522
222855
816283
105028
57655
8441
963729
958411
766248
681268
293909
63150
388300
288332
752924
559504
132603
827375
138784
193439
683632
524540
344511
335170
869672
819117
849696
456876
228987
271896
652520
796973
89196
506706
188747
532858
188800
86303
244693
695272
637679
927032
692006
849562
526693
738859
7723
874759
745956
350979
26725
599266
849324
780200
59979
330432
432173
546644
339124
738299
211113
113281
220411
898562
324853
969908
794292
266240
86834
242009
165469
539013
917813
304352
358130
767886
694986
32545
938150
520416
293542
842636
7416
776467
204457
26132
83766
228525
746251
189334
680624
492506
305294
511430
43699
872831
584472
224459
11276
706796
39778
625491
363060
559696
449504
60342
114087
497318
661157
903586
151925
492506
223673
220812
372326
488246
68161
534714
313460
705800
708409
122377
137122
62446
813558
63665
924487
501006
239720
923156
824647
341458
254684
104447
767884
921052
983952
959764
402908
167956
188328
884470
67450
396819
116830
361560
535264
635686
111575
263759
348367
730518
754478
380919
746287
636856
722493
128827
849815
865101
690471
984651
711503
140548
489570
248820
319929
75171
437471
898848
18563
295297
703358
106514
330009
769309
930379
702086
816530
958645
288379
761676
142110
282195
954413
762493
781683
984456
467405
870606
928327
36212
690982
198579
183152
27386
939459
211912
526460
100249
909216
768577
749971
440244
513858
927565
44065
641207
32512
919619
541293
682505
910866
762306
564991
668214
174656
251722
821158
294957
529010
169871
840495
715404
938952
784242
52627
121390
449598
570191
11310
189902
697968
628653
177968
867748
30810
648410
939752
825192
55511
524819
866255
766995
301298
11766
861958
955323
861467
785929
723697
783127
991514
420618
129712
193855
156052
693741
801962
393782
134477
231104
170773
579942
245079
438451
305788
879703
853581
990015
645
488310
51950
15302
574615
58979
653630
108263
307648
798071
501800
59188
410648
327046
426277
629472
991622
933388
321876
792722
255793
231527
818545
856906
879231
254055
148812
131396
166331
990926
525934
919197
493698
857555
561788
870898
573144
842990
823490
85369
557914
616068
78933
777282
408227
350983
239393
518566
967119
787458
114310
379095
623657
761186
592909
699261
997298
153199
721171
311326
625892
766250
415414
870909
183681
616330
598480
969867
128394
643203
342897
439199
615777
814705
115226
6780
761072
947616
590555
977200
645274
269672
684734
636035
748974
243745
610329
415520
195380
702509
45969
602979
30721
278602
440490
947517
379501
754470
829263
914437
179893
383770
904196
217505
114010
528364
249929
221034
908002
497271
136950
198066
24050
844488
566795
14351
146089
175445
130841
49547
116197
787664
249062
443352
338998
904482
827812
308688
280843
225648
91899
419899
877724
890203
159256
740683
514810
172131
85376
255449
980767
996610
5877
331619
11316
894532
451882
715813
571780
111426
607280
49672
133713
931206
443496
499814
992224
246911
476441
552003
400629
607791
842538
164504
537189
786836
984923
194355
939682
7621
787294
736551
70927
97234
994877
271725
369242
33840
860765
814237
574757
919983
324405
555503
277876
849805
167273
440882
63444
164371
774566
355228
967977
566889
353103
38286
482203
294538
739516
382831
846150
57285
346393
176807
153569
606193
229339
459724
170010
632293
331119
899537
768011
839984
687804
410292
85314
436258
779064
428655
812655
327837
412294
10405
302702
669252
94474
793876
650947
913934
926563
799989
525636
86362
220456
946233
846227
973552
427173
279660
425605
500277
864957
702253
998841
869297
86625
699762
358094
840139
477549
906439
155504
133974
791949
903940
700482
704477
189818
740937
864593
348262
718716
738644
489504
650876
909495
806345
392154
115877
110210
161012
599454
825537
10618
384567
156430
666770
748703
769669
166052
56182
816483
642930
915610
701491
536201
683922
186114
266827
933396
186465
971411
155132
259520
783331
496400
726716
613065
468312
411457
849375
698977
577466
586996
754554
399291
386863
186702
142367
343986
543399
834812
838547
562181
855640
791964
736395
930414
238617
509137
634813
126879
906123
480560
967927
345377
518876
474016
771464
376678
985877
961454
740427
976953
569987
986287
2701
237032
453487
869744
987641
596781
68015
167402
116297
301012
847225
564478
212561
77766
945394
851779
311294
690412
697045
235294
46803
793407
326192
100241
852598
114077
358727
651754
893937
212620
474518
286324
860811
30640
25860
805876
830012
638454
610689
927045
153974
491959
405251
151281
908648
16865
166433
638134
480292
989321
775192
78830
889024
591290
867210
275785
50109
758292
971204
594214
415323
668487
373271
398092
198746
338285
641849
830233
936903
167429
460169
440555
810019
308013
943320
439581
91765
577687
395411
435502
923435
772292
362627
852627
36705
37999
302179
811924
216156
21950
157637
422678
509141
574926
157789
63322
426524
397432
60487
660429
248225
694953
964910
918206
284850
951108
64412
433681
445423
792382
901480
231841
727623
779792
416094
527916
214395
107064
475523
645695
507630
79165
990387
971194
768624
221104
553914
83714
372145
799304
633261
689876
246457
293493
48961
242057
299504
493742
940850
729534
770368
788886
271935
975715
745284
606204
763368
713111
366822
931121
454823
817754
193134
275116
828719
774058
13411
426879
452561
332405
84092
321473
423999
693160
50615
778975
735085
191844
621323
78576
191909
708904
623927
638581
791749
692208
562254
282552
894008
10720
338280
225062
638982
826363
416311
200868
63518
24001
434110
41613
131617
201231
499709
996287
969281
303669
88324
467442
576666
297501
173653
966611
790147
356744
109578
777597
594838
342599
365537
315490
343632
843456
985141
446092
129792
478915
376350
704698
628942
487005
113053
130867
527295
859832
218963
28826
880148
621299
73764
701508
802991
122115
752595
386377
885422
416906
703660
854887
158385
313481
790148
678570
3598
992803
543861
641653
147720
234731
217618
599310
33376
93641
609139
980515
359873
817612
974678
233228
344272
743115
857885
626463
572816
35734
562519
747401
882742
484589
755164
935850
160375
260417
439503
829429
629593
937549
765921
860397
502850
471299
148759
489674
785517
394561
855973
172937
100307
158001
349778
533330
555476
79035
154620
638890
783947
863868
656034
17419
608133
963928
87739
603103
524654
38272
942905
443164
541142
125789
190264
39305
589765
929059
933810
199666
702166
555584
856674
477461
418777
234660
366206
983244
50253
536808
60700
53107
40499
519778
508555
590823
164637
883282
160454
977555
191909
751788
678180
690339
935885
919387
995311
919691
449252
718711
357429
599850
66105
132085
606516
121447
855358
634365
706181
664856
352496
61548
123912
327300
635518
897420
47528
287469
483825
104696
779119
574656
946181
415507
11976
34047
26005
220212
750911
114700
209312
536360
453072
75734
574677
712071
322771
489019
28410
830366
736740
350374
181037
324496
537606
923077
330737
588443
301830
273597
247619
899849
914129
365652
732453
413829
491596
698702
987831
311116
538164
193541
664872
420086
975115
631692
108909
11669
460108
860287
249696
866105
690548
108002
864384
520472
80857
640099
494261
448837
561795
418696
787248
480445
112532
613886
565544
688954
943311
238591
913435
989655
859714
977829
374614
631704
2126
3283
922849
423401
943707
448780
810436
850951
505468
206448
804773
300404
308452
773255
197867
560323
735527
746986
618089
492484
243270
36740
890907
873520
62914
747758
221439
922060
746434
455533
625636
825292
834424
495015
351935
309251
20334
727992
744373
374559
400093
420951
475991
954628
776871
386043
564865
684986
924478
138646
42340
362182
498123
973436
39671
449027
99885
558502
906854
275556
888746
105817
149956
35434
400972
789259
236362
384857
312834
598861
553010
570886
642997
466663
610916
930344
278598
776538
984868
825169
351829
534169
477931
702822
325606
1256
585183
597443
348257
820241
645874
390762
812641
264919
288340
335121
881928
23852
890113
221369
816825
941017
607104
544341
55089
561948
368756
739535
211952
745239
85469
390140
158836
787869
793002
837229
956058
520307
364033
170365
480080
408543
456116
898905
240619
760377
812385
470954
194603
38267
557324
362225
739034
712569
798500
433744
622828
25217
321012
67422
253091
479500
976768
779280
335522
434315
717170
576760
464891
962863
845749
348589
102780
331363
538885
7230
631192
586569
983153
544734
357892
531487
674251
997525
513990
918785
691720
291992
907928
281940
512473
81567
358855
521479
94104
785811
211916
315674
989986
359437
917060
311292
728786
937013
822478
86093
836064
365510
338475
481938
974404
396588
308949
59478
432815
393988
294726
413452
380098
37286
165102
58075
615513
959434
10598
476140
167875
804392
288252
238250
885381
844510
153099
649838
323626
302890
664498
336991
559943
801108
137013
352221
495312
837302
927893
413310
411314
142655
203802
69097
596208
40618
914996
154082
926498
585242
1543
114848
937454
716860
877630
476936
119514
739391
684533
171675
42281
865604
846072
553498
846196
462369
244063
629019
74466
754905
981712
348160
443911
637857
280092
4784
969231
969257
364432
974365
848766
517436
319815
922224
899348
440294
414554
785118
773263
271130
395678
639203
576623
558919
957191
747933
83741
948606
289903
415999
125803
79313
427767
307016
385342
62042
139605
245927
246098
689389
365038
959883
223787
275851
4073
956715
64921
127463
946907
194273
961294
27926
754975
195395
858227
253780
929789
792470
798947
673231
772648
201693
392403
959480
553145
79355
920480
421235
199045
707628
535939
8290
393876
702160
650118
792721
104946
277947
261704
6866
601170
402706
722727
986839
635192
794409
578818
625781
251851
772668
996396
269086
161501
118081
109695
758085
70246
34268
965609
912233
111794
456043
303580
491900
395612
224463
902719
612034
549027
890544
454597
963102
168285
949540
943346
380853
571488
528614
325113
884402
81844
90078
142011
302797
272522
818342
938110
657613
686096
775543
35728
194765
313536
667566
764744
109065
696769
709777
846335
818439
579920
529
246765
130197
660027
579288
691723
36955
109872
855212
650042
306076
889670
803971
631033
644950
853454
73082
212053
167800
920643
111871
179608
821822
763641
348448
514004
950215
60782
759305
406312
658760
740216
77018
170081
647148
499442
887377
252353
597285
380969
38195
762945
424842
809547
755713
251043
708629
845010
562009
401436
145642
571113
657113
622836
814748
517700
987594
687425
67108
672447
864289
754257
749422
202235
804928
185246
134861
947167
918557
906032
851932
599064
596836
513388
793713
82113
467060
209751
233446
691667
889822
595102
193272
693489
649510
285178
891103
216959
770865
293482
820735
383095
415591
855020
697624
241384
944282
22346
539130
783280
260689
380526
445714
731977
290018
858309
734633
971550
101986
182538
935884
885214
237274
956547
303188
27481
391032
296276
44531
828558
871911
69108
429120
409092
875659
365108
964934
101591
763438
144643
473640
913102
226814
974078
845503
884098
67234
981621
523849
164515
308001
584982
433426
31847
631868
301453
290577
193170
583736
769519
922994
552552
868425
624427
533963
422297
629985
279206
423917
577958
885176
13736
193464
677757
934982
268576
103
892205
630422
405381
627636
802236
20866
698312
385908
881896
65371
612305
498810
200095
499865
842618
828679
196971
38824
12387
451623
804003
69564
604210
829816
97231
514440
983663
531341
613894
990168
525966
455259
190992
46184
517088
48773
418000
961649
259472
533718
901817
575750
998907
471278
569697
616145
427113
288240
372630
28638
99633
112132
494262
569860
938460
692834
62279
955894
925146
540455
171125
604513
481537
206373
378922
341727
899983
700916
306632
207767
766406
792520
287910
145964
403024
709441
573986
900165
99581
425961
201538
916429
302094
908615
7820
350782
665454
920198
35985
801297
940914
205290
855821
113277
279981
836739
331666
678447
613951
151564
161205
820447
922712
295174
893936
160462
587080
808672
710500
963578
226748
579514
648648
541445
921386
711243
374686
655123
228968
652342
271332
670900
407777
804957
889793
483268
253663
906511
649163
923190
114499
17169
595162
43956
541461
293176
578798
65805
209478
840688
98700
512431
55922
970373
548826
620260
242198
474321
963783
748730
476018
171036
475511
233733
939547
271865
877426
265800
424894
774012
121838
835588
894053
565983
741734
587142
342884
708722
942493
161789
221957
918475
664727
930670
477304
956837
700383
857198
962769
773040
180791
184284
88350
641054
31886
760899
494231
799669
56618
808445
594731
96830
295262
872028
535843
366952
463138
883319
121795
996894
854800
890281
438059
198007
113122
529505
914343
57077
939671
91502
311833
988257
384613
845846
232377
773053
124333
863408
493605
99850
472999
873523
268546
700884
563127
596022
86149
33201
554447
820579
681234
7424
432261
953005
74008
690337
668166
813489
92330
383887
545421
515586
165376
659194
19022
470781
3931
17841
962847
991341
426337
103365
286921
63019
845362
272707
733840
284130
287724
599582
78605
642284
53327
315407
417411
910953
521280
181612
633235
745643
375880
252177
732789
997793
445705
507074
398774
688804
816460
90709
760749
809102
998697
366504
931820
756201
806904
372009
317084
509557
478116
22810
872067
140898
874156
157549
729233
706495
543144
998097
906856
611378
444294
781636
301023
164578
656693
947402
510357
634404
116931
898376
81601
466459
928260
148654
610668
966140
785284
297248
217246
442516
632782
671840
222433
307608
971386
694589
445337
592785
21154
43579
395333
970193
259860
217024
52747
468397
972268
696851
695163
488203
153910
841716
118551
439334
983355
585156
901446
19808
481229
425979
22520
451319
273831
872046
456782
440270
114157
850842
847519
710584
331295
694020
890141
25827
387557
398798
235828
308696
192397
457346
920405
402338
487976
868386
983984
994371
948170
663409
666672
306475
796241
240549
137554
203551
459204
999226
576977
545793
546030
242099
146953
512863
749164
293113
210836
528340
235467
842813
291185
249825
732093
696922
14768
20932
824883
959045
78594
806642
212252
962703
25315
401843
687082
980334
801425
412885
86763
77025
257362
257466
51648
242591
762850
492863
126853
949117
717090
469908
885092
456076
684194
3695
648143
93525
378151
60178
840884
706437
832198
630973
437305
138242
63114
437266
594545
53806
596635
440743
414409
844271
529688
101046
786004
535401
707018
481713
864605
761672
663977
573409
637586
412912
426297
627611
134309
426368
214021
778794
911035
230596
113429
621086
307843
825995
86605
35924
121092
677431
124061
521109
589520
473885
180926
815161
492760
538307
18980
731541
304299
447049
309768
239092
272182
684940
634843
382387
991848
656584
367241
583604
66121
907886
929007
967883
976894
631131
346355
705674
783019
765860
227820
543996
802476
825945
711117
510916
740365
75536
322209
826654
956945
288934
662752
684793
700181
866530
894034
169877
674359
318731
911278
286590
937233
842731
640276
487239
983294
581942
313048
81677
554848
549145
540240
240295
657405
622138
259537
752023
830312
868999
292948
9551
712831
166711
352799
950706
201415
449071
142885
612607
960184
446296
850804
109097
412104
981248
816874
898279
239017
931657
797001
237645
334069
16909
747335
652971
10037
269266
282236
116242
151122
147390
886782
46016
184088
959315
865553
30684
550722
786210
398405
156951
877455
118479
249632
511707
8387
327874
618046
452897
576469
318814
640647
848113
194704
901924
764372
611205
998677
517326
301376
552022
62896
932868
972285
862104
997475
476662
226981
16303
967171
409187
947786
248643
843054
660349
893104
467560
125539
884728
167486
571814
623107
70706
255262
380964
166766
717285
36327
189608
768348
776854
48260
84522
216830
588697
957172
859781
268663
290124
261805
487814
641604
86720
198855
845117
387376
120139
646490
464908
100305
137832
397631
410662
686190
653073
495757
70087
709190
670022
467155
674056
328299
29992
525097
373663
868874
699262
503052
47437
563194
488386
614385
609159
932713
969352
746689
185573
482936
986125
246735
721564
876626
613063
632962
904590
841786
405091
488633
982069
570548
371828
285159
219786
832927
163408
474417
38660
978171
654927
659339
138248
455909
351275
971658
23283
488230
525694
530302
405475
980405
384847
150346
830839
831837
404685
91698
93970
684317
689256
292352
635269
67326
457138
576490
971613
498350
405836
529077
341599
194238
891365
164530
965534
709272
588628
587421
169567
328278
121153
936439
415835
603602
326280
388955
138115
763405
213921
231707
22649
670748
763146
486935
99980
41709
261772
541623
229873
373339
532542
258280
823644
978736
674208
431838
191423
193699
115129
336233
224795
120463
498069
387876
967415
490243
704957
40246
199998
505899
808085
752331
605886
224291
99248
425449
152476
285572
393200
984888
415955
526155
297580
800534
929350
565554
79880
786809
260446
783964
690608
185953
622076
260878
914767
178165
29771
545344
170132
857628
8039
843502
468442
432256
167352
353481
714909
305767
605814
537666
237295
40569
494228
306419
385982
503239
155474
919901
939111
166095
177239
488054
828008
361579
898936
645035
261889
127192
188872
368332
76735
940728
441134
545468
656829
157241
899494
25808
567329
89718
792272
209641
962570
841702
925896
122096
668616
901422
999268
520917
762874
148349
737033
758177
437759
423991
818294
527555
504270
393097
799798
901506
841582
201287
514710
491356
942350
215667
245162
693596
548072
717526
701262
204905
449105
952529
255079
526242
134874
400922
559203
440769
877484
144734
486663
63870
309563
710110
74896
905902
600591
68342
640952
188811
307880
794566
864987
885423
900119
149993
866817
623878
334289
647241
982124
140336
817648
174191
499225
938270
664305
57859
598994
538995
996230
357282
1650
945246
418790
887706
571154
613212
381428
394700
223833
593920
481560
45521
397658
730360
553288
193457
805252
415818
826029
345313
91785
682429
177369
595718
519217
403604
242872
444831
52740
326876
912739
141276
70348
219063
137454
564161
497422
663838
295808
835964
565057
241870
694855
871240
571466
50245
818905
500214
277003
305556
171520
387712
364327
593358
523275
891373
79873
580073
885798
140266
697630
991022
183311
498498
42759
743676
705435
696316
126297
780202
495699
443172
637349
444774
591528
365679
210250
389469
729127
198267
211772
867549
533992
573991
467652
225795
14915
793880
294962
997129
563335
522485
495870
258210
67982
493665
23160
689852
635697
594430
835884
339481
824102
303696
834878
775535
950066
418474
253857
688205
883860
571456
461822
353863
864826
194153
552714
72981
706627
49203
212840
431078
976093
812317
838215
449985
11915
406303
605268
517849
307768
950981
357516
699214
897367
104997
913051
771428
564164
391476
477622
84057
441615
206726
95288
744643
688559
640108
967643
509012
808969
106184
727758
999219
528711
485778
940756
256675
986595
799944
354480
945690
22758
525321
829996
364139
938183
143934
724892
890386
496493
970016
62801
373825
72650
952451
620184
863778
923463
120861
991373
366793
289326
215676
635265
535949
498156
167358
588565
393523
919138
747107
51661
576123
755127
902615
365314
535367
750870
569441
539976
87821
352111
682554
882243
507660
135777
767874
935485
534980
29972
511417
587086
588695
408450
496768
397658
669331
461009
975379
895333
965133
967675
935627
770866
308110
66216
831313
536025
242830
928195
102313
360477
706622
808236
119420
424088
412837
428865
882946
2939
160993
684108
315839
926567
481042
269331
693331
761611
420490
666869
501401
6400
477394
521838
145781
547739
230429
488192
893434
427906
626276
617934
601861
558087
79473
649953
203170
918692
714938
135364
277780
321620
794143
56806
980714
967722
610610
12850
228736
177291
262631
612745
591090
277876
158209
10885
114320
176524
126135
866587
325679
866355
353830
7648
891514
175297
80925
598717
923857
251713
638404
543292
896794
723835
36334
896754
849960
98067
167383
503647
10783
110475
457444
809181
780390
971425
603961
376910
368550
826245
305201
198627
267564
760046
705637
898558
303708
896366
82449
988257
293469
522254
390273
521543
527700
634792
890447
925128
638901
915464
100319
431071
975604
351519
674883
171261
991871
781554
952762
86084
50908
979240
449489
457174
602479
625204
792377
476296
352469
307464
296205
781688
302687
217864
759467
138149
713938
868086
538976
415974
228252
853914
632036
678968
636676
915441
136798
413399
851724
166614
355324
477324
501443
910229
528645
23472
142830
600459
880348
756449
287258
194443
867868
411305
494253
921313
298999
747384
516090
773978
932959
309140
306360
451765
68488
409845
672887
270100
798646
975651
270754
722160
513801
171742
819697
122348
698884
900341
975032
569405
797132
166008
752012
56019
374025
895763
330492
630023
769843
482183
295355
671129
653305
221015
95888
698507
965909
825316
97558
269512
572140
467670
713475
28930
18919
828498
962181
798954
462926
702311
907214
343419
249997
19645
56511
379535
336627
585181
783499
502419
708458
344148
112156
727657
216331
235530
452523
711876
122321
534047
334343
992752
205333
473437
801345
724239
706471
460472
154113
30872
117561
14422
55227
521159
515194
899553
298700
656380
919343
7182
260034
65445
974028
145989
972870
221832
37729
995806
304176
963061
749865
786442
203169
495702
66993
501240
378823
813630
647299
965786
241033
284816
155019
742487
748466
276096
63204
485677
315273
618909
3214
511672
309780
935001
667700
225512
754754
598577
268584
588489
456674
797652
7655
41504
943223
300061
985010
749208
775168
269660
16559
302924
853827
192560
169810
283325
52443
934622
310525
426410
147967
760228
305313
983360
485208
971215
891882
234597
407792
793446
966532
996385
494574
402360
777309
612641
336562
227056
816316
600434
236428
179530
756117
131984
10940
490483
473194
687664
458493
323596
453924
82884
720838
696815
885250
754936
469904
140898
803807
161371
927170
972039
572385
305425
251583
3198
541638
652897
415640
568689
339934
143526
964768
299324
114796
305105
607615
419442
641474
507862
620154
591583
356994
419904
791235
659326
498772
920085
996318
955678
166805
929858
788328
799137
342853
458117
509639
866084
381114
88646
199157
42581
345390
261607
878460
219313
567076
791806
807016
763966
176186
379906
543821
773000
424792
952455
260997
702818
321694
774223
148542
574130
929728
86332
491336
104594
444409
640740
688999
954828
487877
660151
65553
831713
882546
501596
181809
455424
769333
33343
105387
464085
908183
363214
581268
887089
237337
312287
297728
291992
651691
930269
420406
387520
51317
542260
544164
62271
395104
353315
431668
390223
492725
245254
806108
908596
769059
243681
682741
364695
559077
241534
19506
276462
98326
342670
497567
540256
655637
612864
954823
129065
839992
809696
392866
836456
81472
764962
498887
36272
211229
628232
403458
957758
803610
869187
838561
820613
384486
413034
791576
85783
944663
855496
800781
102787
798229
650416
192045
905911
265536
849131
417129
996249
942425
362358
835368
61594
963204
814944
623283
501739
394227
342002
960684
405309
99388
105812
694803
533214
34993
32618
872448
605011
633646
757382
484182
201272
648167
806887
578532
998674
728685
867104
382197
429884
380970
140896
792628
268846
774719
44310
15738
271002
935527
994714
182234
317779
203703
358777
696080
553936
828105
921750
868267
672187
25419
157153
484666
822750
369579
434495
160958
782424
851046
655896
15688
966877
788956
89863
509262
1316
739899
703838
424442
347267
534435
356908
503245
274946
214302
713563
780835
375437
332244
798850
493691
874947
162226
833071
794659
837381
306755
85095
880175
223967
375760
942685
518922
385127
610032
862354
935171
325200
185444
230018
191349
589783
796784
373943
727485
390807
765647
246165
627450
979717
179975
431538
20325
79716
945003
505603
217822
669492
113243
232074
907590
57465
256384
540622
417029
160674
815268
106222
269625
302005
726565
229821
869872
281074
798627
664853
994804
471715
582000
37871
286027
976484
626447
256482
806927
742531
808963
867784
188070
471409
561503
956398
87555
841894
192723
65707
866805
367567
13229
560782
531897
303680
452254
63236
940310
110368
930373
55897
936177
476313
759722
198654
664196
172174
657736
782496
629322
606127
46301
864373
390949
981742
808783
224801
281020
633740
441302
939997
177680
437632
145806
205693
860056
517348
664041
982286
250323
538751
786788
316689
782744
30023
543256
585483
71706
333478
74197
641969
510901
563478
580009
221074
327350
859529
989380
808195
202871
812723
636554
773741
37366
733190
141179
235026
117720
808327
853939
46883
128871
932837
235519
723754
776756
442662
670853
571283
5397
358059
334389
162051
112444
306701
526331
306417
99254
153335
698685
286968
100246
345114
533512
850571
661685
603057
994639
859885
642391
946541
383439
875302
386870
826011
939770
877911
507586
545740
949167
706583
192009
964237
751953
670039
318240
720372
217868
774796
407382
111341
988972
307396
285186
752047
58599
585326
428751
94648
682364
870325
124069
449693
151739
730454
966363
393111
920590
571775
395532
821495
974450
429631
698731
66038
477743
62707
740698
916168
82905
173831
333700
190357
253518
274967
817145
706545
720812
795157
496321
115539
156496
142687
547050
906928
85216
366423
125579
530611
877498
321683
12559
593352
392923
761197
751770
663774
984712
827983
156477
608174
986380
653220
614408
703813
73427
164857
779337
946113
373256
440150
408598
715290
887743
790150
613823
331520
226325
706402
296551
864835
738472
250612
476392
765264
820194
767173
178160
333278
782493
447682
246334
448615
569934
332080
305168
96151
338740
169093
700143
649720
664348
970515
212485
177079
890839
931569
237257
977980
521332
991397
600357
999668
526201
496236
251792
961128
851930
477796
980414
927491
588198
837638
476984
194834
414366
537167
817771
44733
832674
33356
601679
7459
542065
733788
981446
611975
326403
198336
242364
969692
518980
782328
764057
562229
175658
864931
552176
165867
773237
542357
746830
325622
676937
789211
33548
347319
114062
317003
687397
176061
993541
416844
522299
81990
590757
929770
948213
294064
258220
914416
554603
648095
940749
27919
627709
583189
619266
744991
715970
773872
74427
113564
116266
182533
127594
105155
479554
583526
750939
259269
218417
823709
994254
488054
545855
190817
328139
237465
526567
178989
683950
700037
611062
512174
476867
436623
14842
940945
148270
891038
413772
468243
144107
986126
717509
388026
885231
712881
792885
291464
708207
399139
64779
881538
604716
392696
386499
149305
656077
61148
650562
255384
165461
986126
135969
264702
485121
712246
560015
434364
844905
317607
266737
534535
519566
950172
654337
264048
150682
301900
910937
323153
35781
953134
712789
725965
776705
926623
914116
784929
237276
86069
896263
403222
668861
221863
941767
907372
328199
259103
305267
780302
69809
196981
119016
272759
300142
502267
250719
234377
142605
989124
450220
4197
957604
890556
818611
205307
363245
84189
244945
318651
28771
384834
87075
947344
909007
684911
407507
401999
714551
77557
33129
947060
842285
978655
549928
475871
105784
211524
735574
770133
92382
183192
272716
64011
335753
580605
240364
278117
894540
867540
614472
712507
362599
826689
276247
737256
245617
390041
431808
223177
389111
789958
531156
778688
506657
258720
966962
162762
611285
44408
381120
761732
534558
397814
600282
522630
103655
544818
70337
727003
280819
318976
656876
963081
817591
106952
293011
520124
559590
366217
508067
65778
763385
337358
605265
747512
235560
52345
772413
177328
811469
847851
200293
667454
420313
711753
626942
31161
631694
972330
676281
280574
748688
356529
564564
967930
753184
745472
308822
416073
173505
690148
210034
889821
44633
925401
943968
150434
411621
622057
598888
164280
268191
954988
471577
867834
903490
747601
421682
578896
342028
812973
66011
372351
202165
364133
768560
292894
550283
768205
120370
681365
646067
990905
444719
969280
773086
294007
605170
892970
31304
508655
544027
634087
229830
952446
894995
206790
420903
188415
183317
511079
509014
575277
367594
146306
563451
7040
988683
349616
967008
302241
267146
61936
589477
581018
110864
507485
306020
139298
184304
663632
778457
898631
732991
70212
753591
329809
52954
683923
29899
27598
639190
767065
765042
914944
579099
84668
342641
468231
637815
643180
264195
206571
3356
443502
760473
194688
797285
6912
149466
918685
617696
633678
321425
982750
560950
804404
384192
474246
292552
828175
923883
98417
805019
215616
414160
963680
208742
625557
314705
142918
283817
752590
446864
410891
621730
46473
494819
816011
781468
478472
863810
176731
589937
701870
350154
793439
676835
669308
907994
214414
64789
446066
752949
557855
958170
200373
349785
5948
676081
649917
272275
452321
154586
81001
92909
80287
133813
433146
825487
619218
256807
457894
980333
114250
680691
363029
708341
434647
952401
925904
475576
506150
