299120
473806
113910
402313
919525
472404
529368
229489
192858
134300
102554
524713
825351
327367
550437
165769
56834
938327
663450
529992
39645
685495
147353
654188
829137
658462
575136
938473
208899
387905
212904
874011
3648
836522
183351
360315
142972
16725
21487
79573
344837
37637
69969
217794
648814
376450
349422
788494
991155
940684
670018
318629
632792
764723
712533
577036
313146
287908
698009
84464
130875
952819
214155
57609
699088
275950
73036
212150
862350
408897
887433
908009
813979
491077
154173
216688
53170
926913
213179
673556
204970
626287
859899
780163
137476
220088
558427
778777
649271
672454
926837
409833
521706
707524
207819
245343
885200
24558
424160
939110
601089
650537
79667
553908
168882
623416
341901
179718
832806
332886
705920
201646
120497
747342
275572
228784
596323
347421
605174
897948
752829
175170
949103
407691
490935
495734
317172
660150
578101
129174
813087
258421
997327
930435
403762
960646
990000
512510
882938
856830
54725
755560
115617
853977
481667
80083
99974
592515
373172
856496
204987
453432
894813
409667
451068
217439
315255
499289
443521
27154
467865
646357
593091
135757
591121
734886
805156
28365
824167
854607
762127
657310
382109
638774
707667
229731
236719
441141
826355
579614
183801
967416
908069
666926
233359
558494
436131
377051
478109
275537
520672
861846
811585
53316
312336
63382
269674
51195
294253
480134
308819
375448
343279
654117
558957
498489
550305
862961
374498
434684
945000
242159
814344
218920
316634
792286
384592
30686
548141
936319
832466
150562
963864
81787
643837
323002
970594
828413
516125
299190
938421
55079
811587
373886
785017
415334
442308
883854
621196
690957
177222
875559
313055
427217
184166
240637
371440
160661
988512
186089
178614
848232
484176
636472
672335
691975
530843
394735
312947
135196
473502
451997
534091
605721
156893
796318
926269
54576
681870
214966
588042
669755
423198
208849
388508
874364
614301
16371
972561
358646
993824
652123
54338
733582
728977
223441
479675
527285
102361
382752
263247
971082
825601
44677
822993
677566
101081
824331
309829
522484
634916
682757
840471
629879
892174
950629
520895
449821
344990
672592
375459
744225
785760
719408
34969
425758
584692
176037
956272
530548
244038
489286
719687
123153
6645
161418
909843
150464
966016
739875
348005
211810
951628
735681
545047
189127
629941
917501
241651
888030
517306
377744
948831
757440
59196
83710
739270
470660
766895
258586
656703
560498
777725
834533
790405
317362
674987
604136
424710
685454
829204
448972
596844
296727
278097
346875
473760
257738
482395
795932
835279
884615
255271
696402
125377
541517
237383
986727
259697
335126
46403
504892
960825
486494
907054
645030
785118
299981
196725
288133
310754
615634
307260
25876
625042
307091
387245
425699
835628
12489
271214
46288
813021
215179
673177
243414
475739
52929
455224
164772
316849
916459
190349
737781
657483
502073
251681
238202
586955
969119
976012
566457
665163
554263
659753
170688
330817
951475
890456
619569
12171
708626
656748
214251
107046
350861
285936
957962
492975
79222
736599
254923
450884
578801
251808
928408
267474
941219
713282
666530
281679
445843
651815
530823
940538
310806
420902
461822
702918
318838
285492
259959
924183
382446
584239
685365
100674
738073
153293
22369
818840
35366
290116
321348
641342
561636
629765
204101
138296
684813
253037
891301
331173
245755
936925
122477
893566
216291
959380
212902
797073
148561
792269
669469
472775
726848
554926
996178
221898
560642
496929
998851
704133
96691
350762
977949
402724
680099
856842
35717
423088
204686
468548
567404
390648
218967
130579
925942
374354
119548
511642
957043
641870
883464
46742
978719
172691
384231
602499
24639
463388
788553
838470
109990
905854
640573
668896
486022
917819
903094
512283
674482
708813
592361
917517
802681
329080
543708
255047
134802
665621
745836
715107
885437
884872
718756
616026
682831
317016
983375
680711
510252
556647
394741
223821
467487
729702
439192
818655
668510
137233
778526
170168
724245
846622
860918
316553
217377
292662
140591
211180
690141
444137
410480
173190
689310
761310
765459
205599
925982
919632
213842
743565
248333
852532
442528
692358
69229
585355
412942
474589
158051
301048
229127
252789
511438
133577
923964
936475
554055
438331
650752
58257
213030
837722
997575
84985
298091
4123
173557
330003
139372
31997
420471
277704
861432
216149
824659
814250
950006
210170
4097
395836
352945
354951
629272
149879
89466
453756
231019
772718
658479
21333
178928
895800
217348
65388
560599
303881
594448
516505
214191
916799
137021
773237
223752
325603
595549
293605
477983
871196
306814
669474
677773
470505
655115
865674
868068
266272
367042
284136
759347
771729
543049
773564
553913
861670
349707
943308
271685
406434
564550
293072
758892
444385
73327
201298
414191
985345
960254
500571
69355
745649
968818
706670
622303
894909
333989
245552
628940
730061
478421
947192
456030
106947
998574
111756
82604
293719
926672
931370
845661
649242
692073
367945
497216
738541
376811
867247
170994
488614
245839
531524
829213
914666
859096
727669
33050
235883
105792
901828
183694
828475
305424
533126
638648
888240
487549
201675
896382
261341
804513
279340
246308
158287
908103
77842
830403
138760
439536
184267
813219
108286
492014
981993
920627
226226
5378
174031
799557
842937
599950
286698
807399
119767
423207
460604
239568
558181
862897
872076
83998
341932
382177
466231
675950
707701
688592
901019
462281
847550
257365
167526
53625
264204
259787
465581
244839
140852
582724
926970
353027
943533
989743
865312
978251
30612
924148
362607
219299
475123
121525
280353
417258
842008
8100
649459
702939
689999
289471
202869
157675
407863
282745
400341
543743
468445
174026
124224
853684
887568
411852
857397
161917
65820
424164
149424
705765
449583
346500
504082
708469
412608
812496
930504
174129
285389
776543
173809
782563
268595
162991
552949
837764
488767
716799
194326
97221
307126
865593
366115
960470
105234
232469
695526
284150
687222
652587
721946
36836
114243
11012
967505
221326
55346
359090
332369
738045
709213
458066
845876
29172
545585
329644
566400
328472
872981
821247
135016
60398
82614
128476
588229
387583
110146
799614
26194
755379
468650
982191
502333
501427
364091
294327
65126
548369
536478
776570
8096
231130
730915
233883
777541
613348
654315
890693
485240
955823
597698
340624
428224
398345
709729
3868
515267
552362
618546
410300
561995
210562
274954
671096
211782
905275
426288
423004
526401
611208
159348
242937
885653
289344
28336
635141
115276
211438
511264
273420
236002
529257
188911
948694
795169
496778
882291
464481
813330
643482
229763
621960
416641
941023
627860
182397
236505
422727
891227
960282
61450
996995
998075
992218
915633
414541
45528
367825
743931
367877
445857
829867
219237
168577
676052
295514
720504
641173
307745
250193
38029
933877
465677
53490
233512
103202
308850
37008
66207
902291
322763
729631
747182
923928
814596
610023
900371
612142
379738
646710
933736
755367
381526
44643
262068
174999
268362
61256
852033
710947
721290
669985
878779
841134
487026
779325
559809
323195
968172
858676
536045
743923
578536
921718
663751
752552
870084
272191
760753
158156
101939
840198
931971
419749
520047
88585
215136
383458
787945
62593
506853
58508
657481
301846
985365
37038
580103
352396
824000
901700
666688
887060
587149
597796
870189
350006
244730
241127
388813
117962
61054
924278
901042
906498
362389
570233
716892
378474
414088
106615
557823
866984
950306
496158
266107
260178
886435
141502
618941
926019
911573
521611
908519
272288
786426
570481
688049
689319
397019
911564
914112
30246
814295
624591
272237
29347
930628
821452
859521
651535
971316
619690
779382
103750
840399
8959
349327
92624
872961
961502
82975
46266
125358
101210
728553
559179
294445
510977
462888
751911
768327
559862
170300
772996
485541
267062
861608
749311
591199
713405
304647
663412
794947
341865
934511
798060
944731
954933
988762
449150
102270
650545
537700
640982
77546
283290
610390
129554
941374
439109
764185
996794
878501
84157
628173
158570
966415
293959
355450
889168
514729
673513
290171
409286
730168
666757
88773
518435
705679
277083
771003
850145
230197
14921
817441
855357
722035
500935
731756
329445
792567
667323
915465
18703
829902
574488
864025
929149
710667
691603
585023
275084
950219
724436
687256
682534
609512
691827
379610
216522
201387
422190
309906
581517
331776
150777
481673
118885
17509
879894
192752
484530
208150
155001
81322
854716
96722
681981
114628
835380
405336
545385
331852
185534
37515
34339
386003
943125
207826
657193
997024
957648
657523
946831
315531
596795
457904
666231
992248
793284
698587
28322
509772
631093
537617
824740
283271
908455
310703
386855
585872
709147
738177
265584
852281
919453
37334
834452
984196
415926
671179
180215
838302
395497
580625
553554
464429
852461
168818
197766
404526
511719
246252
918551
706779
326643
727856
740661
395424
246370
298821
639519
705603
90521
481640
511988
788191
850462
954058
99945
415945
402672
561619
472606
891334
829735
72700
814022
513910
559386
810561
854838
182354
148016
236912
975008
350031
457587
179722
719842
35343
90373
393301
129229
853382
556190
926715
899939
368421
939791
584914
877493
245418
746434
891441
219174
55237
255697
994819
104361
280693
209715
726704
18858
460104
279620
984155
645136
133093
784785
975465
326586
289768
125949
223956
772697
876582
460456
560545
23104
141475
423673
5055
398615
709759
631096
739515
799783
133505
457289
123613
285775
702469
404846
788201
988359
342946
162641
405454
304891
774263
839757
735173
39985
318733
112131
802712
968963
542127
905847
562889
446152
577770
761114
980876
172610
627984
697679
269646
951919
349835
802993
386365
73527
65489
546734
20310
791782
160012
363949
21166
993789
93803
594889
527646
995862
496496
790207
311996
866455
279131
232271
366740
715013
343664
61855
998169
901521
581874
917588
665915
232680
512032
151980
912303
537827
215710
856645
179851
211728
907795
916805
455763
302606
832411
974256
647238
593311
449509
724892
432202
94485
517806
54140
155198
49977
183717
585762
272602
995675
12782
507348
93022
936277
944160
163733
542984
808423
57977
891947
480188
612126
324677
391292
570480
246094
922044
947857
435063
410013
210116
610673
98900
397407
434348
857923
177258
489015
37447
500513
178069
359822
595885
292263
416399
9912
320568
143281
749443
486599
183945
836784
928595
98051
420771
121815
60375
988820
608808
243898
252508
823794
517079
695796
587521
136102
284555
857733
556636
44095
609750
636502
887339
698972
922150
609737
763893
151647
68331
58763
440793
268539
732850
680738
439028
487755
420604
545983
93956
537184
740462
430321
467150
557438
724480
628483
688575
320970
955243
343705
680185
339905
556968
619740
167066
38502
590504
326495
293034
281415
741288
576419
616291
358859
165204
291429
878572
938795
747564
636246
849062
234801
441654
444211
407669
634819
588692
92054
324618
837549
893329
628006
390851
533440
302461
179558
298339
576447
537993
117068
98661
643094
814117
533816
999827
346337
556325
178929
35046
578905
479815
181045
144406
750676
272498
952875
251555
203979
869419
667342
320639
744902
416968
945722
336378
921794
980138
61131
835242
377377
756691
8129
48740
949675
374408
136197
889315
765765
12381
561770
910058
41261
184194
479386
935386
736680
777123
912055
631153
118063
743064
275505
816588
913306
229160
973520
534511
654876
364825
683482
241923
831705
564450
183814
562150
544231
784105
876462
716391
714185
802767
233448
835605
158293
364371
601070
517892
698015
822783
506045
384979
589767
396297
870145
309096
994926
798475
692917
475305
894588
174788
85371
566990
377776
407995
240374
685865
698473
489358
681714
513184
67180
587700
579846
48803
809652
738059
769354
469158
988292
671417
681941
340656
929959
395720
322190
167296
177673
403360
297964
947838
126212
728767
914062
360394
829353
400006
510582
724285
862172
475114
132953
17202
631166
50722
206711
801938
822747
943817
541007
182010
738475
430778
319428
56548
734052
639885
152806
93674
262438
114395
631099
22656
862771
549107
228325
427082
431449
297267
880205
956564
632228
702813
9330
785505
521169
683941
559236
341424
328844
648415
908836
955963
49896
163852
800580
725440
29155
891209
323126
15144
783287
144541
924819
46850
75411
48251
603610
962172
163170
156446
79860
407061
997723
186039
517286
319664
403732
755651
779276
636338
388621
624665
594234
128737
8606
915197
194549
708113
358896
305605
670731
261496
655917
892918
807892
810389
598511
578502
461473
796415
45843
780417
135827
796566
283318
446236
859362
715024
699536
442012
526774
657234
866121
387672
44975
21993
45400
799746
799943
646198
771162
545277
94362
316416
822976
849449
924231
702152
989588
720570
11751
832475
340548
484623
134387
292282
477865
902967
447537
906631
76406
19159
859734
546302
260591
422363
918657
865815
293259
459342
593308
119746
917516
245726
701091
6331
487664
992613
411616
287147
428818
26906
959520
703596
857017
443507
19665
466672
711736
451880
411004
362321
45316
613170
251860
851052
344040
295066
543219
682275
15100
481661
892691
701832
174125
821974
685092
293881
677456
35931
538689
40703
466403
333321
509630
695231
731729
233006
380971
943776
53619
977712
335439
12329
208260
218250
878910
592165
468380
250071
848751
735419
828988
567628
337680
675639
319332
202549
427690
764845
293906
42432
753429
444184
226746
262540
426641
574562
464009
794487
322252
300228
218265
25131
79270
35893
48675
450363
177711
789498
945624
315749
184357
383776
158212
4593
146024
276121
184730
705745
496354
516841
398416
192732
121903
233312
956104
450875
501908
935053
481933
755211
718732
536829
68304
669745
399138
947966
635927
763893
322895
241467
369987
886652
421356
77162
300118
588329
744763
740740
886451
824120
961581
604286
479195
807425
141322
114654
674655
964437
724214
837624
775319
342012
355214
285542
465869
935483
534362
130069
119248
45668
102122
125648
692870
131788
297981
867207
627387
352915
939953
935013
608011
977250
600320
489828
796708
628828
318393
891879
862654
682368
696059
715454
460419
279290
238340
291159
608254
879297
672630
340905
8910
316064
587242
944344
988987
835643
588187
293037
569245
704358
60925
315241
905064
378145
377976
280782
65681
344763
195101
909436
754888
202613
606094
167583
242626
403814
16903
572255
700751
429106
947990
20921
739885
423093
837234
336167
830198
61672
339972
57746
803843
395340
360179
134088
265025
453631
182020
839041
129278
268004
81741
676022
876644
957286
805172
484479
229269
276499
545327
339801
498854
73273
849803
366789
968612
848011
180865
621812
968929
437950
409069
934153
421175
858141
762537
677238
787792
785493
32536
689941
131579
530364
120733
534583
483324
143597
133142
629660
636846
32772
785057
637893
81392
623259
815284
32721
565114
144319
29325
155448
502443
723927
241174
307101
64777
680303
31323
314318
629495
33432
648020
955657
872003
510446
513828
869187
410388
636746
253742
894970
91561
86503
802961
463463
222181
126347
424737
455938
836855
299829
759178
284204
477165
740573
506339
902172
636881
20157
390485
647336
984184
221112
462674
223201
191888
252116
793932
73521
225225
358092
608631
760867
454256
433497
790504
554930
32428
659791
753404
545605
886947
829957
171835
832064
510195
838395
842049
450776
752893
804290
988401
216683
897523
449818
592549
378254
276470
607616
396455
867351
422686
712940
844680
987867
375241
726003
41016
791660
568034
397137
74330
709817
75735
716169
842733
248204
219540
886051
862503
406641
981557
140218
833379
785848
611326
362619
422850
803803
824857
708481
469844
477019
251919
298654
474374
996688
518392
412885
849460
313529
143311
18032
325654
978243
77080
377446
249975
949884
446939
491912
491959
898400
592749
99362
591218
905837
710749
546006
637189
978748
808477
631852
787920
13843
126105
918144
304060
14408
529072
906071
494049
282381
695889
58907
662294
912929
294380
167391
673567
864159
452232
163609
266184
21842
756303
107425
38706
761847
210545
42369
848170
828036
179290
26792
495760
672909
227418
99578
456911
59320
632170
739416
956176
498647
379326
464969
964770
947481
553552
484660
262254
607242
865870
361945
51387
71559
889334
208792
556652
562814
309920
300115
993180
726560
315157
237824
824210
527111
178228
514618
819115
309878
529434
419758
143487
661332
746988
224108
985867
982162
338160
770457
627319
781476
878101
182439
998834
736531
849249
857664
952876
618828
265319
655002
671878
625648
388680
931176
177467
838312
564325
83132
272480
408081
18020
259561
705625
644755
676049
370938
949783
936749
275312
253025
895768
122163
195367
797230
743285
652988
152420
489728
105399
45302
236441
427038
352450
117158
137576
53136
188453
279699
562102
902390
52362
757607
570458
32305
350648
245464
65548
517283
103298
736209
1630
655635
31252
574240
237699
576406
290942
744529
116920
335654
157673
924779
509256
90863
909963
794689
380018
786667
496408
444881
122427
415683
669437
359406
186896
518476
949912
546470
99754
367037
839643
978100
436463
234088
606065
231883
928319
270107
181167
223003
184149
554170
751507
719581
161138
990006
865746
991287
132800
579848
203788
830433
928832
613492
795420
340130
669838
207924
919200
322132
562754
892843
654784
519084
787130
166437
946043
931828
290731
182455
122466
698495
676923
236995
876559
819394
109296
633819
452687
923227
408539
215244
464647
751854
668454
453891
856616
974738
745571
761334
93878
566269
332296
833259
333585
194009
992951
912124
89002
267857
810310
909870
989637
72432
69493
834913
555419
176597
18995
582087
183918
343146
446326
519413
301196
612255
997512
136558
600576
538571
285723
652137
913137
808886
231384
208722
137530
361568
92878
85418
192473
974656
183350
995992
555845
415103
173408
46676
769095
823500
587392
173456
632204
64567
523645
529499
753149
734358
658994
905856
470083
711625
269698
932149
608537
429800
267946
783361
926533
654993
109236
286653
120953
351911
625017
109009
441631
265726
145472
685613
126558
49683
121240
766555
470289
900728
78262
414297
233046
265817
402158
595597
701159
650587
482765
994944
890403
945356
203186
658069
599923
663084
480563
173126
501735
705891
150210
764428
462583
238716
324680
49629
478317
916574
181809
509352
331055
732331
80447
4082
303519
325976
757164
307814
343077
588671
40383
987250
339088
911703
248954
456353
998287
607528
788829
296253
505518
321530
396134
519495
975128
338023
780129
824720
317248
763494
614741
994108
596541
840890
835911
742379
561565
246956
803341
908513
412677
189392
561898
533356
605949
811434
216108
852599
107088
716945
495529
248916
758461
214193
105339
30356
46502
632964
741777
430374
304792
711706
177931
280912
663364
559896
88983
353915
863661
885905
773648
489075
12031
520980
409913
836232
37321
852388
560539
416073
999348
821394
880321
68484
990453
220220
657358
872119
642205
634013
573711
31714
619438
933084
969196
360940
107086
610623
61062
619381
258808
241217
472811
195536
585164
182396
916761
60517
793904
507995
504338
80677
638508
956322
511742
903923
135461
160886
872288
325635
361285
257970
459782
548103
488862
344887
781398
92200
661410
808754
347201
578880
655652
859324
440091
25296
585018
64933
178998
270878
326349
477893
193525
596010
507298
195568
850124
978504
612867
920456
628966
999253
857029
414421
67355
911384
965169
470086
923727
214263
34961
44398
240104
35859
645533
19884
624789
955447
944660
44799
124507
344776
315278
292828
139701
106495
689107
157208
653963
196276
653690
744118
633075
810731
856022
259256
849608
956337
912216
929742
471595
629388
222531
568480
965773
427798
620791
243022
870339
565593
323038
615898
938132
673765
49765
750655
575280
242356
776134
49835
902060
699489
405464
546176
828257
805197
405382
416283
207994
807048
870843
559969
383126
590575
514558
8814
836594
558128
991249
155654
685047
906142
377479
668875
652682
594625
413415
97467
447413
203107
500385
114336
143879
628788
472932
180887
350104
54623
831370
655680
963239
54024
452124
806869
944510
154546
896046
504428
757744
461382
53521
290505
270857
721150
984039
582082
433238
244475
869694
102464
270064
42264
808954
829421
818936
490410
519508
366461
514840
887061
491419
206112
939811
807283
345869
633636
175443
121834
568990
502140
440552
636978
52771
358972
664162
798908
770259
64858
734001
975401
298961
959997
472676
230502
13637
811016
41719
548608
172026
167500
662187
326403
837119
376907
563809
587127
584234
705594
935430
882011
137683
659805
697100
133001
729806
80805
783344
533672
657821
272915
495869
252952
511941
589790
361396
8676
197290
478177
388370
836312
686968
757479
160028
478433
17982
921269
159526
933833
282089
507660
362663
798634
813824
625335
234205
273772
912913
154068
811343
284288
268039
877117
305395
350835
261381
969134
836315
98301
407964
731241
137836
261053
989403
702156
256952
445669
561757
346488
626933
894572
405082
526202
234624
352675
660748
135164
273124
363075
590103
660287
512089
326933
195481
806082
437378
996732
274090
334559
303139
249037
810724
874422
61596
981221
829137
556972
343137
623413
167173
983871
89079
296018
566768
563894
737239
723847
179546
976638
663818
285435
238606
385865
634182
257520
107901
747710
896821
71462
125434
155896
546867
897659
229129
330450
392731
367914
457744
44640
755384
834096
532332
503310
251096
212063
878860
511481
300074
691076
378655
823856
467844
835364
996506
617916
451637
407723
105618
962160
969810
923315
354798
159186
523444
788218
344264
555252
740850
6447
793164
973424
224182
406130
423852
306700
702735
418684
547574
806339
646227
726869
434486
440004
864038
710212
756189
886721
13939
846018
704724
825954
420259
848700
676541
172127
647929
685861
530349
367794
821132
55436
983905
68759
764833
359189
581001
342152
260568
216859
219596
854232
483042
494333
225629
381539
430795
754507
481194
462425
792677
273827
30941
623541
745776
227898
378957
374181
812548
983965
398063
297830
256974
917660
662500
480254
973684
787558
525716
132717
580018
458306
315901
872878
763658
299857
921488
346411
979140
291866
656245
926416
686242
410224
578254
849578
184588
331013
989739
74352
782318
775721
743239
715919
826564
194412
478678
853075
974538
583883
475215
281869
681888
692754
499225
411472
94210
41991
940280
128222
652326
297880
613440
645125
430099
781718
279599
325901
999545
373570
87695
75083
246770
128761
120236
834128
135651
587426
158318
922581
489448
451217
244881
255998
288241
41959
294240
713007
608696
501591
894542
698245
431236
549110
882004
602735
634717
794609
492862
615797
592776
147991
858501
124749
991069
700750
510209
98282
943147
331298
56167
500955
363168
29652
55877
550263
550909
439221
687701
848926
801108
323464
919537
396805
860759
629322
913396
954542
287552
511936
828856
533192
950172
358051
127917
569781
516062
596569
35771
870130
47060
614827
926762
221078
51064
968225
68295
21408
3757
697896
455868
275853
101339
819578
57566
377222
188277
586648
92084
532830
981696
2027
995095
329468
178949
527872
263613
175972
693720
500898
89971
818769
831421
392017
803088
987039
670835
938357
210074
882363
12414
675748
71540
866524
661445
469841
343140
822656
245220
777463
39107
784349
452858
773184
52210
413775
154943
184316
796449
498534
902983
891520
13469
958594
599630
947661
312655
298411
221168
592293
427125
460475
210850
479222
865656
94934
224509
740156
988349
899901
927197
79023
267426
70700
214257
695346
158951
122591
455379
542277
123120
255607
603307
702644
709470
143495
986371
284794
268201
807483
403096
419387
695548
615667
783591
753894
638721
768023
351382
48101
443719
140331
810160
481994
527834
402157
432430
795194
571962
316518
139531
812499
422498
986190
741885
118015
585399
211968
297960
387020
329203
387471
640215
519140
123128
93041
820449
622175
391186
917349
113573
128347
591731
741764
532278
817556
567697
667373
45201
774404
813285
479275
381607
109868
892211
761372
149877
468316
14158
597293
242926
836795
804107
784792
632399
281086
69555
777125
489912
606182
686241
803142
657698
592826
922231
51012
61133
958525
119571
298375
550109
322472
320854
420326
556130
88032
940885
238665
757477
370408
170044
310830
643059
361273
841345
209651
943724
994907
799914
882096
607447
992285
820764
59964
249427
323081
839580
93678
242666
263341
470861
843156
394993
250732
697640
596826
576930
616585
911969
143669
428806
741012
115139
227736
952106
720660
667818
279994
606612
405802
852120
566003
911650
588982
972455
647864
421145
713072
621480
658642
779437
45686
576003
241578
256933
206751
304634
707692
70662
928598
652227
859742
152766
687705
526208
666396
246234
233280
201865
766611
432144
964294
335644
957713
310067
436120
493393
108296
483706
421891
172118
819699
831532
780993
66762
579514
943075
52476
151268
951150
759258
599218
624785
385164
496640
686784
806670
237062
174485
33484
3442
547330
488845
50349
703528
26245
581661
155339
527415
853027
170344
315571
975584
772169
963810
451787
778366
485798
894057
231513
639818
613755
476605
938336
591712
931127
351521
834303
911249
439144
668107
330980
160612
283310
948696
436225
717118
583107
51280
364547
74935
464255
630704
949991
786297
534750
642964
797590
721357
394475
257127
154418
466631
658624
105015
97845
270609
668500
993504
488559
454399
294003
584934
433806
414674
171150
170014
209063
650492
786545
832206
397453
629735
231294
796243
961360
751473
456156
200608
990862
490890
133778
22167
392736
628783
542805
489756
973007
692362
391601
729385
635958
355104
756943
844857
483570
566454
414130
695380
684933
238786
363167
558090
808848
102072
756553
794744
656895
613267
694493
26438
22011
70132
404992
801855
117923
292045
149786
330569
640133
337986
481120
717983
454054
98565
10959
697195
310470
604599
398557
203840
73682
705298
404583
181012
896645
100387
403020
724440
860994
183411
83162
149450
662494
845689
622992
654314
338678
828203
933440
416213
131760
149992
442519
739564
307786
883132
308919
796407
390216
845454
500552
46242
711848
110487
180522
939452
624322
477899
117061
717360
255486
689697
862191
771480
289367
550827
987502
845441
645765
181582
141695
226217
250964
71480
78547
61311
769153
158400
817367
422532
873075
51969
314157
783811
490144
832374
106037
866869
657341
844207
41266
767021
890177
940903
654539
576722
506473
801582
953846
108450
508800
164048
138744
69563
960424
572088
751708
904763
12552
387168
33693
739876
63180
826625
269611
837219
445371
357929
890305
255408
611335
702048
221903
91265
910688
890931
277673
765353
163409
627847
928965
825269
217833
152733
370757
284071
650103
850836
959358
530706
138843
732272
294697
20711
890797
41070
542825
963374
444674
143309
378455
504136
699335
717376
964840
941478
315541
979329
758396
332934
518490
12674
629359
270112
779098
299171
857328
41673
402139
344801
277517
395968
726109
16206
458870
608936
610821
147267
565739
753128
975916
843290
188579
152777
817357
227427
738467
103676
174357
942455
814419
783113
110979
228629
130467
675181
166515
848752
861200
453116
825708
608433
474101
979794
672591
335836
866972
394288
945105
906835
610814
809585
304509
755867
332952
208650
616875
745750
612840
381514
408192
583016
961408
221758
283743
684058
448679
708132
30175
536576
682344
192082
490945
746293
122810
800659
518406
859662
902504
344521
400381
834030
105667
857057
330336
818460
549391
24644
521967
270669
493274
886064
608262
229272
118958
799103
35238
189079
310167
276249
204486
479399
127679
489736
284575
840269
136099
184349
556258
541079
441583
685343
892496
451209
374576
626891
970942
84243
519909
921354
65417
534229
661804
492570
704113
960910
306119
433231
727099
127977
320830
43572
886367
592678
235125
910371
59592
70818
865960
632173
205389
306706
644999
645432
534141
395815
973468
68805
860426
231636
754020
724315
336043
508026
755423
895927
956295
589819
953841
467685
4015
888335
811519
149169
690495
674524
764486
86239
187512
934506
679009
135832
172880
686800
499348
226574
965804
242907
760234
914537
797489
902146
642037
665621
648562
928905
864893
575178
803838
474370
354044
243414
540385
921506
396492
472792
880632
233130
116085
286196
106829
661954
510939
793279
977485
57803
338421
29852
554390
952665
371004
545066
63435
330737
565444
601852
318512
951580
428743
964733
435905
383284
494518
689918
672367
521325
609494
807663
386093
200743
783170
633679
502342
713150
67302
436436
330782
353652
820911
195208
136425
419851
439563
165059
999797
655046
591879
784261
562350
152911
672184
27984
849702
648469
509737
370708
955691
437832
800646
296379
252169
144002
820311
624128
111944
456661
397052
976873
74946
626605
526815
238635
407698
594349
366608
595056
343823
716823
284872
497521
43243
205607
468651
829536
104920
1789
70506
765384
457142
118259
685446
452132
128011
874134
660225
702741
224977
968261
694349
741598
852525
246935
141618
90017
870014
379909
685606
86385
39596
30135
309288
162015
945484
417110
736357
956463
144761
561047
969160
605187
511190
684369
112176
316589
674911
149945
936950
443218
718222
801483
550041
108132
967789
384497
620391
66664
228534
665267
497750
189589
227168
476986
389003
81657
357582
178674
839732
592517
744625
859991
459
910062
919770
213265
902237
625493
109095
802
603845
437106
669800
541364
566719
165363
485864
373098
388368
185550
962276
319423
665045
727315
575573
127925
273198
838273
794504
608802
210104
569442
417323
191818
610272
816208
748283
298759
250723
770619
669583
592553
979907
826163
396706
424162
215374
997923
700473
145351
660057
790990
859165
346304
125347
636201
640580
707345
270207
422318
22523
815975
2847
298961
569659
633178
341168
497297
967905
674270
804016
606371
473347
266413
762541
238745
559775
493267
724376
532421
943411
293285
610832
779235
755660
157368
365566
244855
905818
518935
384970
352063
51281
631822
950249
309606
911757
154075
866352
935746
993977
238837
13724
553220
483044
996944
490780
249239
696484
780352
444842
410328
452994
653090
620375
664921
35440
960588
838389
842096
912899
361536
506647
390096
203765
217234
290131
245894
673266
868855
249748
584260
511576
311884
198020
781536
79974
668852
166157
684861
273554
40474
113533
551852
319858
681511
611686
653890
177607
609680
337542
94332
365343
623596
562454
180874
43924
305135
245637
443736
540362
558687
156654
778309
902249
224769
461611
905187
802104
162552
634425
384457
735122
530834
495984
526942
913613
989276
586694
373380
106617
469531
882672
516743
516356
738994
565241
805772
425408
367068
840209
954473
658945
75200
682553
432770
211528
815705
708843
894650
223505
56651
449793
677935
761469
71205
643210
214793
158015
392360
923930
373464
720920
803400
5164
212878
803978
858434
842891
551342
722135
398408
282808
832513
670000
726651
337094
211568
773081
92756
82055
870156
526151
306079
873591
347300
339558
996954
337600
110825
648613
24177
956371
128659
246707
367325
430583
432036
124862
963348
969273
247738
906060
227698
988277
604094
865570
47148
379318
477137
962629
944096
526558
678434
562507
586800
72354
837259
473624
681804
94132
77947
388967
608037
846100
62445
698998
880633
11821
92229
514576
722173
929511
658638
507697
881495
195882
47401
240880
965899
133648
404246
177252
193415
991281
48585
375501
756478
287712
153262
951967
168187
800556
605983
130799
587204
5141
79212
167234
29423
774103
73574
946326
587893
739653
393637
92580
80886
63197
23337
870746
560369
73596
438466
546062
857942
314171
265101
113739
661736
875494
509562
965383
455923
723697
931159
234984
251005
108811
232679
278550
252848
220794
831837
122947
978820
200565
629999
217700
269016
989146
628861
772955
453640
335201
956862
982849
602776
358497
133763
603036
943461
50303
371976
884756
124683
119674
370577
973772
967663
171745
72883
622946
409931
477024
370371
74576
831491
101303
758977
226582
393471
985536
819609
897498
437613
450484
349799
501710
602973
672967
728063
737757
239126
381746
615251
708138
361379
220356
298482
628115
701214
921927
753376
295222
242614
148641
599395
912385
479442
580593
386713
576874
823869
627301
816258
276803
815312
813397
952287
302244
662039
2047
675003
107717
202966
459512
80713
249694
983244
486432
559448
763161
963949
868728
768593
464829
185490
994077
662908
263807
280318
540192
636415
146113
616255
727439
214813
136640
162976
574181
876351
156543
49518
77421
210806
740737
647843
639010
311294
823482
716038
901804
920177
328303
745751
992949
438860
626863
800872
812163
525010
562915
526531
528163
146385
489033
147150
865415
707914
533498
948227
525463
900075
119270
509425
680967
693990
910276
749179
278188
874923
129414
112401
465749
801598
866868
556605
55763
931454
994143
559302
257059
833369
59670
451270
908174
682374
975552
960057
119258
990277
438738
96000
887906
467069
450002
363808
583668
847529
533068
652126
103498
683347
276689
180530
661592
221637
427263
694982
965733
548950
527179
6554
58433
964462
663954
953720
809170
812074
825004
129723
278708
7893
292862
815954
568956
778820
179959
605845
679270
703460
663534
770315
192212
70025
949075
964845
75696
160871
188676
348022
655058
989275
525073
682857
25997
721483
901731
307112
905626
247265
479154
778479
485561
235988
197168
544696
446967
457826
892580
60076
701408
713978
103769
673593
319128
341425
119884
992395
342888
319256
60176
804595
580389
943947
157951
139566
875873
321424
578063
634658
877139
992314
744741
247252
590153
613257
894014
712464
780858
514424
952825
516893
376655
758959
867810
807826
424082
730313
383850
723217
252495
120890
632864
78252
101531
157290
301974
945580
100478
844079
762296
582765
210201
70739
14862
287257
780782
725781
962264
16401
429942
929838
555352
395085
714822
201322
268186
30873
498307
521168
814641
609716
285175
499366
99353
500547
428124
601333
471021
131535
709151
325952
177057
369091
277858
81927
326890
517653
97205
747770
794634
940161
194797
678532
478303
983349
869815
838128
54201
620859
348411
204315
956744
129619
773599
504557
669365
88724
518447
270037
650887
775384
810505
48568
259945
550692
879112
10528
540999
330058
61588
794659
326805
637588
540407
523800
930609
954624
553433
422036
227896
928794
685749
923324
259830
177337
108388
353888
543697
28484
236755
511811
420832
605980
904065
423111
61064
373020
512531
167589
603875
179300
123828
557947
447390
807267
282492
716020
393196
65181
35650
245011
64468
751406
700219
340242
525502
331617
192965
370918
699082
279241
568764
157395
446024
240150
184194
872034
431981
759561
248567
850601
977204
989344
904920
484940
618549
168641
687839
706053
891822
930351
618440
579524
761096
411770
22877
760141
331450
554424
514216
863372
542680
565770
434969
665479
483233
623640
386744
126398
522973
513872
19964
105408
480119
80968
956528
898796
813049
689857
890569
327247
847608
182369
118126
930861
885065
171513
509130
275035
776458
328470
101887
333522
420659
190885
586416
866540
809704
830877
349398
766507
597709
1642
621884
829040
653546
391125
625140
841719
915551
628902
660394
879825
136138
727971
139981
235392
692823
278289
785323
624461
426725
271547
416378
127998
313798
615286
562481
471928
584508
954095
489124
479673
749712
969095
653556
914134
543588
909553
435432
303319
9766
723887
840798
688131
708994
173917
771461
595134
787059
10214
669917
225280
771547
795710
872445
127179
476453
224737
643365
938182
811731
165829
694965
518243
859481
994377
866453
164909
206840
747013
549354
385503
591736
497159
791684
375910
156026
888585
416249
28219
114365
952439
279412
571222
44987
778048
931421
117048
486938
284637
742836
103729
231025
990942
302385
921357
503898
457738
2303
364784
345056
675080
242416
775482
242196
283761
369370
280748
16160
709208
771343
325613
243087
475672
805848
79765
476609
655344
397150
457840
610586
134122
459709
767335
170688
19377
521135
506412
915596
559291
332678
395018
933636
933439
383526
174851
989556
730662
339227
97382
894795
856376
571282
481354
553307
127463
704599
712318
399639
932983
181168
955059
557111
4193
292107
288885
428208
151195
8827
70671
925551
624725
481204
302109
785940
96249
916743
962028
48672
574691
231267
132058
677764
130625
902753
796777
343863
470961
590535
526766
940837
757838
976877
160858
741369
580190
134892
441262
648997
541869
220832
761539
184610
24647
790800
797779
906311
653596
249948
952978
780323
148225
759471
653924
202848
38678
714252
514062
845314
456484
378765
726600
904560
622408
589570
612828
298664
296807
410702
46396
667433
464315
64423
917834
810512
925536
377055
482848
567038
358002
448754
482148
402960
591056
873357
562541
541104
803929
347932
468110
458533
975068
731408
636492
298821
68120
610576
413337
997217
19156
949656
199871
935106
815828
671411
237253
251893
307216
32420
351944
773640
619175
407292
130226
552854
980451
923923
196258
313293
528409
531783
343711
682643
405413
186817
439445
475745
620657
663015
20208
12966
818210
346045
934651
885866
447282
785686
177808
406836
40442
764869
481807
711636
459527
428732
667239
618451
243186
709841
331164
282363
218523
895716
597527
210826
635477
943044
126199
144085
468517
545339
981818
544123
86699
760936
661595
620040
554525
627656
860619
50944
645245
525502
665564
590854
231418
724870
271065
150020
384056
497125
90926
928614
759194
788405
468664
282127
811736
990383
114615
581500
794313
255227
161321
909838
140947
33256
709671
594203
102441
714426
547217
587056
462120
470806
417253
893741
154428
738946
382109
379860
252204
167290
168570
241254
715035
262452
227185
42846
386666
64295
421879
430056
752595
546752
904608
176001
700115
845898
286078
241601
820848
808140
704002
159154
939400
340172
910663
112766
867553
506293
932461
385407
795035
457972
63996
312030
99216
994290
877424
505956
257486
667742
495451
670435
157544
638801
514670
783560
208410
477329
956233
717081
760338
3744
794099
923388
824001
770514
453623
7485
10119
85508
472108
507026
214037
200209
117646
281039
972197
898376
652186
779817
333891
681077
875792
594653
86125
672088
28851
603620
343199
44118
7378
197108
939145
791535
703056
517918
155593
876380
578148
496833
463087
53191
833730
568099
146557
604133
999594
273497
214505
875821
427845
529618
93972
90048
5211
207215
310350
659634
209656
536756
213014
331783
597865
449023
653512
133374
667631
585918
28080
900115
841984
633675
689944
718992
837818
947695
535898
21727
698201
984674
461273
410178
563318
234969
969917
613838
22254
217390
227257
721651
715138
715880
631845
283921
47521
904286
851499
373153
486207
275816
23357
440351
392287
272793
355155
611205
780544
305627
928196
414251
782782
520540
123975
764318
13864
146284
291856
360329
463764
970860
957798
782148
332350
806324
932991
912200
381888
215100
382354
205331
53666
342436
132913
562379
620614
201164
909242
718372
719974
192694
974020
304750
58701
363936
728095
951
395333
563756
278166
879751
923812
343628
77699
774608
815953
848346
537927
525171
756361
996238
849525
424969
114779
585106
476992
408529
896140
440759
585131
287989
957920
381987
587085
241564
901923
515702
214053
705552
871796
447109
335570
461811
619576
875554
972266
115863
460049
384046
802457
871522
893478
803131
135835
901083
52611
679381
205730
575249
593964
234348
107063
287923
97315
101191
802615
504738
992288
98105
767887
548402
275211
183247
201646
74906
297173
582959
894503
965900
777062
548394
187278
868503
18430
393623
137012
147479
390028
552838
800289
6461
240761
29
75755
698898
466536
573760
859980
961421
278902
870826
808394
626337
614391
573981
152987
700798
225451
966478
672114
300922
372565
689922
399710
568991
693668
93105
953206
921714
166362
656807
735644
771962
908863
380231
710446
811210
70262
740173
730049
568778
301169
278943
939029
915967
209144
618228
4386
812291
233889
777096
959452
575550
441411
654796
776182
715184
397870
647930
780971
663438
508653
54648
302910
947961
667537
537848
412161
663618
76153
830630
240298
376077
394855
502725
427800
634991
544220
486633
780380
767318
981240
30368
684762
518796
160210
95317
162711
514195
448924
836155
832731
171113
410413
714938
144502
485007
11279
618117
270442
949419
440553
360580
998908
773060
582298
711474
281781
62853
250873
651336
469225
880698
876421
398615
257054
507592
763364
268228
705382
995987
705939
593395
729187
235379
133898
938297
291057
756320
337221
670839
83089
8989
996766
811377
947568
274469
817042
63258
620802
740828
199751
515599
594656
507467
651346
70181
361188
144960
832539
44180
687632
171403
236713
511803
954096
471859
51640
619138
749259
186515
338171
669753
840300
360160
641891
124508
253580
907043
256511
836653
192982
310536
996959
5131
147752
369899
149016
492850
2416
814860
710659
96161
800483
664364
332924
186856
441448
305398
686899
727928
762078
781701
387178
386368
813712
282087
51069
370635
346945
702528
613315
391992
38140
43640
57658
484195
767285
880288
313736
981317
85334
550043
347631
380648
296729
420730
279177
537158
733058
158159
667888
324710
952727
404100
774052
428435
73848
601078
564164
779324
547046
93138
331864
221292
499504
491141
230047
765483
198717
803024
759928
20772
751033
668209
239311
349878
419309
345786
123401
927486
162761
746393
329698
43009
114278
692542
15248
33104
949639
554056
446409
82619
926946
751259
60127
177394
26270
674805
582465
665817
621807
555395
412450
978716
467882
46231
438033
174481
623809
949200
105975
123294
58196
491836
166822
693219
20427
95161
50182
31790
626811
716325
978803
663389
718894
957430
436086
912663
211206
217360
220281
543473
223013
61917
843414
829978
128610
835200
572263
185551
68756
44624
92964
30149
196730
793613
911093
535185
660624
252093
853312
856242
848678
978274
933027
793968
316140
639448
24904
75053
744158
428722
532260
671983
195419
223617
161593
420408
936151
118626
428889
26495
119171
872716
212184
962319
176959
236559
551429
855846
111433
678754
831840
220140
294740
518841
786282
988169
66229
52891
374617
480310
443630
119526
457747
724548
677570
538439
253693
161691
790244
411349
387993
884547
112950
973529
402733
899585
775504
442335
97025
19939
250411
414885
826678
132149
238716
549866
106441
399719
228881
897727
118298
812522
934827
65776
49005
958445
7760
492957
533842
167996
124328
725389
991645
752022
898522
517196
581407
611581
152383
16092
663718
684857
322672
900594
72742
489017
235061
694364
667488
720317
56371
252621
502461
789118
48972
647680
132066
476699
558474
336067
101998
290034
912734
27040
550370
805087
503592
665307
521823
1829
558516
299452
237140
585411
967726
664603
77614
812178
120570
499001
532730
300353
710818
284921
568189
123049
437301
60239
18617
803000
966425
251165
233032
555209
27068
207719
679201
98806
500134
897365
778962
779697
134325
575793
580044
162071
41329
831893
689620
55533
956741
478618
450118
590857
120994
917550
220333
793953
25210
690249
371771
151524
72027
436167
435494
840790
505737
923718
283730
597818
984898
651946
559486
352717
912330
854782
217311
778614
345445
718725
95376
851850
196591
608777
940937
709023
889351
611278
756385
438910
715513
780240
912267
604046
217290
479384
78874
990611
100268
121897
726214
728883
268693
911457
630848
856324
602641
303149
35780
378288
302693
79187
472894
912910
83690
999124
164435
306293
740874
502251
753998
629311
968308
66608
477349
974872
161718
368381
994450
875962
283802
81087
108944
281760
408626
800914
587348
686259
659218
352476
482778
726239
601021
622235
613244
387313
285447
705066
338814
684808
175594
866466
836633
123239
827957
12838
541262
545265
981489
657463
864057
735710
304258
541898
375246
72061
498542
616456
246078
665532
176247
753619
666876
175606
538225
714080
321547
645560
976059
832008
116856
381752
92979
293464
746040
567452
554027
268581
646705
954344
225929
359741
711101
721280
890486
336146
438924
201406
58778
273184
663002
114454
37298
219469
168553
597796
24132
868615
628009
601528
433914
28165
102939
457749
598384
587788
755204
206567
834692
315777
650654
167387
900962
8409
663107
824803
323482
928579
808618
60413
902734
33953
426535
904380
697870
18869
481983
902260
987695
793494
815710
726692
545942
277605
123936
693614
738577
782010
316610
565013
904269
30455
599174
133208
160501
66605
129915
296088
542287
133071
997205
682243
185807
429043
891795
893258
400428
827073
673397
635118
633448
984783
438231
278246
409606
887860
538030
674318
937166
586262
860387
22079
195758
25916
745855
913743
884642
477175
640959
90973
876337
83128
421833
282162
880448
1444
913222
571556
6899
931104
160980
392946
817096
927515
671367
606932
161653
152191
366922
376816
115173
627152
223499
801383
596855
333390
686272
749703
33404
651832
294785
316651
137971
645259
417286
606973
793677
277880
225787
119680
544427
714493
269088
222574
498561
818906
318116
148329
828271
612302
177801
893682
842881
541595
714400
344811
599154
518397
429039
619058
644948
682279
624084
469734
766357
392194
49580
367600
469920
340018
904649
910752
916407
449103
949907
939623
281541
899058
801881
395109
417348
873379
208862
67432
469628
62261
481515
359753
781959
530917
389550
729525
669215
34874
585795
189716
484134
20732
741223
192034
663923
19846
930220
27209
984346
887338
983653
904892
670634
234039
42932
147743
196953
863102
608051
962095
103946
665715
921623
570636
941868
834151
372707
412021
998420
624242
274772
101537
414681
471318
924687
332364
58659
908908
200729
297430
951220
386180
948771
462248
750421
233987
884530
535692
802984
416995
655153
656222
615201
326481
544022
87627
490383
520202
755487
127356
177941
435671
224942
837067
611952
468165
373934
743691
772744
456286
670716
547501
772970
752985
534705
520978
313857
643170
797614
238787
267608
263344
58426
141441
105730
284422
507940
952425
110937
259904
583456
631360
143228
333011
250495
811618
397588
573686
552939
121561
394960
22151
785643
580680
128699
936726
203789
304183
784168
108899
900145
428294
569630
523943
822072
74400
208650
465223
950420
943360
727858
7191
251906
683951
515153
237046
382845
110199
175049
823208
619639
946594
460057
181250
694067
254936
793641
594618
607817
556539
387754
384572
347548
601545
65316
332078
897840
130300
801312
171810
525413
796957
396703
200120
1186
716553
579661
996129
886948
851335
961667
391409
538714
69672
495275
557887
9986
835561
309293
733344
583092
212150
688940
549954
531973
699330
482089
686133
393530
470681
197110
837257
784034
165065
880712
959250
963288
450196
556739
72552
905564
596547
414808
213135
793253
351083
598285
506970
774374
415450
126083
657204
143203
366112
265519
53760
424951
160959
503452
470693
458368
61970
718074
129264
712477
555967
871711
206700
964150
139592
550463
172474
521980
390482
884886
138669
871562
293370
429561
886753
944282
712877
430997
752851
189355
71990
153609
794046
537056
821595
581569
752252
72153
631127
622425
92160
984382
544849
446004
365786
884832
303702
689987
458479
633557
907857
20071
315920
320745
390632
914162
146749
997870
140779
30373
246708
225269
523214
787815
315159
59198
564169
510942
981351
888779
96504
65570
545200
998407
538409
665942
188191
997875
997196
626714
847078
609832
936306
635084
144705
613221
320197
735218
107091
224295
733988
552684
679283
920092
744897
8961
843255
547858
613550
760488
75296
139399
362109
653144
514083
167168
921356
226568
339505
551880
116945
494340
80036
203703
162400
126836
234462
223228
747642
800635
170381
507564
162448
837238
839479
718437
574104
905084
323940
272171
660241
887928
327047
174504
723753
118281
535867
101959
373720
933077
700482
19981
283269
214141
45968
44747
798187
404735
394745
876837
647324
429098
315576
376379
941304
234311
856339
908430
722672
398295
718363
101138
358116
963028
756398
946655
120695
816723
750813
744598
556294
209984
557892
213894
142719
743097
893637
618320
322565
460682
673673
900096
714865
647156
219554
797337
383663
828094
289000
987505
176952
197677
507581
351860
109064
682037
296182
264727
405436
853948
498627
927664
782839
811210
467868
995952
547525
961421
85284
893803
891432
583299
435150
545291
357421
480022
726289
981023
554164
278098
131606
558738
869718
557714
573899
406154
972232
644012
925692
867939
128154
753680
704040
49967
672852
783071
765747
617881
211608
288707
599097
328243
370828
824663
309922
104398
481640
493294
843027
962445
727976
251139
2781
639161
739874
326938
646884
972693
76572
716345
775279
189786
621088
254469
706609
593269
19788
89224
821422
355388
286378
860399
970357
181280
642110
663399
440188
110138
720899
839431
319023
953380
746970
697222
392996
683927
727788
702136
642476
607882
259668
81320
132265
444596
274638
867025
343968
5404
862441
939939
583563
931254
844804
454323
138450
439789
52950
589484
683855
461820
656907
802548
563969
321545
406641
702741
342420
334733
499495
432431
933978
878457
112863
53459
437304
364211
356259
96116
589987
15207
393183
216454
335931
672949
79113
2186
906937
709293
689713
518585
589474
998085
687731
596421
755868
5710
742523
467749
776964
65529
384414
974304
575239
495882
602119
774736
652347
39819
125070
752463
510755
417821
216622
410201
237790
162251
365520
603407
936270
228306
647799
495523
786715
569877
821778
86853
557947
248949
929155
696769
77861
662827
496486
263665
469110
963643
654920
120547
138143
471540
252137
233584
63464
58111
682738
635023
750009
15178
663864
122481
299893
599501
479146
219300
39634
992343
649913
959377
906919
808327
261468
114362
570866
367145
530895
767566
71038
50564
931625
49812
286889
100468
770363
464858
508048
301458
308721
757253
608357
631310
857013
642756
589207
591911
803598
862914
415818
287094
372079
725216
212802
19903
366318
480558
2094
771807
457149
659421
580180
449456
509988
178185
181348
130142
486625
129332
607224
234882
484829
137926
209049
570198
811596
796976
317401
34886
449376
40061
590425
260916
346567
639796
844656
25169
175666
866697
40932
624783
640255
217961
319890
664953
457828
612707
662733
736487
135137
408894
610395
312632
199747
11273
523094
770916
590143
95622
524809
42718
942711
339104
345620
950528
153971
666790
603100
352392
501175
586172
63961
861108
698592
810507
480102
893828
287223
998962
852572
489728
653363
485719
116899
342118
5978
296198
337726
671432
835291
34431
644911
220375
750928
338606
21789
540881
277950
182196
354440
537320
855025
361341
428737
908327
898805
658678
851598
144474
946390
19521
647938
637540
631174
768557
156012
160733
30823
20709
672571
357100
127572
967593
683846
121982
938534
719158
849352
111294
135757
3048
212936
533086
604192
259200
767978
880236
370511
495982
672636
293551
431301
985903
415726
797273
732233
683758
810593
6283
520183
641219
956554
261757
74131
211403
933629
515348
629883
516447
991126
412641
592738
13734
455841
384438
946884
931938
651195
143966
301499
776208
112252
750741
561691
864158
689589
332306
653171
642657
428
630832
777136
317283
667613
985728
408685
573772
150800
606475
222668
200513
780858
780458
198302
375286
950278
629618
867286
884937
527517
263156
448549
261473
707940
515693
464084
118223
823091
122931
861929
683179
614127
519061
169792
275807
355017
234391
496675
670236
304756
307656
175461
212909
351731
238773
60902
808340
27106
385696
262076
101335
79001
146931
916362
80971
985944
874248
871731
245740
969429
951528
444452
176144
782710
749984
238360
888335
617262
990305
6659
781590
237482
772620
749466
832141
591628
670184
360396
832849
431631
954783
84553
183242
495335
764511
265262
243962
224406
753040
348968
318087
730844
802688
969484
237450
595671
320103
291389
34905
619841
269631
149360
87981
674696
430818
853288
741062
704960
396049
620491
708906
184460
268835
566331
214823
361712
351839
496154
595122
468808
289215
259454
372917
200555
944007
519460
742475
663150
920298
864232
673838
225468
818170
635702
470413
373875
145959
105160
248989
568176
941948
435260
177973
476762
865483
489124
182249
220946
271739
11312
372839
720610
216106
656242
182190
818152
366305
74632
640017
793798
755242
875147
116014
236384
109537
778514
118582
474056
383273
30601
854699
747685
913530
595622
176870
772825
860495
411053
56309
712921
426006
43028
98682
370481
112764
354679
576582
373318
349274
179098
632337
483929
349423
605820
499046
308033
188437
219240
428491
906821
865811
556063
781150
79554
159520
151055
2708
332887
632898
921362
152853
537403
618867
144967
633047
154373
749334
134784
232477
601360
811888
870708
340183
35191
573887
664626
29276
626842
675389
11077
351706
138860
956784
139499
515313
195639
336606
850370
203144
201710
969710
214278
435250
46395
369479
836088
393517
752283
429020
395348
459534
307343
891487
778481
2386
56738
718298
817391
132574
631412
316483
326551
446988
257260
134243
264137
286529
318987
318939
463056
759735
806153
463474
120436
905936
570613
698111
140999
896262
863884
777777
203876
904007
95895
374851
763672
302581
915261
201474
848667
274084
891010
478889
346237
651035
751012
618654
878462
609351
322838
775907
786130
432477
834164
726122
411413
781263
425677
2943
32816
60393
283589
743882
511590
796007
925229
986454
381844
425886
11562
624053
582288
684258
123411
601024
758758
505472
415804
619363
406767
207624
602095
223010
328149
438789
790436
98781
878466
613450
539204
241161
304623
45955
1709
291992
631297
816327
148911
672873
44825
281090
423725
107466
158699
233832
455934
521888
878969
52602
962581
214174
869504
689139
264482
891608
672714
27403
65294
109878
78979
58829
563089
665186
893952
545134
714977
424470
19686
970664
179684
955407
4973
534343
98818
657153
387138
516505
920249
161105
696324
496184
432705
478633
611484
883028
215567
38360
999271
706988
985074
703686
654058
468794
507038
41074
33957
326627
800139
775673
39155
363767
105577
680675
321940
557985
745678
834638
883982
112959
89092
29744
896102
382488
772295
949724
734076
947810
86863
758348
67730
678504
234519
720118
409522
831698
467637
737768
100086
605556
24157
674955
127383
708459
463307
379685
79496
913069
488980
165866
627196
832101
273411
482533
716435
319947
116931
998891
47442
699837
326177
636265
678844
644057
892857
641928
225379
188905
409702
732444
350726
173532
82048
463337
814883
564378
3651
169487
569064
870820
252789
631379
977324
387616
583364
760873
90012
676666
487909
67798
750497
100029
392444
17032
855249
528539
169414
952201
673911
348853
20578
374030
956385
253231
273446
226692
108855
472063
500366
383237
128950
940785
374327
568483
921259
628920
67780
982589
802614
316034
932984
684215
752285
917680
413788
929943
263460
515319
331906
245384
945335
506727
370284
610883
599704
51454
488593
584498
202632
532629
271678
220159
382336
824653
560927
97777
712873
615504
161038
816939
674843
289763
418471
790746
638298
626999
932970
669171
819939
76521
176825
948752
788209
289874
610050
246170
846620
551196
995667
522732
490364
744123
988927
926945
29083
997521
53596
239936
723996
557528
914047
120177
941967
349000
380887
105225
94776
612270
948538
790640
304472
388504
669545
768191
390560
526607
787558
931778
198434
623460
442699
23825
297866
5492
818133
420801
844322
339781
798456
461663
262777
334103
861385
898037
538629
311913
850660
181133
599867
710638
486396
644657
805023
693266
767540
396906
873743
935018
757328
144940
753084
42279
720992
28254
68636
978139
970457
594136
835517
975892
3989
756176
560760
618392
887612
474274
119120
650248
883215
166908
346394
734639
38348
321155
352711
180853
162817
183977
857593
176328
918192
999945
904426
559935
37793
200129
994055
440456
239344
300
958545
31872
77560
844269
908104
192203
806756
789566
766389
812716
426854
403756
446893
573691
860229
106716
38910
906500
71830
811145
357604
425885
792483
90239
34692
937058
307146
945039
429418
