712478
662450
766960
222059
87033
343283
52125
695580
199085
350916
108901
582565
92973
98305
631492
584688
413776
439957
472809
810048
620376
71606
997424
776834
505267
205482
600015
436264
77973
298226
32561
212666
125824
647296
309595
9697
214649
695795
673680
859323
817049
813122
834498
153949
629726
565391
563090
317514
964978
772518
338297
276271
551491
66685
178983
54564
670032
312919
328629
615409
469225
380935
750436
271912
304838
182417
354250
410984
948240
273933
619962
332619
711280
135316
49216
331007
289694
149282
60960
965364
252274
984094
190213
826873
56639
515680
131203
140440
260727
505266
123217
477598
729616
388748
247759
386147
875858
553405
854609
698907
587388
567928
652374
993436
108369
264866
926007
709187
686038
729261
599537
275692
763741
305450
182898
923608
782048
274116
56867
582206
637965
341226
978063
366458
645144
140827
491910
829157
176157
113637
254441
776557
995640
918381
376719
211312
372681
490636
529499
840148
726254
47027
400212
612454
33951
79324
667010
163242
836378
683414
905246
264494
346581
39128
709025
438107
393054
91909
509384
752909
660654
35866
681993
66711
843269
488154
905717
552355
537581
992895
371288
403001
105512
861980
124309
431404
309780
619124
141553
763469
344217
857345
454039
806894
932956
12424
893479
256619
409745
450351
665685
400814
174065
200514
265389
907083
752543
295802
940485
990162
345920
886418
941153
808371
634527
160749
143637
327319
335213
354505
881128
94474
390755
406954
343575
319728
355358
670457
235107
866777
794460
803124
358821
589359
612778
378231
354010
338156
874586
36069
901221
288152
420188
292649
447385
159743
925863
994820
977795
62923
280137
982130
94956
578070
991620
625441
733708
4749
785243
804631
141151
565420
525828
871074
381020
750978
364929
82103
88450
656944
759214
758945
868234
898175
734016
704183
543418
122644
113876
523260
581488
498059
455005
454286
952678
478560
652488
60101
668678
445952
554296
35511
499895
851316
796712
975233
494334
541521
354775
262090
594007
199413
438561
610857
512200
737032
534310
186261
548085
388539
616950
976182
940418
435535
912945
529132
164435
802441
164296
316598
9833
51541
560143
533453
967498
519238
903195
902419
282392
442702
240283
788344
84546
277518
965420
687988
22579
544714
305944
295907
718857
58696
308168
583807
992857
810511
641124
310066
621329
947885
851465
636495
902263
546603
434059
969972
571179
105712
999852
751935
724973
116657
281622
510500
177096
312821
517878
834481
439793
277810
965156
892581
278305
127383
971232
267090
998751
712178
829123
202430
202377
725175
542636
59851
976013
185920
376519
399570
403769
752159
575598
373363
414090
65077
270576
515593
163435
300778
118558
993233
46801
444658
441354
981441
442990
347617
46011
854181
640334
871536
87513
567434
220950
983977
779640
632374
664295
834655
917019
646578
842180
236741
345648
931390
604694
34521
860158
562522
590503
615168
606704
882666
450938
501954
256704
603357
518594
60574
841306
827627
295773
33932
46469
708567
96300
890379
779782
923111
549004
805664
762388
269463
303948
945037
568558
881364
40196
242433
105210
26679
648291
768110
763088
510227
885676
178034
27860
287732
41722
240642
724826
997827
220286
272520
875321
246717
87153
177754
268885
384575
51106
374889
83157
202416
131958
637237
773276
118345
656773
832360
952974
792952
613775
794406
613882
867339
509620
352761
550500
315628
345850
658332
360053
36058
850254
262194
124588
794985
346448
748019
241548
201714
997935
276154
75750
835967
35086
383762
452015
964891
350077
235054
621189
739675
496378
184715
769957
378733
835429
197415
103955
465569
285886
890308
455543
184503
542634
501539
420711
762080
248505
749679
90212
576959
580452
168426
765830
624397
100144
122109
920240
920202
589086
817109
515764
614761
244175
183783
284054
830983
252241
385426
777199
996686
359625
140976
504231
889835
536815
633702
940016
274362
762803
87266
659706
434162
792779
103070
264687
21516
33964
235877
455456
578591
593690
521611
411882
523982
865448
104688
835727
189057
395415
123169
260093
856862
416772
804702
261803
128192
877858
614833
248167
717409
700529
868051
371092
756145
849905
609645
703653
394267
687545
502560
953387
575867
622461
86473
975248
911780
979114
185176
986203
980980
607190
761551
400367
524774
642591
267580
985023
238544
835342
818948
635588
735397
831916
548786
652362
487567
950720
753617
684459
731974
8058
643279
763265
625574
163823
910952
99416
536291
265032
308635
943378
756973
496915
691418
669642
774740
991252
242526
768427
608264
629898
697546
744150
515508
785894
646230
349368
577419
152006
338406
209155
779911
401032
411034
2332
27092
738260
487935
603308
409907
97006
459094
74336
160470
279844
998975
862961
984245
457911
715909
954347
603336
445618
862604
592211
999591
637092
10889
709983
136049
247736
496138
773229
139020
451618
391210
873909
969258
370246
527756
193973
482867
819178
615062
138583
784261
747835
569109
676610
918075
250073
263681
570498
652983
309994
748898
64688
805468
162087
201816
229891
767720
189371
866380
338567
790676
881528
482490
939750
620410
554109
501118
436893
165068
618936
58320
905616
79548
707043
629223
251870
296374
405312
110127
54390
173354
817247
19522
633336
240629
681628
381427
321613
683825
494352
724778
628462
349260
286523
266747
793333
336095
581491
813954
208906
73037
340323
521129
999100
803289
422061
285349
91508
666887
402075
333070
860963
758182
578467
978144
396002
217344
544000
228259
893207
991174
912735
466523
574024
764782
380545
248577
376720
243681
854490
684550
652755
446307
964878
585785
460193
669378
92223
812692
373519
260895
24964
118222
98976
774011
530834
669831
56806
10650
680575
578804
315702
750677
126622
776587
878441
864883
72457
211092
565772
11793
405689
865006
431887
189853
914684
360359
628211
710800
622910
519182
973404
249240
49922
513666
311939
803540
547656
270351
159805
607292
543985
781154
138581
65313
756412
537728
539542
194645
159690
96898
628684
824022
521203
724776
484778
510524
813540
821873
924454
477592
708823
156170
690910
417370
147517
261123
862850
270199
366126
869853
508348
45624
145554
874459
205366
382955
771153
248739
384367
797213
811378
697200
173522
231592
44185
985955
34447
841052
118387
526280
776439
432443
80723
590849
134987
91338
167296
472304
496290
101423
37933
275343
956221
468339
327791
780793
341042
718166
33744
544298
179580
156360
609027
986268
782952
877796
800070
590180
824661
63506
989409
328020
67244
250150
433740
37234
721706
877935
817353
798936
280013
137300
974347
674244
384475
95220
719394
998465
177916
979742
610504
318217
910282
745855
26542
112073
996353
189453
634671
926146
529863
646036
331954
551419
560518
685369
566596
372324
981831
673027
424885
975423
929010
258219
252409
528346
560444
80337
327868
19586
625682
688426
834794
960137
252082
930446
846384
748304
170284
434927
187366
404746
150065
253657
394090
958036
238282
863414
445170
492310
921641
727688
173264
478452
283585
574116
223992
262715
87319
25015
922588
569993
65887
788626
817252
362064
417089
833194
553116
375247
564514
598172
173334
772972
190059
602921
772304
645884
210667
295276
575054
787577
429459
270330
644388
140895
683819
298803
582652
960337
785371
98244
539906
99479
895628
618510
805273
441390
924495
978408
572876
208890
782644
631022
42352
382640
642643
597549
492989
413941
901934
325253
205950
326729
484473
154958
902064
211619
782651
230353
931224
733039
742357
368308
254506
697984
960039
550928
393446
687214
706419
943659
175718
817709
292292
919711
47852
127396
442595
909802
763340
672966
52725
194018
610309
906277
992717
810118
445975
131662
427474
32554
569137
456332
940554
438191
394103
844942
955210
204798
414149
207909
767658
90268
222841
571234
408789
102457
125773
840461
904788
824409
338261
707801
211611
162360
86598
551599
129420
64957
789014
622803
643670
276867
935904
640212
693976
518055
44561
585226
611984
795868
922680
52136
163536
47956
666874
504186
423871
351622
993832
495240
51401
594624
70801
181706
756488
941578
51060
103517
730384
102472
647810
909558
829023
974791
400720
519346
281583
598134
442374
148180
564513
661061
768615
333448
482131
71126
97377
189714
105123
520197
732936
841815
152059
525085
5026
283350
865165
593908
534340
292033
944567
471053
354848
431389
579243
217689
37167
76410
480450
182400
537191
646632
72663
579430
128860
758052
360583
666859
417333
445227
251135
323632
315968
667980
806186
249064
520849
920963
620723
756937
15145
85158
256989
153561
448378
670776
214042
824096
643444
983524
485129
564169
266845
882800
717205
647100
498468
411103
867028
819519
638491
839042
418802
861099
348291
32929
710161
289133
928321
739829
611079
749980
627337
992411
129503
152734
164396
735868
407358
90284
636372
697363
607042
388322
689313
892565
167855
976659
622849
960313
921203
850644
147023
362523
949222
412741
819713
658324
145157
856272
716176
408165
932146
26072
324380
648349
417254
881000
642890
816547
261385
904512
292650
482563
53199
287690
701701
885103
533013
933923
744107
998721
988970
380541
500336
156132
461522
942894
802023
53548
673285
680757
157728
223943
102276
689490
155947
318590
839177
482517
62010
862959
810451
557282
702999
469908
414183
763294
554711
949682
608519
32022
791587
305641
936702
755622
721795
467149
436348
812283
45424
454764
495183
258082
831375
257016
377804
115827
944218
864313
826355
889644
461229
138627
155384
748043
429263
408188
8231
412640
959843
653155
959925
367194
516439
212619
749769
929764
424516
432809
559019
998860
72936
984755
407835
160598
724032
282289
411250
63374
62331
901388
644405
449126
179724
700216
935141
804754
736599
563735
265680
311983
511685
632824
727434
534284
813087
166268
871468
332248
425418
924892
222512
187780
242096
133582
391937
290563
469408
169048
890205
161395
932793
514063
745620
151875
587600
471738
297363
336709
640100
23666
661472
571061
388171
315366
637636
751620
870216
648842
956195
478285
254672
125466
980311
347538
766700
408550
87051
644321
340114
180424
928594
448009
752217
506585
535042
386859
836087
729914
497701
902054
359141
819664
977794
644496
598801
335670
75781
581416
22960
790071
76831
155125
749364
69417
997343
747227
96137
864800
525042
91980
466330
754660
199944
380109
609093
964199
128017
385346
964620
866108
7082
82784
850562
358915
86802
321683
438003
426511
499630
347609
386005
952352
668362
783226
348919
521638
931114
838244
77458
106847
397196
831447
117941
434669
504531
752973
446802
906096
501968
255451
706831
99737
597289
790669
558313
13143
623643
624298
663679
523720
455722
498522
575240
163275
757821
288195
562242
280143
437771
94228
541144
749583
979684
530671
980621
993362
977886
923811
943139
673944
918624
257863
676962
977329
968242
92104
626825
571740
368950
870591
430257
844476
348438
441433
313392
221467
611751
813433
206844
320570
768321
500139
810252
955247
213292
680525
243206
758550
292156
124457
914962
434415
202223
329364
6802
502980
991440
53413
583584
434880
456879
662881
805138
666705
140394
665432
196499
285896
615237
842184
46669
103482
402466
253563
471242
726201
60252
884757
288653
552582
163483
930299
880077
706978
363114
148136
433211
973512
262207
397835
191476
96527
423291
513196
944468
969530
612697
833694
739609
305940
61599
181770
716206
151908
130979
24092
75153
375457
921454
780442
603255
847778
526478
265446
968407
773071
356616
328355
551709
909409
363466
409689
867937
260714
727763
63904
703783
586951
966013
86931
289156
765884
12317
566623
308026
822875
809559
823649
657074
193415
713768
63623
643394
16637
453696
933907
369678
932948
944729
818192
2972
874754
131345
153956
8642
360251
948099
71015
526684
386284
780608
86246
861636
683257
314740
665361
596550
692271
900540
654634
870135
989509
954658
116601
591628
854309
7309
449791
164824
404415
58222
932460
31077
409170
590212
847006
213048
473406
675197
593069
828772
551639
794655
363277
410705
706613
388303
423403
837617
393950
279800
132032
128579
147793
8335
477583
754274
762021
148265
556475
317060
273934
583060
628812
199225
497082
795779
906790
165892
721849
536526
315604
798277
675729
979723
971743
874311
347816
11584
7618
687116
905940
707305
742560
517565
419330
403347
16116
667096
175132
237199
972934
281501
20450
555018
496038
440707
608450
354272
313604
288369
646493
202977
172198
62632
449396
479038
526454
237054
52054
502991
967151
194190
941147
366245
491665
885294
922046
446907
277568
372129
331342
651947
343417
444732
444557
814982
457091
100240
43568
339967
690736
544478
392712
234776
725170
643652
235093
390683
30691
323910
504535
193428
789812
104272
370441
355480
940772
175931
125064
74225
74127
176899
818076
62625
427893
191688
887047
192863
175307
918587
871317
976868
994301
633701
453772
228253
346513
174049
106858
340458
295858
502247
536628
535067
655776
102765
487115
843665
28521
719516
835155
36610
448535
71250
242210
720497
394922
913263
536341
885572
460809
702142
738722
821185
645377
342642
492019
984846
785865
868188
833573
497629
408774
516137
579489
673359
210123
189161
295886
923437
495430
961634
402805
94792
183864
222555
21799
434369
647881
554954
959248
375728
557829
962900
302974
22982
178327
349432
886548
944192
49230
916928
469325
567405
108152
771409
408583
865337
524899
909631
776936
294110
847040
799573
315342
237685
580298
639290
953081
889677
418875
87929
442644
273032
925754
160711
316219
221417
78571
765599
242514
954699
398843
758637
756390
738490
41364
87383
227444
426958
769944
612469
658691
602395
696032
745445
843602
676613
864775
891736
756193
571476
224073
860098
592
540239
543128
190077
616728
81989
498611
838847
641838
681545
933638
394239
720642
518552
534399
955195
119095
698339
384422
332612
14248
72497
848547
986628
641069
72636
672722
810798
147520
200676
450364
218698
546053
361778
931977
848672
128532
339129
966914
228458
835774
180587
125753
130324
469057
216619
634992
386031
152555
354567
33780
685911
990243
307461
795695
858323
947670
539311
967697
580041
650227
421478
694605
676174
827321
226180
318197
834825
152252
109601
974048
83913
970988
572952
232097
246404
489443
584559
81221
118238
292625
772786
269510
512957
357825
999787
752362
77813
716649
121278
922505
618827
419003
661719
498909
638902
609094
846891
761575
71523
372477
490302
602441
68835
49064
258911
341205
715748
980796
737906
707312
497261
510919
41402
612529
845219
530567
749461
381754
821206
361239
463651
477285
966930
348888
893677
102465
137790
661498
387296
755430
589879
415032
690731
657683
277472
410226
372401
874838
411313
714675
628703
806043
415126
996133
398091
138903
653764
297615
839552
569647
692898
988549
450900
75110
718660
544047
341265
944502
34694
488034
371194
544617
789433
658355
739326
610642
579975
212930
293304
499694
872239
928855
471097
893942
545088
763317
885078
231086
678516
474481
877371
928940
834964
611663
201359
380980
226548
639668
871075
803854
136513
276162
630245
118313
684380
521101
620799
597759
132931
38020
31163
484909
216733
789633
184254
295960
502168
464951
103491
852318
532824
427806
274579
786643
132854
321685
966286
84294
818303
125928
701050
24706
544145
30989
75404
953420
80187
915794
8468
710336
980592
727060
657926
592444
192700
416756
261803
932995
253396
542590
772675
896866
414913
845348
528331
561379
136896
480744
831743
382414
63094
352311
531555
751265
793596
656894
537346
81652
249186
52727
83904
625793
965000
472301
87058
63585
181925
456489
342149
995449
561521
918627
505734
244381
436895
292125
348352
522420
165196
968316
860088
343675
630027
61479
537411
563124
395094
534395
142907
844119
845953
160102
1188
941928
211194
981377
596536
832636
103724
313853
25418
123148
442049
82294
369285
624582
813049
475672
579569
499553
992856
598501
738479
605096
897476
54352
381427
940824
273413
875299
27818
878927
173114
51739
644795
298157
818113
680399
655505
292662
372683
922442
3058
834938
570815
235293
359979
322785
763844
378815
444202
784324
927707
562577
30130
846469
487892
252559
106206
756126
767426
177824
753176
476233
958749
745348
447008
889877
968190
605518
474880
737686
728878
272154
596289
475063
736373
666189
304489
977570
979852
426524
279894
374323
468286
264882
898196
934204
360725
173169
426400
572486
492928
301259
34479
663799
65746
585365
597524
141803
729097
813101
240563
327630
345150
246312
183295
970199
488667
114268
656918
128373
23637
785998
377066
685625
235833
965419
401762
617541
368781
904780
506403
477446
750933
823619
192740
737522
999274
930487
455870
88403
888807
108749
65400
599607
44191
464225
858009
887027
406813
114298
88698
670641
449144
827530
818843
987665
812954
378831
563813
852952
965007
521806
369083
563652
115654
167433
211520
484482
330106
851498
499480
452080
796420
679487
531370
527628
571796
465364
901046
533064
289441
352713
306874
572734
857315
513266
870756
468644
111782
158620
508053
2720
124308
954651
267158
572962
310679
209612
771738
557111
97921
640298
707289
943509
659880
735157
112743
108102
711638
796287
965563
261005
381290
454788
331720
238870
751841
333603
853314
783623
542323
868190
797263
786398
133162
186701
946815
473775
119500
283802
979383
392444
798626
391952
869256
290027
714708
444636
118291
33120
439355
505829
373792
664520
73122
707080
458405
539458
505662
594266
124520
948902
627510
301072
919608
681771
721089
817933
442058
773045
926083
793068
668538
169387
147407
276858
920963
482182
3031
572856
255616
658900
375614
828936
549212
622155
390025
534993
846863
687302
136023
999450
929989
275491
239693
333473
638505
98677
25472
884574
493874
110957
621004
519867
166015
514147
198721
985002
633972
141988
591530
484974
352908
308094
239092
581649
333171
132983
205442
541226
624387
89333
620574
951546
797109
839805
22678
661755
636117
403415
982478
256445
404817
404685
441336
623642
569451
574428
970324
26699
21383
242556
316830
724277
864626
735177
918806
347508
387344
187418
446224
371550
849382
714926
540582
871838
525239
142871
471932
328692
37344
859551
834943
797551
196723
902589
413075
94933
836583
614867
687717
321871
995598
770534
392012
472099
352857
241571
657354
716697
831913
7854
596217
951178
990001
23666
656728
202918
846280
508707
315822
837137
370429
964737
44658
194504
833626
616894
958232
958364
228435
790621
19611
566414
259446
327232
698451
870325
688378
981002
704292
372853
515537
946268
906666
368514
531034
74322
211713
809486
837309
541904
652955
63503
123638
373481
827297
534436
168121
665308
621818
866251
486836
504883
39056
84928
279151
145952
73249
998229
995352
649033
101216
775025
978067
296606
385455
166799
41633
617165
924310
878297
124330
384877
326059
698074
904028
727728
770152
465602
375995
901666
493273
525047
227300
751510
56786
688981
958742
876024
537483
721431
209407
650011
704389
562330
197854
990988
314328
431016
457715
605178
638267
620733
954831
808184
138462
760957
365313
795461
420954
593038
117470
695567
195173
526100
845878
926281
705759
342984
677459
286665
889149
533009
31497
468407
435327
502080
823649
952935
291745
443863
64492
429484
375040
591269
803557
649806
186940
591905
249149
910255
952726
723034
807309
400784
846252
469479
995985
977143
736982
606824
185626
267706
762181
513471
375292
418994
323197
216896
939524
795253
276509
318353
691075
142447
621885
490801
992599
958934
110641
179093
477039
639493
937523
157679
381091
714910
525443
615291
932611
542180
668466
613838
422621
141624
491693
272011
593804
929095
938439
381567
826776
804128
253255
32831
539966
181484
304771
671431
813057
263056
336051
781143
645454
946021
464113
540312
379113
426639
281693
986015
946406
19527
538133
534634
777195
367191
661524
456535
464976
890839
5782
332272
624898
201557
87604
335046
467428
88106
174103
936939
76854
697729
444957
463631
289807
154007
934946
189156
166109
614075
750486
805147
766725
600712
455043
133669
600435
428534
954010
681654
945410
759287
451718
990166
801556
221093
75566
887177
697454
694358
299615
713040
929425
81841
918597
490972
68024
292246
195228
16192
102493
930786
449621
387377
374112
186440
187593
692411
499699
972776
987076
998884
636601
501569
33762
628752
792789
155770
420915
330058
725923
568761
942638
830504
885473
212936
789773
530294
39273
355445
729459
796235
691400
864428
125653
706365
349043
220120
106282
627775
830747
946721
951864
399931
822471
832867
429015
75590
338647
444376
387130
771833
564545
160504
401829
771862
790181
392216
854122
525261
588423
184174
530407
525432
163987
544102
60294
811360
337333
743354
769947
647137
487593
595436
251176
424013
387325
11769
81832
105456
981219
369151
75199
453177
39198
750649
36902
446913
524017
959971
453767
529550
224472
7965
605776
913862
315485
668821
828479
439683
634283
75108
481286
452564
868331
570091
765732
646802
61941
241757
852037
763924
529400
515930
721544
257180
540054
968991
528330
338002
366550
303931
888119
370283
776765
51345
515334
942122
874704
4568
849908
232590
956316
679716
935164
817337
831810
833182
13498
295723
953152
967828
962828
978463
176666
705974
404707
785135
40720
122944
622888
783787
889831
177420
127641
111537
242071
979316
468236
601884
634728
641087
259225
913711
991008
19258
243848
716337
217239
60534
293083
78914
671972
614597
625535
321951
563466
793386
902290
379725
371333
107518
244067
177297
288562
880072
143830
204398
806206
22902
231255
251076
30355
512083
887459
416650
624352
844951
687267
983696
528669
709683
701261
938995
661597
815608
427195
954329
477886
480006
775398
729711
301888
80756
100966
96461
207481
781139
458004
709194
163846
884654
941030
748750
66616
395288
736064
53340
379602
421391
95560
30052
170647
800491
667581
171473
775123
181136
286292
199197
501617
191050
231040
366778
59138
180347
611933
69315
526742
520443
586592
111873
706899
590342
122433
982911
517257
982273
923090
43516
44015
357514
949055
638768
346943
337863
601860
575350
504323
672615
497027
563022
889512
605068
519507
800092
479817
987559
828204
306474
738315
467926
168386
743079
641551
92284
835136
548035
422016
24322
227700
174935
408206
187419
8609
635644
798081
834838
513243
904166
303777
791342
619492
427303
693733
38398
317480
470301
839963
692552
911533
628455
23991
936750
816470
566
960363
99551
855485
195570
384938
454178
245085
805143
530452
674209
162739
593182
857181
542543
864070
810827
409568
757150
79748
376109
729325
56656
421099
224111
195187
723419
693538
511428
926658
24595
916600
596115
674626
749398
854627
485076
553149
266757
999971
448694
805221
848563
737538
11711
940397
13883
221255
82630
284577
708066
409899
333150
795897
410425
25866
713136
151815
957347
666773
389775
110211
405704
6801
83418
9010
488637
417174
726602
621361
517419
553675
250924
925782
40655
889673
656129
373016
752268
962374
853185
139194
860031
153754
421490
333505
163258
975149
127388
938854
269221
46718
412736
470694
712778
356414
329956
119676
551057
27501
238308
842823
344691
403040
671498
753223
526755
778791
748823
77960
590199
36870
823015
811588
549262
370651
671407
997579
817375
190874
775382
725799
361318
600373
37670
528987
330963
570732
216621
687815
96356
8534
865379
299715
496903
839909
716998
351949
777381
932093
344233
259041
546814
131482
608804
155426
985052
180853
298183
57735
290885
172408
797755
924623
205310
664906
842384
517036
378175
832694
152936
874476
56743
932796
276764
146953
367026
31906
182972
822897
830116
322873
552916
485819
463695
159753
959989
293334
772570
57396
199023
955770
479819
195975
640182
883707
430957
487654
386831
730088
194859
744052
94812
805088
808593
820446
579235
917599
197567
526507
16082
499465
224489
388923
393599
578549
655082
899955
464450
327712
768398
246387
893480
633712
249163
983834
852171
520988
299528
572927
488674
891919
219026
231831
533595
50005
883831
146461
753985
110817
83231
902825
582733
486876
473220
668770
526745
578468
302293
853834
160367
42118
943921
283990
594949
625920
349637
553860
906200
246915
978639
813834
908178
256136
902528
818504
913218
123771
125502
895035
50134
907517
317496
84974
606481
606768
910055
456424
304139
771829
995659
467508
164191
414662
857257
297747
731323
288385
843520
672640
75828
93259
943151
528388
681917
980870
829553
742238
84063
210706
927363
179458
346420
317757
995150
123249
591542
898632
176578
118315
210595
378022
828445
804348
143107
899112
262831
591823
343612
359182
237833
577679
874580
332303
815762
721571
78786
106291
467805
789832
781302
558906
68055
782162
96729
198605
512280
403423
912085
610867
159082
796473
617046
645151
611104
490433
995443
378752
148204
192158
249978
677761
459129
622406
762155
58195
895145
343969
37375
744814
749215
853657
580868
46128
184970
442084
633969
312931
345864
940550
974221
314709
922589
296228
474360
145275
459926
637172
774248
53506
420946
992418
715065
234153
776926
598684
362340
733972
383772
612767
880418
710740
503056
814872
693027
15426
331724
104098
18699
122831
9360
626066
258710
811659
438516
198330
693163
880814
632566
729390
461077
383417
627062
686190
945205
445203
164597
685490
232452
942764
902239
725811
422291
824044
872756
356582
27901
146803
888820
658375
780543
704283
134382
481357
99448
572528
769415
730069
205055
110164
449699
174035
819881
300612
518342
236265
937607
5038
446520
95711
297413
33778
901972
538814
575874
192259
737786
646186
159927
105527
843103
258782
295624
606216
387988
668108
126192
249391
716301
947604
270019
993965
387590
899638
237457
323901
437829
610584
183435
298873
546144
457767
371749
271392
327183
602268
516185
956388
578503
408604
714862
73315
531424
727965
995391
703302
407183
464654
915006
307994
538655
122307
197272
307309
235917
533325
394515
896472
933421
687744
349412
160619
198687
42045
555218
495048
477710
435086
315293
535679
805356
911082
462279
228043
764587
476358
792831
455809
989095
143865
470730
539170
56312
233659
637468
374089
708977
417867
169370
659902
257902
107090
513850
980235
72180
928892
311333
607572
18609
229865
629045
885762
349643
496004
5932
289654
888744
130600
747396
138294
270298
298113
553918
926640
378348
441802
255174
527766
637418
649434
739085
780935
294687
753776
11972
664878
19387
889833
544344
649480
181603
843479
314117
163826
415459
456176
33494
305473
9705
412964
360734
219161
31022
17069
453953
135937
560250
464363
550556
92008
123511
359916
476203
859205
129128
490580
761059
876772
281961
821648
844619
994226
6642
328094
96414
474735
366084
121710
864858
260760
662674
784916
133803
97449
237833
443851
80917
435271
220720
387022
961686
741212
768633
399652
732938
882425
701410
911332
631266
407994
229293
923729
206815
864805
436119
457492
272920
320871
121167
557320
560504
741478
419803
