235349
673120
291790
666705
24719
495422
590604
437451
61418
359355
78055
756566
397984
169008
120547
170375
949624
697693
582756
311295
429094
395125
678666
65850
332008
956845
367959
649792
685358
649746
137221
824119
210774
951034
172637
323467
461662
909469
986891
837058
156773
612877
987116
498321
212607
411379
950293
294539
989358
331831
797346
74670
720693
946233
754498
14589
176216
972485
982911
840787
224328
32178
878812
367677
976957
3491
987960
727135
54283
688437
990401
430838
1675
614247
238781
732324
228151
545966
934766
189124
640883
534317
80983
570187
135210
475438
485452
416897
981772
665319
249365
490880
189592
42545
505254
75326
267735
643607
235757
453785
812626
822201
513258
662420
278552
144188
542350
74523
249501
620632
911689
58347
976965
477610
15782
207848
693871
597946
41969
961253
538929
925913
379266
873169
209866
3083
730936
595149
300825
168807
975666
158016
845251
177501
592084
71377
171803
50592
967180
791767
933433
955953
283134
790064
183841
310766
107521
71979
242182
778452
471795
829015
373661
811304
893936
281830
851487
389595
937474
741749
117102
338162
437421
283310
582895
548135
575709
247421
197218
85317
675988
120833
322632
69430
221931
914595
185487
268631
242103
825141
695309
950379
556789
623808
555859
298980
958234
201545
463749
442228
696828
373065
291048
239811
273739
400238
127128
417329
214220
762579
918087
734173
940037
228957
2559
781242
114112
862349
261437
146224
944912
660469
948783
331423
150638
345932
23311
879058
431067
233427
203685
258983
349205
27285
834014
268086
633804
801051
449813
941895
659458
150262
526839
744784
43541
137415
816030
53242
79592
21770
693521
378048
590422
917287
883643
916030
805296
54064
549145
354021
431780
646288
849890
149309
876931
25263
804738
723350
555790
418908
251151
337561
524411
376843
736527
170330
540470
56156
642377
345184
612526
222890
958611
809703
13233
176394
356266
901489
263358
701067
820024
765937
702076
637293
975444
753728
449214
266453
618373
316696
510272
924727
314579
992219
513329
514577
897513
694625
114737
212138
618994
529584
371491
138238
688758
736577
51207
980675
986102
921530
297402
123238
176862
688806
404110
515193
70610
927169
590818
552061
494492
695962
618878
10209
649532
98654
729824
688437
35013
884280
552341
509182
809270
596376
717893
920267
489804
825872
812038
734653
726977
479577
718140
235605
19648
848011
432063
940756
614651
173896
906518
729035
232846
809472
943421
403407
420998
826812
344445
635074
331525
154703
742868
238870
65076
8635
522349
54703
787414
917822
701846
752184
494241
583168
495408
59676
413672
186082
310116
664136
690572
802011
697999
427777
760926
175044
418896
493684
504137
604168
752483
950785
931029
519348
830467
832934
907128
655942
358080
524019
428588
847938
185167
171870
309700
780974
220027
10706
47684
897675
396354
822402
61004
132518
580961
662935
870557
817028
81814
348879
959877
262801
153195
731922
354036
684087
321155
564033
208367
263174
968646
880911
51116
787613
853644
392545
798625
489296
136701
382774
631595
359478
880217
773032
929940
477903
558565
549399
85973
329609
35916
167001
54362
601547
675327
739825
990436
459851
325448
966708
323977
985140
400530
884964
766371
528156
119956
861022
103334
344691
954154
142877
501449
842845
232032
435325
148147
730049
810864
493834
282455
615212
52224
222053
442140
815646
974335
400744
530441
489924
777930
991882
567527
820958
20625
439864
911848
461114
871376
864602
142055
597384
698211
874435
708315
937719
25811
970034
127627
905811
637805
736098
353856
16351
72079
462790
792258
97898
136298
833657
845797
556691
147168
879032
498142
422854
139198
454517
591945
906930
544039
613865
37703
333747
84006
482613
371841
25847
287461
172191
32413
187300
908605
935514
326700
90949
517502
722506
469495
551062
734806
388195
889380
789084
386901
977913
11770
722701
158678
357960
895585
514715
972883
304940
475237
651682
496548
851207
675064
819509
858904
94734
884156
8263
661395
909599
967650
321907
131310
83015
711327
760795
590512
419398
990209
405049
859062
924624
756564
826948
620285
358083
406449
333565
352839
361478
947239
879700
886354
610290
440255
403459
585894
633497
202455
572824
6769
43957
204470
219903
371383
444843
60471
792039
422371
559532
185671
805769
157111
941495
178320
844878
432783
596520
130314
355880
604861
789716
332864
986562
397350
576371
119590
755138
266596
157394
419544
673721
709982
505132
306245
902620
789450
783139
222331
181695
646953
543047
839490
708655
680274
467786
947981
651725
885761
589677
720744
804624
580384
135220
372806
786037
139119
424334
232610
689967
735500
83662
97045
329851
192555
789489
391043
414281
781659
688065
708147
415465
811862
352390
684643
122679
495827
458274
444797
300165
634216
168309
355730
274686
577742
212597
202981
546684
620722
63151
130738
131950
984027
346448
831712
254174
457608
691490
9557
998257
79074
594105
186981
147557
205845
827582
588464
811397
97918
726161
729758
319576
903819
844083
22417
821875
861492
859047
329948
175028
238605
274233
215044
124403
381170
134822
23546
646308
541929
204310
640873
103677
726201
827911
351678
94188
537882
992641
21837
17953
639895
295567
677771
706157
465759
280508
390874
343833
728573
937761
423176
721752
26348
401964
374420
881005
371443
92322
53633
73560
168665
224933
339703
832037
477816
201515
50521
31060
719440
679716
709018
294914
920860
71035
24900
324474
647024
597811
613251
239461
643259
747784
671826
106895
527233
541493
890966
892556
525778
25676
142348
709348
804158
179920
865320
562129
898146
401739
723114
690402
265119
175151
970997
806872
263746
705287
990643
221047
241510
273158
139977
52994
388215
212052
576192
502311
588718
991675
496159
491916
658938
167869
583872
433810
110143
36134
476186
83426
472832
366650
172701
244104
44251
874559
347624
56790
192103
742378
703177
829157
994089
252162
861582
52184
262388
441392
53044
723470
940408
567466
624624
395591
203023
289490
974829
360161
329718
2975
660373
947214
112827
501589
716545
616558
238473
763528
459209
816525
99214
307065
636520
140549
466087
426296
392092
278627
311575
5187
321684
254431
683790
244879
274059
426149
104346
796188
775441
66802
242887
53054
492775
996270
23025
90675
51600
205348
387616
596530
112108
785971
354956
817773
809662
411673
55358
73790
994792
122616
388830
712401
419736
861487
432238
500821
442024
705663
811506
790446
153228
362136
99668
662123
910877
345091
334821
364677
352299
144553
493527
799127
698167
534339
731638
439033
714946
853075
663683
202014
115594
398236
142001
77474
94196
210329
96942
625663
30595
367287
125913
68238
849498
704891
819997
985021
547509
720723
648985
890351
603816
493772
915995
503161
317900
174986
184602
833422
390893
434667
564757
618580
58021
12672
391561
166444
819452
121334
93853
849470
948170
602502
376845
126109
791853
527586
584279
693966
952077
199476
355550
442547
588895
523883
237075
894027
777959
306451
227004
376925
819374
156008
632820
449717
743370
313821
467728
983969
983151
644477
243133
67160
346609
730583
540159
237372
959157
883528
921273
997930
685877
348620
560256
747947
716070
87242
363416
94163
588071
554703
678063
276063
415492
795886
609376
127696
606531
170483
69021
688625
586426
216036
550810
890796
230303
265750
212504
262627
194885
763837
916389
414537
610173
655725
772081
645426
242783
220927
609741
621310
472150
46479
197541
681154
295682
154714
15906
991584
240466
79269
761026
129392
9571
463610
768252
840500
999135
962401
600274
885178
864147
135457
605575
430437
387133
810924
688151
78922
374439
775188
569512
880457
613869
87180
584252
889937
620185
543729
413981
148946
432210
977343
141580
734285
402093
769536
28322
884546
918967
357363
221718
57724
833502
622104
724014
423058
823945
873917
557956
67698
603143
769639
156253
783889
317902
589047
198965
887611
807422
257191
385206
439027
842085
987183
652299
565650
379869
424316
395682
183141
384610
154974
442029
801158
475071
491134
705756
936492
384533
275202
539742
965021
273970
657829
505124
996551
69939
750685
816114
129692
210143
991516
895651
925066
782595
627878
70375
950765
171719
464697
710337
562975
143650
676654
117780
986270
893408
32655
327374
64357
599386
304139
150414
312519
922525
151467
711950
144115
571484
561730
182235
793126
155213
225291
876417
448666
218559
704079
724563
790579
154320
568131
578549
62059
805408
292694
233658
419205
213636
772642
776565
260927
749554
22498
340464
644500
493432
561009
114319
148256
788005
622765
363145
191690
501733
398399
903906
148557
462331
840440
954101
392425
204981
910178
962920
394917
395564
638972
104427
50384
969589
443435
661696
874587
805296
760598
863987
261341
530545
800211
208433
137841
938030
192282
210128
454015
595564
392313
329415
118657
214328
813792
792470
356938
34938
878998
409656
711221
499300
524793
372032
722068
836401
144889
219089
742113
846093
967317
517202
653411
496641
798582
964092
706756
713535
938471
55655
450259
312492
909819
928436
637545
389450
873874
881858
737900
554909
748600
726715
527990
906142
647665
963734
288919
865266
529318
427024
972294
214411
167820
170915
854447
409175
96133
244042
295422
384477
413098
427556
229667
304796
370581
281461
722851
276819
640969
715338
50132
474936
940298
126661
122628
569776
972481
843296
64551
823764
132605
605933
910117
865355
665496
344509
170287
119450
86692
730415
655072
30563
946647
391400
913853
577025
933504
296415
818621
789806
638440
498847
933708
991314
16319
705610
68330
524742
891263
886466
220431
218093
556797
837040
335850
43177
629964
643377
849702
276043
936396
219851
975718
715134
764478
302889
492124
516593
320677
419672
282187
462875
113135
758357
719505
461214
176931
146317
955741
182337
197109
947279
545689
949792
879436
135120
337778
698718
805423
609822
816299
140971
572246
13642
722633
74897
76510
995710
70450
496806
293740
497226
71631
705282
607891
922032
883686
393120
371903
46169
430809
675241
863632
937932
789255
588950
793815
501728
16324
941137
134365
704064
740300
685233
199473
408315
214063
408301
617564
791996
22753
4819
413605
124228
29078
117078
807071
890259
210808
116899
945277
99512
297452
64814
440901
877217
628517
27970
702346
308100
320881
883376
469588
760080
246031
392868
26823
996021
700473
438511
798903
925484
178881
648401
511121
337505
740953
892877
11170
293157
842390
595277
878644
99400
415110
993820
143678
166934
641058
715799
845723
688740
857498
436092
954941
455797
512974
115552
683818
664634
275478
911975
551724
268970
274143
973844
248730
897077
190264
609275
599344
988310
694953
36772
744253
659288
203253
361945
64045
429398
665766
288961
723244
534985
425751
171103
760814
393054
47331
634976
187773
224995
429764
41919
805376
657334
538986
5996
556287
376594
63306
627380
400933
434837
259592
932025
28169
949981
381312
493187
835074
765333
89732
979225
824028
324105
215805
319434
752744
886493
541911
562956
148637
867307
670368
232660
84504
479711
570385
683800
858875
381550
30906
481030
181586
790152
261380
472046
192915
589293
617572
223739
412161
7431
139265
210480
945488
517119
619761
267058
429688
977135
621230
411383
343582
218753
780167
766958
535038
372550
462659
985814
822512
515015
682921
412982
706096
46299
805148
866950
14668
404204
657
61152
478607
558316
120063
17072
629291
99106
264285
572080
991108
980436
631525
131076
884191
757957
830483
647767
849026
368400
28987
484007
701667
722140
829015
385821
600645
99298
895977
507033
330260
287917
74096
930270
74182
607946
803359
725911
464105
601701
582733
23521
392136
590299
78774
602229
507637
528450
672102
571433
270766
811714
25040
448412
627611
709417
978600
595392
236730
597053
612599
701989
811497
936187
481018
448346
648717
601589
606342
391708
542990
413708
315146
924137
152205
913053
269577
31398
375894
731220
793139
270890
845526
428716
918029
579772
892513
508712
729357
834829
694755
461558
31845
492869
264662
970556
67989
811595
759742
895744
529359
349038
304193
636715
64190
592914
774914
260853
221283
140897
571397
878524
447650
348432
564169
174522
107498
718802
155508
780695
644939
679921
656937
958241
674112
521058
801856
447816
664990
337420
108348
322457
634511
833357
624153
574230
906368
226105
909728
81702
526119
604618
655912
292519
596397
298284
842470
221049
881294
922314
633255
207459
606873
63031
391418
754430
45670
707209
794561
903
741761
914624
123356
569036
923328
58035
202763
575627
961866
72329
536070
986868
34911
438114
558792
999191
639705
61288
107502
22038
946455
157188
172416
510480
758840
295813
302237
964858
58989
391104
443115
460598
870164
830327
780213
356222
946619
292921
931919
571582
662584
358048
946561
792336
877736
853092
624505
60988
882530
520388
971269
541288
996071
591661
13942
141476
64623
634720
352330
334949
471156
561644
22749
6944
976623
859213
312773
814073
788699
939939
937439
457118
373840
354276
603279
17929
586118
481188
941342
817950
275191
461831
706868
123300
451766
203402
48472
919832
642626
446016
448800
929865
415100
28530
925514
596664
70127
195146
712257
9149
962580
377628
977117
454336
194416
242157
156553
516481
478160
30566
203731
72592
967224
465651
482328
596286
672356
470141
401956
337263
513742
403988
456543
901748
690582
854684
602396
738412
672730
186825
373489
13733
720507
877829
76087
415152
800263
872537
496827
620539
893924
927414
533535
221399
368538
177551
571712
808300
856712
732484
942726
425905
15013
79266
768871
224869
744556
628335
254144
367123
836123
500038
842257
21347
922699
795584
308629
567814
784859
839779
622901
264084
672359
12073
615568
649412
791375
73717
273406
540021
745741
323323
822447
469659
903272
268793
112472
613960
724452
161429
918919
789065
580749
89108
997561
384679
600386
488881
641525
2321
979048
58467
757434
486465
497961
722721
833947
43861
844851
108869
172351
153460
25097
877901
507337
658616
190104
369084
575894
145299
636874
717735
679828
621511
178770
518259
873637
229606
393825
745538
235182
458875
907937
690237
896767
125177
224047
298545
572385
841270
322555
303601
639600
927357
876312
742424
369169
55420
671357
46991
780186
559682
584871
144025
976361
725806
2260
278370
345441
186217
89728
327827
754457
659104
543968
548542
808804
484613
941153
611999
792604
311142
431363
857099
498142
864850
374842
171335
118931
133031
261916
588319
416032
278500
619450
521986
464475
229336
802285
43409
245829
117200
111509
52443
6160
959428
227124
728114
550778
525193
311373
281707
717848
616108
318608
128872
992511
829131
333930
266895
621776
113502
813585
605829
682789
321968
615053
378871
57060
999828
588440
756821
602844
891676
717642
578944
995110
698243
815739
47369
799018
399783
474730
294612
27984
356862
898081
662677
176899
349182
156761
782175
836007
86732
328558
842365
911629
928883
967126
752113
632771
339001
153650
94230
118375
223548
831382
220644
691032
983613
496145
890137
553979
180034
510203
346708
465119
185156
681879
711415
385083
490214
764907
470147
109095
979725
458355
173423
259809
771375
615740
862247
689831
129846
787524
393136
173688
390883
360701
158893
184992
502894
633055
657361
451781
939754
221302
786450
107769
640922
118016
11081
921095
452138
573195
384238
916134
302234
995451
52615
493847
720322
524183
639269
940018
484713
348337
466457
882438
62941
123960
115829
551711
263480
955439
930490
127503
360205
648298
117481
243710
551909
807484
427720
647710
344114
102120
76507
923056
405982
335918
716176
431331
579309
782064
855154
692064
69791
750395
663552
672240
475744
270808
832712
166319
46011
622158
247561
564777
478305
689359
822111
163030
373449
994942
490142
221106
433001
857650
116069
145060
422474
643619
69423
343093
124137
391628
154178
802933
842705
380092
6141
294241
190510
772887
488690
791323
799697
405901
266722
551116
269472
488869
25935
320624
964896
33933
654612
555772
823480
153454
312421
648723
385308
722636
878798
523399
929429
940105
482897
822438
534891
31223
233966
706256
397268
313537
514772
366106
544493
342060
19036
69436
876185
933105
374244
468161
905700
94303
213089
137134
364049
611418
895553
933326
390056
263683
936494
344217
323326
766449
601320
760379
832461
607506
58570
511379
46877
992726
877862
472967
406
876570
326564
35145
881171
290061
82305
857039
912725
582292
261248
852928
43865
459241
195125
194640
479107
924768
408364
785218
196031
739262
268093
394076
150009
621935
947841
152456
506032
65708
360119
136766
484671
526783
960797
256421
901799
564446
855225
26289
562151
277860
983590
564474
915808
614169
50817
798459
872366
957276
794337
315193
331438
973998
243337
877632
116417
227522
106125
984098
137756
307397
634658
955218
578143
986469
187378
932477
830182
109200
137384
732029
986446
701254
124265
204015
495264
328209
296540
920817
662645
947577
678751
789972
471776
148612
275155
754434
778942
575709
45601
814004
794924
736737
454327
865042
246230
214518
577786
253596
276981
777407
485333
190527
263705
131751
707355
778583
717202
277354
544653
196306
716044
811921
377994
562537
528718
327914
63498
79163
770945
577215
634553
431663
677541
217243
156290
928286
232829
432677
401584
137523
348184
99785
837044
464123
842017
41949
726976
710288
993873
277366
289452
437714
408047
914089
185302
642396
92667
774593
800017
45459
944592
851315
239674
354299
580087
994355
678076
159557
395920
686073
385433
288221
813415
926971
143534
535019
795973
798469
90133
613161
838671
170079
230067
43475
325850
120479
391054
459479
821007
726480
875342
407934
330359
690070
555016
323105
560536
654615
925619
338654
130238
252506
450585
964970
541368
228986
298499
77705
738760
387772
280221
772414
641539
763114
221773
367003
752721
134623
584669
891991
636555
429088
765610
15698
932987
579499
330
450564
141838
370791
251384
446443
415456
831434
265988
758013
926343
390989
929320
701598
908379
853983
254471
380439
454345
603420
751873
918662
765499
468768
358863
774122
732794
549870
74246
988585
989238
454729
402040
44938
29656
924050
357273
152262
148942
760584
645378
74070
390090
234425
209849
251655
611290
451339
386725
10946
708677
41319
301334
174412
430232
154958
387332
427678
92037
813212
137626
540327
62280
801279
182925
420524
744275
893517
260067
188107
551615
602039
245608
34356
136202
901231
555668
498412
574039
910025
816509
902176
218603
280084
409883
922161
666738
818672
771480
957015
518428
122714
453948
522067
657449
76643
104765
432456
774477
199453
371321
850772
961593
212610
972479
605321
895299
391984
557012
14306
620231
118588
37100
845654
158371
133013
3334
152289
433668
905422
132954
767461
54696
846769
499486
353213
185100
81307
257327
13774
27709
127850
939547
733177
156840
884901
647002
291952
863484
65337
202230
765202
265219
808934
514694
802916
45680
460388
839283
992914
552807
528298
966662
447809
610297
12118
19654
69947
224655
64288
741831
394400
313734
978940
622280
449556
124016
764744
864075
679588
379910
177217
139504
552867
949586
435831
409043
408345
542251
891932
319189
266957
729326
336544
262274
231085
765815
86301
676877
9202
194320
259598
312462
54652
914736
461548
775182
41163
596151
274593
702895
441604
231975
171580
249748
235158
45206
328433
901695
856163
426930
491005
446515
271381
891655
115528
285406
562067
524861
575610
205577
396504
286996
176954
607866
877701
384739
472286
984462
374268
631223
624449
455749
382387
297671
631826
193995
47993
451347
238266
831382
242503
840560
527586
880851
739573
100860
455333
205805
185297
207904
573243
157739
921877
658427
319262
572081
275185
130071
298792
187362
617963
878052
367343
960433
771395
900328
594815
5797
604195
108799
702786
400760
501693
58010
994956
587293
651431
400476
314746
913015
486881
762118
407558
405494
42800
532145
656217
614862
29844
743097
9008
243920
765070
492921
168996
937293
748115
539429
643450
957537
166123
278322
596738
634069
116252
551457
243859
873482
587774
271194
247636
958628
380778
418371
254972
814534
646597
135078
859203
710716
982054
373945
338605
26662
969188
527342
841118
368542
800121
946295
949128
588918
957357
985800
83672
829214
93863
551861
986503
486120
156057
83753
607202
84854
299386
184715
351305
585701
167922
343575
958788
833240
441227
205509
763619
55756
632588
259980
867832
878766
218587
128784
914229
310174
689798
645793
899437
81832
992434
759434
814077
7813
330819
555680
499478
810240
989617
149947
955876
243483
265138
637562
123946
232736
636560
305498
289287
652663
923153
540047
162867
424900
843575
653113
374144
172331
703563
91133
613205
375135
138423
404586
735104
283981
856541
302590
876027
112718
565862
779044
744146
328671
358655
123875
262953
449132
121288
155634
45797
473042
660749
383377
141878
565996
803367
682823
187511
363026
618642
776874
754839
889252
942570
731336
365754
172899
837885
353807
860260
288251
229627
961821
368434
801604
359684
19824
279805
24492
809857
183406
519342
492581
569293
358976
346529
436009
435794
778890
915271
27092
1040
459931
232259
2344
772732
186705
633367
162727
897873
52152
731613
632751
320694
755826
675959
627482
691390
926283
61076
4040
790425
873290
104489
217762
995501
308965
350367
767229
983072
902277
554868
376775
787706
406278
604453
927461
562712
299851
551460
762286
889510
791220
6875
349678
60187
8713
747276
929818
661527
819754
837795
311705
834266
704422
477501
595101
268489
897178
565455
615791
209432
17024
813020
550184
41812
497733
322824
498000
615075
484647
270709
385547
37432
62945
549992
113217
316084
72399
990833
454906
454355
152228
590477
3271
213751
339410
189096
421397
863451
995464
485204
84911
906868
139304
404261
370803
724229
131586
641750
923223
700148
790203
51274
872232
195651
179127
238537
415290
280610
903030
486503
846612
745074
512228
732413
993096
759437
658764
895232
485493
73571
376050
396106
469737
306920
278045
764098
814573
811028
216636
877091
600568
289011
731835
405247
639900
693521
345821
106344
65866
132397
696000
352476
942082
397061
499867
686348
551493
767513
467039
240804
237793
868289
982887
146345
156515
543764
690035
91549
342260
43593
482860
22040
891975
599193
984827
123894
588056
128535
393672
176915
589620
917842
778226
846056
799321
723040
307600
62407
780204
98140
227161
954379
253021
696940
604463
178089
744736
177497
690833
192685
97925
193672
857092
83097
917099
55324
249425
510936
802737
441530
517308
477092
46031
344966
314623
552492
138567
53445
385939
647118
165605
500777
615468
433068
923956
446943
982522
556485
831089
744854
339018
679340
721927
131466
34518
300177
764657
901833
31001
776340
858848
648274
845894
335472
802612
396618
828179
505095
963953
362463
29908
426683
964144
534882
456249
200587
980615
761718
797015
520495
49295
263325
731138
576309
326126
807737
6454
722061
984025
370967
109447
718577
132517
69752
258396
427153
544157
29849
39151
233985
187189
23115
225276
157974
253939
754572
760824
433230
201640
265167
770265
984087
968417
10031
815330
397797
446211
111531
822023
425829
260077
311362
216338
737823
774089
52400
328600
949887
982296
539628
784287
128692
186688
939558
767146
620315
259646
604588
320624
342179
953395
421475
814602
876572
291739
944492
588245
747413
237105
335328
647623
375563
368781
854701
957423
137287
453669
560084
833729
149368
139994
630405
89896
29858
103808
874862
829780
995921
421223
478849
64347
539114
649810
802416
186245
837763
635647
831215
501194
480670
201120
318229
702763
575791
464894
972732
567553
465284
213228
341017
93462
649494
58549
283064
253036
699560
240760
39804
291365
66106
879214
75141
987098
558855
491907
694210
877790
853160
447261
511481
536960
691914
327991
813219
496845
151414
69914
757922
835511
933202
184055
469230
167534
353897
877576
831884
449414
248606
255112
849234
113972
560969
525225
511051
99606
550312
248857
128562
483171
528801
748815
826491
380536
592678
836416
273730
659946
897903
574081
628818
953189
650367
199040
188514
808532
952265
22560
734829
574557
94646
820037
357891
14287
422332
246850
797976
448762
570985
996975
379783
512595
619626
197335
116645
827675
815515
575843
964017
898433
414422
322970
652795
636179
222382
606022
364942
265681
630993
609338
978630
296494
949511
206680
389601
520972
88479
105066
565262
400359
780305
545940
783529
249821
209364
109091
200014
282761
18554
905276
698624
32888
380950
795811
472956
101819
302858
529922
112381
392261
982615
884355
777103
890334
858185
601801
253702
84345
453541
642858
267957
10367
420967
998057
762824
122131
622880
123549
912148
189300
230106
136820
26893
881899
164385
190
169338
929747
806555
384995
623918
173586
673043
673623
782991
150310
516394
453753
242441
786123
503706
656454
594541
393411
10245
44727
650398
685359
690102
266406
465763
739663
885863
949060
847678
675032
968966
926685
213880
290279
564300
367206
291939
393031
489113
2510
349321
910955
860429
97332
823742
765447
740444
653817
346726
785198
968057
58787
302010
231431
975333
185619
458731
103456
626713
627858
164151
491701
217688
851178
933748
93858
16383
983169
397540
136296
309711
898181
562014
891300
693952
37210
448289
598215
886125
452600
82323
594351
975808
768932
559027
302908
473005
669761
72751
471457
664543
441204
82532
993464
63956
91451
671857
44656
595559
221162
705691
338685
298737
888895
416496
17364
873871
958978
457251
490897
724534
666464
211515
883694
673015
61966
849726
42606
865744
733692
100872
89535
18750
191432
807258
759990
704038
148464
6348
773105
135335
895604
341646
92676
251857
845244
87248
751547
73595
772196
508174
665669
350964
99140
839758
875165
65626
924868
491454
689019
541454
544490
870923
118400
93803
917768
576927
105585
815379
481278
740866
832958
119785
297719
788661
992542
320403
461616
444252
241255
131124
736034
727617
840353
538092
280888
438488
700910
343147
68029
950768
958478
444051
854653
729899
254423
945309
358623
561609
341378
799049
608079
57565
123141
692848
699001
979986
475590
743852
689378
10312
212668
127859
203934
976262
40788
435573
962963
787982
901361
102648
643641
17292
76552
854266
390226
357448
404781
714519
622479
494578
597170
214247
981535
65784
469246
91482
616318
294388
611785
71604
579903
335280
134169
546271
504726
74090
254796
880814
857902
503168
686363
189306
710711
168606
296911
578781
850049
498158
342899
772065
937716
216466
763182
231928
124951
395019
723943
192254
488558
846226
247182
795775
889425
281006
684685
534848
29435
224201
880630
650891
466731
446128
918433
164358
649058
916214
383610
433157
365123
738666
115002
77208
536695
697920
524924
736379
158878
487161
418298
173656
677872
401024
550794
604061
440022
628184
862628
215516
886541
670176
959708
112332
276083
960500
46468
920686
542468
923055
394691
616346
187683
968579
266372
749889
84218
583221
127406
707590
914590
43020
172916
924467
746286
863240
650792
686688
840565
48415
898367
447796
319126
395540
309453
698488
743948
714443
889161
993614
340357
647475
585383
499419
872710
855664
94068
599950
6198
897666
287142
532599
752743
822245
256261
98246
923247
677920
410850
561253
303048
630080
756555
707782
906992
976880
742937
737736
799375
793372
197786
617654
420531
848712
113280
392331
106560
308659
819016
255667
702765
191065
269510
402080
792208
289411
851066
524670
169062
121287
192105
690922
888330
998004
680094
317735
989113
568349
355478
478658
651166
105069
238520
295364
232643
918858
711666
214022
303480
276594
329806
66626
952060
561377
673822
75797
158869
976466
504715
266171
612590
750265
888728
684886
888743
135108
230925
81530
76019
338257
72979
670955
851671
704701
75228
246339
47551
964110
391821
250293
375303
95
446866
123797
876739
145814
79898
893225
862445
694566
172210
171724
800575
571057
737968
378335
534887
86016
741638
619732
907738
462780
475334
825213
873964
468749
479881
502853
25270
995552
426934
414560
100735
43891
79895
982713
65112
821851
299210
968456
932303
778466
708617
941963
828278
452770
768243
991008
791951
695086
984141
947992
283353
978497
100004
885590
772952
634217
584758
589135
105908
668883
795994
600997
781482
31309
860269
201307
108149
149187
843944
911330
977125
424895
258084
831838
826359
66339
27960
16118
107788
92878
626594
905215
771257
815928
454415
165290
867469
408390
381757
913202
610863
770751
195729
748287
758999
73098
187923
770047
262273
499582
841249
625616
885274
728952
72858
489890
902685
164408
835438
44584
481799
206223
378449
317627
560515
955463
82126
980090
765864
802880
361474
500651
357094
126488
898792
171324
521115
302294
793395
517014
204809
28470
452321
156237
917605
127520
952269
467826
253653
612823
161962
114975
569407
760721
266607
580315
545842
862354
457640
686465
539625
979439
630585
22053
91198
336548
566314
789218
641108
997900
666818
699654
956354
510121
856237
305458
173185
320148
481686
862119
570439
996462
485854
155804
454712
712485
526645
478024
319445
731694
257240
315188
396170
735390
447130
766587
546069
757508
878704
26189
682604
568089
391850
930951
352205
297986
137140
891915
320417
770256
107775
199114
453878
42530
682868
212573
557372
965970
692886
844835
235512
931788
301923
365780
661590
241284
821436
662809
479273
478232
181166
511785
426088
699896
554762
409428
752899
296222
968807
607231
418725
272095
282979
417204
388223
68016
819022
806315
644723
618492
731366
8669
754000
185734
397251
478930
3053
989221
738758
22247
167122
968094
779903
291830
625096
253090
15972
569414
873119
857045
938384
559318
888545
387575
342332
387862
6625
700424
81522
318773
535431
390236
821069
134599
890278
509976
460238
658429
710927
517867
848305
402467
97014
253201
865607
399687
122700
201119
437393
147809
282386
537828
397855
764372
97795
995529
734060
350704
84908
473154
633554
931130
889293
924054
958188
50547
37240
898675
152412
161377
112245
230441
224812
369586
201344
726786
610322
535922
213849
153799
741839
91931
329648
436332
434218
876546
497565
554512
282476
505011
581823
110690
829129
943693
625773
539112
684504
162515
962486
276598
241597
925892
771572
97445
795122
871021
683283
118333
623210
829176
137364
965931
534279
403896
695582
567227
718441
889563
536423
196762
511623
107102
387462
943437
986644
675552
201344
821071
519674
703622
443070
255666
479450
352968
4936
730433
168635
360817
430836
146157
164066
885505
550100
378071
806092
770596
195247
894769
675605
491664
188756
455600
256166
141974
487703
649300
779186
104445
353420
919942
696816
580130
708112
947115
589244
463220
733865
79847
61892
245408
133835
263628
484340
815697
165489
978715
144200
344451
307244
312993
964557
134644
18675
180888
397898
504607
379586
597824
632747
472320
936692
651238
395524
423389
11385
201996
329102
830538
496275
233236
195860
691847
912713
856454
847892
468877
528863
652396
28480
233879
587621
471748
594104
771532
353458
118000
702231
613898
459705
713212
214503
983682
920038
291206
282979
600368
934373
379300
297692
804542
317796
39247
109747
934861
355416
525845
931325
108300
11420
297507
707635
516054
436407
985299
142759
320839
817309
830488
568254
24610
342233
356118
622501
264172
252574
612722
530865
962828
484124
926754
687353
779676
243264
709109
642166
507789
712513
83369
180841
405739
399477
798461
508969
446775
434888
762612
804983
298518
521306
535740
791765
59659
501970
386060
520489
282935
284147
1353
92930
675953
805029
55014
661512
710183
331156
471019
918651
713110
861514
174866
484179
903060
859102
373677
229730
149211
272436
762849
905592
511310
328636
421016
314735
920068
920296
984104
541855
840981
14282
867633
171258
74537
620756
443535
174422
813244
889508
254777
756623
672502
116263
99407
793703
889120
739051
927469
52514
216216
449345
339173
211919
648384
373986
5234
345090
906498
489277
834075
438089
976056
309914
619477
406236
280922
228554
705847
451335
827457
33877
203603
801164
567635
740753
757622
407013
983729
355853
139581
502818
867762
939103
377536
832079
793698
895017
761423
875191
761434
847009
405596
860125
508302
578698
604154
108912
822202
367442
605480
376358
230476
161439
359953
27623
729068
290376
108440
874254
278905
395525
758726
655473
552364
869718
576138
528982
423791
608878
69700
16654
756206
202346
853947
988230
931549
438084
761059
742682
777280
368919
477050
594434
460231
189683
510780
365852
829720
619621
327005
974605
935616
483690
738847
994857
895097
793650
111372
797631
410559
372596
577822
672943
948200
901675
334414
854971
222983
68690
836137
764032
50037
787447
366686
531266
825736
807966
674914
979511
699390
559761
818592
731558
514404
511420
485999
708505
74772
954732
753528
299251
453339
1491
247447
151282
877943
559638
262660
761676
429327
752586
817187
548281
347708
305003
140868
555161
378381
932962
538417
746655
730818
695152
880282
41552
381074
156172
131447
865204
471441
425174
240063
65599
138478
397250
279371
499599
238477
806891
633784
911402
931129
342326
350259
272853
726293
459196
240176
986864
834592
326588
911505
963832
467652
576831
945386
299705
587823
757624
135730
389701
425100
126240
958776
663976
651826
746228
374673
82552
753084
956844
163727
119031
78857
510741
379436
963340
558172
96156
604002
495564
752110
800836
352840
206401
963445
238641
691315
106181
845519
656029
618403
518768
587077
218229
588905
285255
271104
382047
739444
482906
331266
183750
358485
431309
854487
695782
850050
341303
691570
564127
879749
236874
954745
743033
171279
622778
163187
968922
554019
53396
489946
777048
78112
595293
946847
943767
92153
166161
164398
114733
368160
557251
181495
664257
9418
201234
186038
748870
690719
110596
79770
925325
326608
100008
604791
298760
267283
727784
69012
367042
609038
741257
659827
403161
901780
245698
941148
450845
964220
536657
347499
425004
99009
16118
843969
64187
373453
325964
323330
232748
187434
980682
560343
902403
904032
135168
960276
918623
492632
777311
125759
332272
791926
452347
988617
53695
292099
770669
471979
283397
442849
303527
214072
560176
211065
507950
28617
41920
977122
39419
540228
71199
384037
196412
257844
278371
794081
83286
951416
235802
61262
227224
299151
945117
315432
998293
402467
625078
613879
972292
967013
756380
819376
91752
74133
315621
118192
215545
177204
16957
457862
320386
689709
914548
306120
519214
971683
223026
171886
294640
466010
489248
845844
641688
188992
209067
961566
815753
507340
71136
411270
772667
760467
544447
156402
475753
191845
794919
943617
61741
148052
545480
529214
141068
601532
581729
576968
874274
489780
748428
649790
22917
773694
307260
689380
187528
900725
338195
305948
114
39557
167654
684464
166341
753627
207224
981485
720202
623545
551791
961135
212491
194115
420893
307035
556008
60701
815466
50844
921930
29401
381584
741610
977167
444449
224318
371985
763859
413988
513342
744448
317340
541007
269731
27208
279155
98906
608653
570410
410108
719200
646608
453002
319432
520979
609602
17456
156312
84163
866176
16637
42184
432752
28771
331417
464324
83586
435036
754777
268104
743108
32410
953224
770809
619286
658243
497911
78358
40195
80379
907174
725146
233277
299484
279655
52980
82835
831272
232204
881880
285142
566491
620199
788732
34589
532466
954714
141136
763920
597034
389446
615262
71682
383909
299105
374804
450260
791482
894987
926508
823770
451942
515276
23529
594489
489932
163527
921619
347441
849058
669298
945716
406858
179515
330659
475422
958249
329230
743562
192385
287446
409308
298715
704357
856060
512278
582977
621054
278395
785559
330157
165236
25045
155553
495893
289106
362212
991642
363001
715938
499979
348050
686670
300998
193320
455084
162705
951186
130705
846513
769292
587912
206707
439235
191579
780261
174275
80567
677454
864679
469977
953090
405124
798454
914138
30912
991996
512985
976712
259838
557457
553611
693593
359868
454880
567382
828252
661378
10912
991904
821617
663772
450220
792260
739864
957969
784830
470818
669224
976381
803451
52057
705305
760561
867761
290500
905023
784146
683869
556796
420094
324547
809614
60950
484920
196853
501006
360200
586187
537679
100397
213225
380369
216638
704262
626291
183052
779813
981559
369101
594157
873124
410584
884856
137707
602541
359197
407339
259252
383226
235344
622402
753144
285237
154644
849917
191545
302674
963256
40587
671878
933087
791806
385868
578724
461312
642397
81114
574439
459824
686117
94943
873663
520157
21667
807712
277985
876576
187203
981798
702396
385319
855632
541586
580753
81255
654223
101347
26752
257605
282748
421774
132696
213439
190365
706573
916895
537598
231551
256455
464093
966983
869917
184511
833064
34050
248341
522874
304707
553323
919936
95519
374282
694787
816969
791585
149932
831885
76786
599373
666429
308113
866310
121194
531657
355186
478138
392373
67580
95006
712954
684862
984854
299346
180818
487970
118200
544869
169459
737120
103707
928794
306719
590095
935192
415931
873646
174423
583358
859078
844219
195730
688213
559189
531969
50108
950742
629435
463383
915328
162033
832911
176091
706679
318186
996536
48928
997103
22479
219424
636381
186632
760855
81965
928877
554312
563708
255719
409142
548421
348048
587379
383400
776957
441410
676075
638985
138642
835737
57062
224200
51596
961599
384644
664797
629167
436198
188346
456242
418315
140936
315036
427220
408535
158831
861008
326799
876159
899057
960888
982512
263122
212475
576571
61533
61805
187511
726832
211137
651478
666045
850796
413962
633436
433624
647361
553637
760471
736743
152232
131395
726706
390172
276850
241127
413003
802272
954750
194953
596680
165511
884964
977680
484102
94405
479386
451839
987220
174515
740781
753300
537332
614865
547207
551985
975678
98924
57705
89981
175143
833444
280323
490549
973746
885770
287507
283946
858734
869586
982706
53098
277059
394484
853193
488796
135173
817023
329170
675456
831939
448086
701721
643859
433706
578918
929754
628390
713599
621197
83037
990255
573472
513305
19566
815149
496900
735409
798210
36035
722826
980800
70548
332839
636064
906086
561827
919243
714898
487831
280499
213054
997774
772813
4140
954265
334675
844772
423574
116095
664825
660135
960381
555980
755251
320223
19711
107707
891830
304547
716961
382043
828806
356941
250679
383234
913151
945671
425683
41228
972716
736336
269994
335752
577822
328303
570347
389054
66894
785947
947138
951800
39392
341687
96992
812430
926013
329804
162669
117637
764973
370427
408804
488852
521075
125880
477987
704557
369954
710296
719528
942059
407122
879706
582274
728849
949731
511865
777858
141754
251967
377192
750225
511378
114084
669765
362926
466555
464714
142829
391587
703657
186936
382425
977334
223805
664267
431090
805768
758907
78082
219924
980655
465689
952407
539466
851637
997764
18464
333647
261794
170266
546588
844073
86221
460349
472888
894773
663039
212154
720942
30186
837785
716135
76601
241870
113654
675374
107525
188511
735807
610046
728972
467949
411170
39183
866079
371991
353891
722162
46233
88212
496900
286418
564345
451449
618620
992385
269477
293673
387863
696827
632782
863466
76977
915441
490066
95762
299653
655232
286578
377240
919693
332575
923467
452845
661053
635428
615999
161640
847504
912732
338013
499526
312680
435524
544845
104622
380272
109210
234900
950325
555221
494881
644631
140538
795841
432491
823660
841986
43846
428967
944584
329094
472178
222530
263266
382610
673466
687748
458620
85875
420618
50452
139772
554811
77784
765842
180839
189541
441090
242494
50454
446000
632355
113726
558499
610005
714587
113623
602985
701233
457224
219782
749502
912082
412333
998798
90251
195986
515743
824265
632718
551519
772263
999559
238374
699380
108949
384819
858805
277481
934047
939541
425397
54449
386856
310006
51458
156085
344355
117921
357657
981248
307746
583844
441681
10296
722684
802401
168886
585824
173999
225218
63779
765287
83975
285167
989627
497958
10360
569411
43772
734114
311877
308454
568326
549126
106517
83804
157405
237407
785835
764208
445007
7406
703766
873817
446414
421181
829520
336291
474034
257411
19390
314602
431267
315076
22491
470100
847117
984527
423419
673645
947424
647314
424752
383262
28251
443347
960406
887771
904192
1787
556572
564209
51871
451171
909718
495181
695692
643893
235078
342609
915486
13203
456408
404112
555392
666127
62741
739952
630162
247451
175734
33559
406671
140043
695
448459
476518
776600
291307
334691
591897
516545
359264
725707
759309
987270
681401
303900
971170
634376
512951
701446
805460
751007
542563
756945
151041
230473
791614
150454
268417
805798
522652
27470
808551
51808
370420
855430
674370
630355
191266
238428
469148
636308
288386
432337
995313
638123
284020
787688
978208
452085
410118
905530
930477
631108
225597
61851
451075
505349
66391
808294
184438
789964
727091
410500
681703
400694
284941
639599
648422
293553
789324
81155
29375
38069
982983
772715
591197
146863
732
999213
649128
885358
52655
79933
761223
521224
550125
625239
47062
554037
813886
94451
588383
165643
162189
477758
91921
40749
719262
5168
438366
993054
863747
942273
897390
550282
208871
62106
12366
250691
575143
57937
223858
251118
523305
82046
863479
647295
688949
155127
293594
612304
41303
447203
698125
283020
131020
715816
775572
963340
120105
597668
220073
810119
113386
135234
213905
248206
246736
472208
133165
426452
627260
3241
716850
980439
390330
600223
217025
275167
983712
760691
214487
939938
917334
128145
589409
266530
455642
316048
371583
142518
398146
309176
127909
548029
678819
74001
787674
574548
595068
201511
725552
252170
2890
920548
960414
292983
99101
285250
700212
481759
901397
377097
631195
682575
387498
13622
430063
188341
545096
382015
526785
718007
334924
139810
22594
75427
229306
740137
584345
791254
322050
574193
946006
416275
890937
193070
993412
825985
198032
102701
539462
928072
190499
997741
542017
780051
86684
538808
508720
501043
651200
736798
161076
978994
393827
986014
607546
494259
567899
485883
669030
154239
760068
481952
497315
602023
587904
821124
122836
335392
604043
960669
30531
576805
833820
390003
908426
159567
422468
823725
250690
175240
34261
222750
433381
450178
869633
987948
110749
956813
673953
620130
48336
741428
342624
158737
563969
229674
794398
141018
400069
66056
403522
129173
116741
535121
120346
401349
919980
407211
31449
756600
691389
220283
401032
967342
220677
885277
38387
15493
64415
578276
712128
839825
737802
118311
35869
366029
573136
826097
808904
871804
332604
851700
956356
621056
607462
878893
713472
643870
564704
637207
186965
374797
690365
121095
831910
484339
975399
104806
278010
849862
467892
937220
531616
679643
265213
218567
432610
936837
88417
329875
971337
670191
269166
994928
913875
760945
797032
209052
303258
192342
719364
653915
77753
928110
988444
70956
809633
140367
744836
896893
920178
919720
558891
724508
545546
992433
661975
916482
682335
699145
848668
950081
723134
653975
968167
775216
982787
773778
386602
779675
755531
350438
431169
896036
985389
40887
45018
403715
109997
559545
717430
372126
578215
526025
990908
867774
660411
274903
246422
19900
827227
575278
126158
713599
565122
610971
740925
447832
963553
281609
586521
945060
16064
435275
645690
264340
885509
690952
100332
37883
992462
893229
245652
65151
953609
205569
926485
417875
232976
515021
641689
102163
395239
458494
988343
251108
932943
732952
442178
989616
823218
293635
535528
16932
398063
133257
483165
473457
816208
99471
886818
472278
882774
369294
668996
25084
608723
431060
921406
219074
572130
30582
710577
69261
835690
239684
504495
251371
566898
510055
80471
475990
293429
231909
754035
116105
492509
920033
535760
304856
872899
929837
115457
402667
768770
860064
402659
326087
969392
825283
404974
603689
319782
728963
846352
490252
313455
93799
431997
700940
821750
326780
688077
24753
711579
414443
505054
4074
799614
8856
365808
352851
342184
788736
221941
133074
740730
787203
326837
181937
960131
261922
866361
743756
960563
583743
26853
787230
265442
776419
47660
991577
955438
611838
559935
724720
248750
965752
456118
523104
74260
727679
396860
833822
302583
678299
627650
182472
797983
675127
175331
453779
164999
984700
768859
431560
200823
811015
564710
939653
665920
900815
712014
712465
55041
19657
714390
937132
487947
131630
562310
794607
601473
172043
461379
784864
693064
666208
194984
957701
947352
585574
616948
10355
810134
932645
763057
736628
197177
655180
5734
682808
827099
242335
930045
259767
708823
210057
56157
767156
229638
539425
526647
761782
613028
507843
972147
802676
924398
679427
611496
612166
716030
916321
177696
765269
471027
561447
472861
510571
86437
927193
423815
800700
680579
480570
647272
462852
241866
973216
105418
898978
982550
68630
226127
936089
130742
873298
316785
887308
153701
146518
108551
87303
940230
479312
213870
483468
495198
525097
417184
33190
710106
886415
746092
698455
140954
467060
707737
453007
88066
145252
739849
882632
302554
519447
246477
16732
745690
42581
800894
348812
329162
60593
532470
498846
731331
538852
380663
75947
682310
251738
535104
487348
363857
96402
934780
38976
783664
861125
400574
515407
76028
631836
300670
974725
488603
533933
829649
771581
92477
984323
72468
116454
858062
565762
251050
417799
950515
678995
888015
391040
843881
19950
186872
561814
221880
251967
460900
829453
299055
541317
990021
974559
815296
662810
574613
154259
122065
333310
924822
681205
773521
666207
993317
389777
260441
269131
258819
693534
837621
963974
16368
953459
599916
940625
789370
798842
577624
904080
747052
692220
19946
920688
139732
833326
309451
740516
61378
226816
639605
759533
340018
877834
483142
148208
67308
607995
908936
525471
261903
7768
214918
288472
621929
21070
654908
390492
662555
778910
475717
200997
370368
382560
178183
184715
236948
699271
65762
715590
752079
648543
23593
212558
990710
341932
246720
309701
714051
897297
556435
453012
441338
873002
735144
793944
109275
486446
934845
330416
186575
625056
721964
553303
350602
266358
157150
191248
955670
358819
321657
556558
318290
788395
669206
98392
656082
70541
472698
236850
93763
349054
801353
457414
670342
297067
394143
18188
976128
989931
8919
177647
438594
356388
931544
965987
985403
339585
988175
248824
919458
273229
657270
768174
495169
422217
579542
98561
458157
274618
149543
59019
761704
137507
544358
975544
602435
514445
645459
319271
883063
37958
737403
659243
690293
164376
929931
869892
86739
847226
194240
71291
580037
814318
338102
507928
381663
784711
565337
370187
481083
841338
726992
886470
501523
825032
334671
745624
647313
81810
252654
65319
462478
431991
124205
667578
201443
170947
847025
778576
964428
207652
290548
48186
802374
680582
673533
330534
193259
617219
372611
862206
908319
870366
877223
515692
261369
739043
928667
802032
780152
492814
281756
813647
392968
344634
963270
92449
977313
527693
696376
523493
411214
206718
397384
642957
146949
598003
271289
573515
458082
858311
645331
623007
759894
993573
546324
723113
363588
582729
62663
89255
124578
797252
34686
260754
426364
725044
463926
468667
653806
72847
543882
458810
439599
801017
491704
595364
942700
457062
243006
344737
408706
864039
902375
638143
702148
648965
359281
501283
134336
635980
354750
188537
965782
510168
909383
888412
983899
4609
521754
704867
57484
317063
472254
330311
651669
728805
913549
98501
32167
328711
538068
441267
469791
853877
791225
399213
947345
991294
114216
395957
182278
94532
487456
983786
208315
564861
449173
572274
7266
726010
936109
608038
465336
541152
449045
585243
861474
497886
491342
337763
155180
74497
737410
990186
957183
839613
354391
197953
72387
992054
746548
990449
557153
338718
400052
898005
780855
424638
57193
469773
262438
239758
282503
83628
523476
898805
775895
753744
92039
188523
474759
725398
750024
437858
278610
500503
770659
517044
117972
428363
494391
998765
803563
719563
480973
56403
726768
517648
810882
159942
791856
815005
158862
595616
497680
59625
430415
425794
468861
52223
646980
721560
138020
544052
112366
829595
262762
976350
116658
402269
238992
223767
977898
273311
614613
307834
968645
941431
372029
371715
626038
651725
659827
393521
786744
54165
914678
507426
583495
199483
654422
575098
282348
675390
881984
739569
987059
353875
466670
45361
59438
245531
600286
902953
896535
112875
773902
291430
933415
73670
318722
726518
426247
903374
696393
182284
163443
444295
665694
453682
523379
187778
787795
818932
839165
507721
395675
296112
139562
314384
625047
204296
36421
851814
531039
480036
116090
912009
576537
971662
922199
354597
384776
88191
846541
759193
965814
809570
302742
896136
833373
793022
425595
413055
426753
108976
366569
146027
907066
863681
697681
566450
319422
495703
965367
372587
139339
736359
621065
940065
127331
989086
318147
598946
427051
524623
246184
350479
397662
68220
895518
183701
695038
345022
4
513431
308097
274905
134146
358506
904749
775190
390500
514058
211828
756748
13016
462481
757229
612738
918834
622382
976123
593079
544661
875756
368690
880091
246887
547243
432576
314195
11471
507017
102717
844712
495203
802335
443090
380096
900555
688654
800679
707642
815611
404834
502688
910566
405451
438176
852392
661435
793893
892857
947073
624067
67284
938557
168247
76601
816576
874184
801078
397273
829227
745534
979842
270956
312010
13882
196319
620447
679865
124106
476862
303164
883661
538139
216871
924282
869697
454193
992055
573323
406733
264601
57269
573103
390519
866069
866757
847002
302048
633250
370387
302187
476917
325513
384732
900344
680472
278936
445476
375588
152465
766572
546881
458147
720005
957717
169759
762294
614726
333700
653700
818445
448900
832739
972907
581612
352960
870836
82093
675139
959187
161006
771002
455170
785030
174288
492356
9693
950475
644184
656397
101701
874690
198871
143126
657138
660098
636277
89893
467644
649706
639230
717219
860894
372916
862331
323394
115872
921385
971517
612549
628750
330417
464831
11986
626014
466229
306825
119082
576626
243182
252010
685173
197637
24146
992980
472261
492910
29610
654984
533537
284474
181921
71992
627291
312291
364925
261721
604990
51675
670549
994686
889822
96880
801175
896403
586867
735278
126468
147976
703851
571045
535038
365721
608328
320263
781563
327824
124789
784650
380916
899395
224149
617232
107170
487825
167150
774180
149094
438967
905022
181369
171905
503131
609591
205176
748285
287369
76268
898507
370220
182891
859653
883304
246121
617
542852
347881
670131
70750
294488
701609
894498
628615
809959
131717
818218
22316
444344
461375
458340
121986
367671
3080
420355
534331
845772
124616
631006
48323
259145
381863
407442
47159
226754
355322
40343
752651
359431
64943
727423
975788
983887
362974
183494
187059
625923
291617
196017
780908
349017
807882
657615
369148
746167
111841
192194
177219
117705
566741
723282
700148
193142
77261
501832
704105
810819
222335
651522
79791
285398
987562
473616
553083
533404
198790
285169
200367
450721
331959
818888
59537
530710
647416
149279
337998
412919
194582
104285
953912
621566
495506
980350
116128
653916
282429
875299
405611
275046
260965
324396
251513
152177
97932
215618
299100
152635
662429
702223
318707
254149
342554
138282
211232
480150
803213
181122
202073
298703
709813
445755
316803
308004
453905
937799
69942
725906
891750
694704
100490
217225
1419
935381
469893
255911
498982
412654
641638
351846
98933
587923
518433
473797
62404
818265
163362
539821
429251
206978
325903
137711
766287
798895
986016
924021
893315
555801
784654
227367
922226
805750
586995
247399
467133
762962
256648
306572
291935
610222
940644
37996
941654
294370
757866
131310
776080
637293
331714
824468
889265
936683
438157
419996
791481
901839
728830
373509
567613
83511
743263
16531
705094
655432
991391
854160
410045
357350
625217
204564
276820
560884
465030
950117
239903
837281
91897
298588
57943
776671
812364
396685
290908
370673
981939
147671
546796
276752
235316
360740
432996
854382
749632
55435
373207
49454
197622
706163
522737
542617
239729
264220
22165
560514
319082
113974
777862
202377
490713
127436
944772
118814
472461
29516
275384
402202
913512
450147
293974
832301
14465
151455
668586
495270
65675
84732
930508
242320
302405
738564
453589
378480
383434
902139
772773
835484
435960
713734
866400
407344
676460
271607
907275
96536
162249
48783
478326
360442
853212
593285
599953
753401
495719
974006
923865
801983
944322
581112
783048
886237
372767
961971
583346
36212
80189
82656
332294
19459
171079
390577
610376
774467
693118
281907
337007
508540
766158
482169
608203
701143
854632
850308
895002
641544
133239
606592
938137
849135
699055
112869
892658
67045
105138
568526
791085
232346
84496
303107
87402
891055
646411
924155
975896
712503
857018
669657
469089
244901
975928
115509
862997
623628
707450
527102
565722
410495
609874
723990
707222
585953
187905
74549
350262
153177
40675
378406
702517
417877
795158
71034
662247
780858
954814
734410
503852
434893
671805
662092
265130
924990
207695
482792
425792
444140
64063
856178
929118
346778
961564
849268
228373
90121
910400
520059
772541
792765
386822
345006
637972
585351
450876
544235
708853
951425
712402
459229
143662
99119
767967
673629
573217
869817
862034
369114
229053
531217
291247
124567
245555
788214
322204
416864
501783
905972
925977
350585
17157
95023
504832
911813
733472
489630
549282
741603
523005
303724
421843
934035
314664
227333
305500
687892
404618
41032
801270
769488
367730
516502
925530
975511
20429
309473
723739
940740
560417
993238
709139
941430
716688
822833
150784
765709
390413
215212
952680
821212
472042
53050
323804
227758
378479
803405
892243
334087
30359
114456
829323
378328
400869
18223
744237
5129
663040
783548
521592
156843
511133
808031
385523
90629
365613
735820
223670
869282
946086
590661
749814
594854
206789
289253
941869
105362
916338
432559
960913
617742
206523
42370
873851
151811
197302
879236
25760
878438
282099
529093
653094
822404
981114
994846
168072
902702
521317
874781
226940
713359
126769
637433
6155
248047
714323
24307
768942
904112
567418
274550
282705
386517
907558
684436
619475
147159
691109
91100
558311
557132
610784
56883
124312
307156
519226
414196
847915
333609
615885
629557
514660
772432
442069
249832
893368
475794
387381
815822
745612
944410
20995
170708
860264
793507
425838
41876
185288
338956
468482
855843
637426
352799
416033
13471
588351
645961
830950
877339
453840
364979
619987
178087
459087
990505
645304
233705
284987
759955
689048
961823
697260
153241
517705
911321
898934
984093
173764
528909
802892
401974
396948
399289
136367
264856
688900
435081
782961
970018
757159
496618
965708
839086
953232
640111
578538
441066
472788
877969
630360
590872
629487
890713
609624
747831
419100
204385
718632
459925
456078
319573
231786
207347
499078
375026
999556
714268
297961
179129
251845
757731
79037
957159
626074
737250
910848
494900
804104
494337
253796
543356
531537
776103
22463
959737
145716
558778
820422
257278
673216
383604
873843
475799
968524
278484
193631
969950
107502
253584
653314
568576
670532
640129
534031
771181
451426
497367
233611
609536
385447
698067
785127
572842
768506
82140
507334
801427
95503
98968
521145
458241
454140
284049
428622
619495
261293
746899
675098
153879
224547
191670
666546
409239
891478
716936
936717
88508
790570
623427
755530
371932
104381
128683
194930
990444
461460
502208
687924
33551
253692
6883
856306
494520
502623
713584
319060
394940
98220
487648
368897
661437
151815
38023
358820
32975
111631
17941
760991
978040
601479
881110
109233
39596
564050
640969
460897
612614
490234
177487
559669
875394
771700
248549
134757
567968
763052
467022
923964
315158
111089
368786
75090
932203
853752
301337
801220
791958
50130
980957
151059
137246
377048
570452
187754
350731
149094
413367
410430
433564
476752
318836
352520
838343
523069
436041
106632
243439
18665
349951
163361
123814
139640
274858
845252
31144
552409
745571
623292
532784
577104
208849
645912
269209
593852
1547
861538
471616
331370
586076
826903
143274
203869
175815
689965
273742
145638
288618
95189
465135
816257
792668
802109
480608
752307
242701
10140
632828
125330
888936
556301
830003
513232
435098
973875
531641
500265
116424
208645
54541
456097
302550
967239
494861
905518
807310
856666
363870
407888
541032
799708
103599
114361
840317
204083
72251
544408
591859
314674
690597
786486
577196
998655
288200
114242
675477
598518
137071
349684
480698
16521
673707
487894
607843
86559
163866
637958
144075
619047
485331
722409
993785
313066
191787
252339
558287
557219
551771
140566
175048
21260
935471
427511
889360
851328
600073
47142
117542
72375
739904
253425
202718
326931
666280
693844
170554
817690
14421
475682
381346
343106
564698
497051
685919
213305
143505
380861
858219
620912
797665
560276
778362
357314
179401
847588
971815
407975
680870
724708
961191
655093
701380
688259
858174
115851
88137
909591
267746
663944
331470
636219
54670
332703
2907
822600
107816
13288
565638
969614
812857
795578
317104
964234
714827
823916
494190
740666
807759
933885
915043
594518
916500
510085
772122
162588
804937
538915
708947
534972
239709
451713
731032
656451
887502
46243
495785
867557
910993
529524
157113
834789
650452
204264
863009
528902
324805
354893
47471
691080
678440
392582
82091
979789
204794
747663
112879
59836
191700
689660
783664
238829
132802
699841
127482
617050
571811
448226
476319
105508
530012
31062
490849
42307
827540
248070
813005
963647
690614
913403
692962
674551
515074
825861
310498
725246
855368
929640
121699
344407
706088
272114
280623
856642
460452
492904
222359
325652
363804
114870
23809
989143
856976
502485
860251
952303
920045
67322
577421
550644
31034
749881
414581
165570
928366
848901
976460
402187
595208
457318
522588
677549
257142
90299
763309
990334
723060
611634
483981
191251
926244
88058
825338
986572
236551
221655
893952
601034
757671
481105
409400
381180
293701
812312
635529
150095
532511
581440
903270
592938
643070
656826
328186
886455
550195
367487
520446
954413
442212
997785
656310
115964
538945
599036
974874
36570
38111
562918
653592
59792
761970
744320
301686
853788
644758
59951
839272
615532
919827
202608
911095
180029
930254
656957
121802
556292
899861
898725
879755
276379
787331
970667
206505
522383
718024
710165
577162
885121
341330
34713
181310
917505
584272
146280
141367
902878
180311
347700
963145
939312
658882
760580
646455
811820
788667
985969
326468
111553
246717
253568
748082
872539
37676
255986
328043
385259
829710
3961
900652
100327
135072
50355
432497
703576
279040
596341
98550
781621
311250
377792
258247
438941
322029
900283
37061
442032
278330
133777
446333
465539
139380
49041
227199
912964
462021
348545
171074
640858
654845
986480
861733
252419
579836
804938
200811
433769
753701
262720
469198
805845
875489
917648
519556
461755
653424
90808
821892
656600
80252
780265
534763
558074
75716
781597
97019
263438
150588
62910
469622
291087
205080
840886
57632
603499
553253
625663
188777
50755
348774
597519
981128
125917
76798
551505
809728
414386
341915
32077
137025
978467
734522
631032
273462
300902
334078
539333
772385
399256
762714
5451
283203
136951
486866
774242
768581
481004
803032
251614
572029
288480
37830
989676
872789
835971
46536
898932
137168
503999
320528
928375
516681
151343
647063
724670
596265
299587
599902
473593
435635
462686
350931
320966
305460
512178
569113
957685
265751
601820
906034
283413
537183
677420
112081
179503
793568
34434
567105
643559
223517
940249
815616
807438
156007
133858
87254
625046
234865
448939
107123
256680
5425
440014
63287
237541
458092
444446
765212
593818
807011
7685
853805
140210
235600
459786
903248
873857
588809
459351
152058
824825
384830
615709
21265
604941
399589
222594
51528
305282
696934
238603
519986
31419
586553
82742
901544
14352
136177
801957
804686
387754
976499
271887
440376
302264
768863
182105
812826
380198
112202
362145
883204
12162
538238
887624
745720
186992
781733
759137
501552
56595
845947
997707
474615
233566
283822
200805
137762
974142
321932
135113
682857
333131
866297
6106
745757
747874
736204
789651
826361
397842
135583
273166
222623
591527
706550
87449
435571
112072
777813
697396
900160
49064
684970
858964
343508
492760
521283
80410
46026
939024
892904
143962
245823
846717
789801
9038
202199
190399
662572
313711
332443
554948
570243
560976
976255
273581
344573
944436
357352
238140
882874
569349
595325
190657
158703
769425
826635
934091
156884
465031
879907
979886
842081
566712
188909
383177
107226
468245
2244
510303
993266
190903
734411
347777
945547
122849
881998
943881
499506
328036
822973
16990
354905
123721
806008
900936
682232
217264
162238
187010
366556
437292
526467
178239
799828
519659
926265
984834
201986
160184
930639
254859
649299
552930
938844
268032
600993
295296
948775
673502
838867
296963
905091
8544
618177
862148
777694
42605
795545
495491
71893
483257
111788
494090
808189
594877
881404
391019
82947
373456
27139
697293
806733
697938
906040
824222
619592
873663
956987
850795
9946
930717
31432
656278
185196
787120
157552
634722
796587
683821
231984
417307
304263
699545
801051
413060
488201
579107
414474
135342
291337
224579
970763
787051
326049
296647
862164
446535
341782
972293
971784
660284
790026
141072
867380
866629
793180
790170
47851
743018
342841
387466
112250
719143
168817
182474
702404
854758
209906
396484
681777
891994
193569
691929
20513
2685
708659
373062
222916
599536
527019
494247
635506
843501
879664
588407
155218
772855
89232
633343
426822
928782
517876
665319
647850
89944
915939
352514
523715
181262
922016
641087
488428
384661
765257
313519
14191
895633
316200
103397
455722
452925
182375
529405
905926
4762
803329
916143
850754
748508
872058
154413
738853
155887
760632
998420
210238
30871
732706
115129
118010
154727
308380
468813
334116
700517
162496
114723
924296
560492
735429
755171
96686
738626
91696
164461
841611
841730
510898
743018
657778
324680
811301
432510
707760
288088
995483
712478
89544
584445
737366
133724
813850
881906
388399
572410
659670
903617
73737
754853
241413
575865
988406
283729
171429
183646
204869
313139
753811
801989
866557
821877
662690
835823
283959
819308
308304
749100
248857
812963
5236
751879
246129
568112
964777
234777
941141
353226
806446
251036
902800
634760
97802
345290
998872
588313
134263
201500
128288
500661
895273
743166
574407
556610
786296
393272
358117
266027
542312
651847
936068
243933
404580
586230
167950
558669
21453
638620
298275
58327
629781
866209
796391
728159
306902
465404
743768
60071
992052
541409
702731
801728
78538
13963
621038
3269
737794
173554
192927
121864
724809
778949
976587
6895
654553
152438
38390
738703
77662
10537
215955
547284
957639
991948
260293
818929
286314
42332
44484
403588
437759
545159
132873
927443
895351
199316
956847
774970
255327
126281
111328
661981
636560
699458
520263
693523
787963
696018
969598
8097
78024
314805
967318
537221
563246
113432
985776
659971
916181
601656
886646
932179
36757
556390
369669
898975
843069
237736
175031
93096
422938
666741
77362
131649
388248
728742
982042
823451
597094
942341
533284
947967
967476
914481
895472
532098
804582
606170
64479
261115
964951
605960
262924
526527
284230
328830
970805
641532
62448
291801
745700
736660
3433
584431
944315
776491
186047
998434
861055
153836
583133
229032
832078
998726
646180
417834
733673
945151
599887
131304
473316
834807
270743
861869
288213
664411
893960
994396
787611
95759
776152
773702
377217
634934
510465
185753
107665
409295
428261
325791
578753
168685
683958
340021
775202
145914
502521
854314
320471
34350
960519
356738
872277
865135
217989
870399
42948
131569
757920
170365
399006
934835
597188
670565
227073
664270
139949
947530
784148
546788
594968
297595
333888
114205
426957
283285
110476
990269
365017
400937
771353
726028
841704
333317
428564
974892
573994
68799
228023
150241
404236
393696
410426
714029
505678
529117
572750
771581
403613
860623
843047
112582
632687
195895
555702
420497
99427
16617
673701
840507
487428
962611
926458
872311
318804
908001
41165
472011
284476
967551
546654
767972
704345
46651
634179
38632
335634
349658
481863
976235
706892
22886
433888
267211
68048
907764
829095
825401
827692
220912
110556
16276
982675
324177
2513
696274
339534
330041
843671
119632
310424
702690
224341
829288
444922
614213
265962
925490
480997
445757
752272
653424
651952
630215
56918
152122
910479
75372
942998
363996
49461
335455
691286
279010
80290
134283
685224
862116
709469
30934
41135
479137
903360
233553
639375
73410
15598
631360
717651
250028
112357
685781
20044
911884
2460
209062
328072
767638
80351
804675
736135
425614
536383
813892
306474
761945
460549
929661
942599
393126
396119
713782
391426
396197
405401
168988
246755
242983
550630
254181
527471
955082
440895
394702
375246
451756
789661
610402
228119
916903
573223
707819
679141
425529
786933
29600
575903
199451
511015
415602
11764
683998
664405
508297
918925
497363
524294
484288
854403
328219
41521
444576
11844
806560
868790
785511
958360
191479
854540
417902
877061
692671
881723
574099
450106
470431
135741
108555
378547
369218
613150
646964
579811
127898
484783
490627
703786
528803
8439
325371
856732
840858
998462
833769
521344
726066
100342
989842
696753
287840
717517
746004
516102
903112
905403
796528
795221
696869
361716
990865
567980
939707
432106
562730
29297
21491
268389
626222
981975
791769
390158
322898
622604
800215
204863
7805
980015
182901
749570
336474
451482
172285
247572
83946
234860
819729
634596
302927
574292
854592
372720
687258
801957
940387
370878
441263
369167
90394
39739
500603
2386
694629
486264
826637
548917
415577
256187
792890
260267
928622
29229
634550
116216
114840
74939
871515
841971
329528
161628
339789
728791
374981
856705
806429
817406
591796
371322
955150
946969
809763
767281
447519
183142
267241
139953
67983
453985
871253
424877
907699
841882
491700
326712
975665
36631
639898
50916
117048
874309
293852
698456
417100
973243
702387
300418
156762
453469
523427
938334
314161
895811
751207
316334
330075
646397
699842
193445
556710
913985
998482
109365
68734
774426
533761
657408
842059
849957
150949
18740
63960
740635
426311
111252
403697
38187
824946
998534
861211
34510
543527
784447
405945
362511
783507
410706
799127
466833
394913
294359
358109
961228
194171
733272
484739
780585
665606
921836
769465
429897
333480
159088
334901
311396
687029
166073
474420
100080
189697
61910
299885
919988
156615
646157
755817
513322
921807
933920
21749
345375
679804
556183
796886
94269
577896
485102
389374
464799
378276
542092
928075
437330
644162
139137
456963
914341
432624
180682
543731
690763
282563
352898
653337
984552
744857
572057
665677
381819
935015
59184
727347
188453
925217
191375
185715
199377
653434
630947
284920
96183
941058
931268
256759
915185
897882
180500
893278
766284
42818
203878
245002
434959
264162
405849
147628
589968
111242
657102
768219
235421
850903
577280
424463
37598
225482
320834
258164
512001
660255
933999
856963
297984
801355
954337
171148
969999
677838
54142
494010
434204
494465
439700
282634
170513
688555
814887
581451
900571
652176
393195
484578
961496
18506
279245
545942
174221
168665
178806
358087
792767
574273
150720
268668
477267
963709
444908
841799
585611
682756
926742
138408
760003
105932
701334
952548
319632
805446
651991
949653
968994
642243
160648
349577
527136
863465
318994
168309
725019
668659
698283
169105
465218
389998
501666
767972
490210
61511
823163
284917
799990
775384
338476
787826
306830
141391
728851
643240
91309
293557
732543
503985
861795
924338
657630
572187
182411
896559
875685
445240
831220
60111
934843
406081
427849
181040
612656
129569
344401
996879
431253
257451
694996
256884
707696
727259
5133
608324
529322
332455
481553
104052
247336
939346
75591
637612
64101
328343
280062
8825
160417
441782
962771
914340
552565
883202
562723
597865
673564
214673
451238
546797
94554
388956
575833
239370
743162
783069
67747
11584
215066
185011
772077
762052
659720
939209
287567
505011
126801
350940
717537
589306
950795
651741
905580
520621
349409
624350
731737
973245
757731
628982
867875
288362
567314
128026
106877
484413
219051
807335
398709
264867
311807
330675
356152
705599
548557
551469
693774
667984
945973
789417
952889
153614
930543
683171
331272
416622
124897
377473
341581
656927
931645
701929
803638
957873
665537
533795
651313
813346
437385
746266
626245
741167
735337
948687
891441
267415
536466
640181
725447
114424
784466
733691
678752
696181
533081
26672
332863
267285
800926
212513
719888
555435
332439
103552
107331
71835
706971
687547
966281
13953
508199
695856
623394
72167
190715
987329
119169
514777
593957
199346
350129
24196
36569
652612
636120
827843
831009
756350
567209
782389
592641
498295
39092
916532
874695
780252
738932
129404
844044
437211
695577
984204
957996
957326
631883
987115
551236
596809
217591
589368
886457
285043
410858
957941
968746
441539
177283
758410
335474
936860
865363
398845
352513
201325
712134
884999
431660
529953
579293
11799
519751
563349
878225
268515
918295
495661
747490
828392
634359
933153
507786
487061
16267
228133
605274
540105
721686
263820
615192
595753
28784
906852
902347
611503
101501
392998
201342
333077
307794
571368
872048
330006
428110
968406
203464
369949
28717
904312
586441
935713
292056
868924
907831
523491
410145
877367
647889
746804
413012
527594
603457
182089
162122
737274
476048
908052
338060
718202
939461
276544
517222
500571
462295
501635
618696
564540
214870
730803
948266
693887
743677
40776
867773
357033
60347
306710
497704
838701
604854
733104
491289
490139
473627
243960
43992
63878
693438
101514
896385
831041
704380
64815
628699
781169
738797
911106
544774
650184
823406
28894
160696
315216
891360
89295
75600
448582
850607
939264
459899
924849
636100
583883
464488
382465
154919
221791
663846
778237
698294
480465
652016
850571
596891
797066
116186
271018
906213
508287
87841
386439
908641
174567
631314
588807
454595
403745
329223
150628
259427
79001
682195
421751
539336
141296
600449
356891
641834
468371
784406
780547
317316
447611
790785
182307
529745
964095
305531
797259
797411
436259
137234
924540
278941
776160
781116
231829
481517
871490
967734
261884
986738
852850
812464
856515
441737
193282
288295
937483
930923
734459
14705
284084
21891
462470
984743
763648
431967
576265
52362
140517
649907
516773
352355
760135
242018
563683
86399
829163
673743
665356
976380
251300
695019
972442
818250
696328
616950
705051
336940
755363
219368
323224
435842
907086
716655
414783
994482
531295
691765
916461
623106
731836
775231
981605
401848
412309
469183
768474
34588
415705
163344
966788
537607
288449
792317
893268
993027
446313
717335
537773
741437
473271
621952
10714
69994
142442
866656
774662
640473
312424
99063
922852
846592
39817
939366
762071
451764
600111
433710
621955
524126
117619
55605
666862
28436
267146
15981
685062
999691
855332
934989
324319
913202
310906
800518
201820
209162
184299
279837
142911
349330
843187
910634
187426
466918
605217
776214
904884
518251
586843
55127
204358
626045
19148
583757
947868
733645
208235
183020
213155
650973
721565
272434
219836
955022
754015
294845
796330
31334
523119
904089
264409
6590
404601
502440
546966
384427
281871
871086
403372
127501
962055
469809
853459
395497
781297
908879
567014
993040
532903
269391
529989
434412
553944
778318
296850
88453
944527
810585
240256
855587
772
668934
950474
931362
715581
670625
513607
401994
518657
562079
783645
114269
181535
699879
48014
345627
584191
83342
150577
235642
719701
546345
930170
979485
470610
546767
238139
695108
117340
109902
401235
845452
772094
339310
629595
562439
165709
984222
73406
448841
92747
303204
831369
499548
978101
361637
348343
261806
884409
311067
977932
688972
963274
620781
60815
503082
123720
376791
375398
197380
949301
409729
901708
674321
408964
421237
747984
451252
526438
824067
740341
252897
529205
855423
93594
564362
422269
886345
87221
712551
485931
845920
462934
755984
685412
195277
436219
277792
125214
591926
237040
20002
248216
287778
222666
882327
840524
782390
726859
536939
263922
540731
209547
434474
548331
611405
983741
679296
853117
92787
169673
402028
806633
227189
477785
762721
482363
459414
76801
321628
711334
535138
46825
838502
932295
902369
236551
233584
324966
886577
597503
10822
948113
92246
268028
518303
556664
962654
795413
242678
707182
86027
122487
817040
276332
636574
219436
354263
345304
307716
916026
978258
340368
875911
500059
832848
372925
909560
101568
572275
46956
985577
191138
979519
861132
28270
721497
186520
361908
806275
486834
491300
144489
562010
444285
194058
922453
586459
209202
693912
430781
242076
478530
636591
55160
693643
737907
89877
401883
238871
357760
314038
741752
830893
666874
48264
784993
617059
167619
662835
338759
190052
496221
330492
139041
200805
426195
877341
439516
957666
598694
234289
383804
383389
970137
389077
254440
567063
586173
483360
530122
498618
549627
679542
916476
61736
402894
80603
128461
434715
922241
59059
517646
906127
235378
609446
887987
916012
188494
482696
34050
229740
726291
699141
374762
849935
862743
523744
909201
380776
762548
611898
450339
788904
377491
370558
106655
305440
882517
533361
801033
560199
722155
885962
836085
761749
227982
169470
10666
523467
301818
216015
185081
591652
8822
340872
159804
799243
517620
79305
625590
579950
322169
184319
972811
990835
567711
244393
712594
903305
749311
98472
336696
194139
641920
910951
486368
560376
283633
282046
317506
869726
425781
682047
279138
613760
840592
545998
129587
310779
457964
536138
623458
458896
832082
931392
443775
887865
671382
631357
503807
835935
202642
837660
452047
910264
956906
448606
199117
539809
651305
335734
432313
908476
349225
47998
755609
83076
322394
596666
849932
756147
862294
135350
713774
448746
301750
584380
284561
83369
602587
897290
602909
969765
708063
787516
176514
701092
50853
90813
188420
572487
572751
675688
888451
65727
294154
70184
946014
85605
500549
834549
242212
173358
911066
973627
189510
679137
468974
377330
845001
95757
572168
351161
759771
225843
423379
761146
339369
214470
698492
206830
907307
178408
665557
449660
642908
400995
96658
533189
891368
202227
999381
482680
845448
584337
99171
718545
32087
955569
3683
468091
61512
190417
75893
962355
823933
799326
991989
538327
715055
528248
19480
258821
356124
752167
300261
497934
620998
454924
141967
796321
332909
905461
617001
833711
34237
150899
629827
890301
507233
698854
469309
884644
554365
677808
932220
67002
476992
776194
889500
451311
230462
523121
820239
376608
211837
996051
823411
596370
426484
21013
820085
283599
612060
382250
807677
749326
829130
939857
534031
977881
310763
942218
234222
487542
340678
653573
16039
419439
283431
839732
58908
285928
737601
337625
925965
582830
653907
824892
985779
6334
940472
67014
552681
49603
699381
485658
936243
193108
853452
597314
599463
891847
24700
697607
146422
692383
692261
781079
508413
46065
623671
957384
876822
117191
291871
192169
265550
696333
919319
279032
978182
555012
171874
60678
127444
338914
326125
667849
546673
368778
638179
239960
881843
822861
479998
615785
542546
662564
79713
359663
678692
902885
837562
999786
897620
82122
754786
221259
899060
149195
147940
996763
16665
827569
550193
981999
42662
417032
183770
510253
185393
827144
869144
390144
386300
422620
507199
116619
944629
324008
559742
869806
652225
495260
853899
925191
382689
363481
221600
124413
249911
502241
90460
902984
713746
199316
656942
219748
891808
630665
773126
562177
61526
111329
62335
789810
531328
654963
647742
71808
818776
463112
148638
269477
939714
456250
581892
502630
285363
485279
276874
311972
160948
665517
412553
272027
14951
584748
579845
355862
277068
681177
213819
439252
954280
316458
696296
529447
811068
948967
627806
703261
421285
772525
533862
550296
511447
289747
312329
688163
88888
747996
403243
837499
392454
457985
917178
81608
747998
430700
77403
946234
280014
51718
661566
174097
817391
858692
324446
119225
130878
336775
875895
192001
69167
15463
191899
122902
940492
258091
353304
618936
120638
953890
819224
280693
784049
805863
493073
721206
609857
950201
366984
388297
575562
501629
345227
919827
844480
347079
730226
478597
354606
293658
396312
636911
287978
953991
257342
72954
240301
373419
368210
466558
520222
642850
176273
447046
855504
584363
311509
61650
741327
395530
790580
496442
493198
887079
169133
453180
528496
849995
477676
26228
546553
98921
825689
120811
155676
487051
28116
891502
670859
893963
758665
19065
309401
604748
569685
22844
979676
262497
437349
748897
863970
729391
819032
670213
222426
753087
685003
409968
663996
201291
136259
67959
371002
521554
163796
803276
668138
932154
356836
365752
612944
633973
67414
391349
724490
201081
239080
891308
685039
596010
631061
256253
641434
333227
806193
405581
363574
646262
65306
760037
94037
493860
818065
799223
102789
417361
565073
655385
807737
725103
190037
959893
612211
509421
198730
226655
267432
424666
809735
247010
190231
191395
753230
996635
828379
337814
183698
707188
366023
169251
181689
144105
302912
568935
984665
64300
406414
346331
791291
698354
604318
169747
610362
738361
332912
803220
380680
603435
291742
305512
300135
823808
824192
554895
719598
463668
309077
998471
344040
790907
190431
805560
957737
704820
848559
709916
837963
360248
305836
547309
432143
722738
49537
479325
59845
844194
879580
826223
377787
308375
175220
105250
497687
967935
213731
522790
302889
776741
485234
18714
708491
559331
879458
141885
140876
24878
545979
578435
228125
235073
430690
698999
66179
868217
990675
977219
308847
822145
822586
572008
320510
541095
266124
829591
712756
8006
861818
48521
457856
714346
871748
741709
979890
142213
824960
819739
299815
34461
27321
708891
624754
188436
685448
817957
378252
567796
200080
10267
992609
762632
743894
532417
103980
909357
296195
709660
652956
319945
974247
654621
500152
463872
214280
617807
48973
82976
386612
808906
776394
650
968563
562315
852351
925332
940746
405592
240171
824466
432390
206418
639847
664217
101106
259033
173408
316016
220742
272366
181358
354668
391432
801229
286836
335796
130753
477427
839626
411543
638441
738367
808106
397393
456256
312114
830362
649409
953488
903588
684416
933590
683929
225747
64329
66070
689349
805163
83139
619664
548450
732040
300904
4519
962083
809843
520287
346083
362109
948270
104642
284790
262882
706900
246687
339319
571983
655863
826417
841751
706465
842148
87233
172363
300785
603578
104710
983236
259898
290980
321352
128315
823556
319972
534883
561447
786838
193509
253918
439179
974585
601479
370831
12749
761213
850850
993911
349196
359064
765833
396767
118380
415075
372498
777240
171893
679623
216715
972525
377632
213101
938006
212566
512857
625502
348233
652226
409678
909022
68746
211309
862310
233299
622814
358283
255817
606114
275482
605851
448485
782493
858671
940103
11742
817312
777774
128658
23767
750311
885689
912092
134075
87320
665584
946058
445153
266850
393282
524965
26120
228767
560978
840104
559918
792348
323973
824587
130701
453292
944686
510662
306053
407189
184544
501654
448634
351321
600109
481697
299030
985144
165509
105584
622689
299391
966757
426042
419521
993807
110175
797827
928200
659650
976449
242418
782709
628421
43421
937962
797509
723942
182669
824761
873168
940783
413556
1336
440779
892661
823568
84494
457720
633906
917939
405897
457027
331329
945566
207981
837067
230488
125436
493454
228654
237595
504305
178093
799029
846671
967571
190960
82072
846374
485946
435098
418597
932589
268881
534039
779844
19150
298502
284435
397014
437314
357331
712497
855366
217723
193668
866818
853771
634509
570215
211404
904918
767425
568652
514158
401179
345003
166577
566963
905978
789590
634876
433480
170159
11899
729569
672667
258283
549462
49205
923176
901439
643367
982943
472482
525111
228534
970084
642584
704037
858282
718311
659427
536600
573184
703505
459193
384499
284187
939476
72823
612732
156273
328246
408311
816587
201128
334024
574067
538282
147008
308291
785876
963366
508269
161435
982837
33529
903910
518642
257672
323488
390306
258577
248728
278240
442281
71289
638677
446306
767525
349568
1460
199485
287926
871167
121705
689471
134327
597356
172994
453952
879518
124538
505796
971105
810730
552846
161487
807986
445325
850112
175199
404136
981892
273858
55551
760952
79
183173
29583
990409
547167
381289
670329
810435
439622
452803
443743
645809
778963
534810
186212
618937
11946
7869
173426
360779
361548
464069
683911
98437
461935
704309
736855
185215
258168
302899
113397
180299
573446
496432
320617
274774
692165
645247
66496
572549
665379
737304
699777
526417
417037
544142
215350
857194
601165
548686
673860
952300
871692
452602
164780
351801
424953
872841
840240
713970
148553
348411
147895
756219
392561
965465
116210
840525
205266
41778
970889
782661
620219
188458
224105
428742
856855
982025
151344
529209
951682
620647
283932
363470
659014
149724
409904
363230
170911
35984
829950
596577
589585
475437
275409
79336
782605
719179
407858
869512
151093
581880
920779
223613
834144
923127
783209
191679
212852
272440
821626
29933
848464
997127
813358
899853
318039
107555
267050
247811
284535
792819
389205
127754
266922
729546
441613
199262
684466
787334
868405
571552
372340
609317
975344
759969
196669
778540
52259
494712
624473
207822
912444
380103
65918
710417
14093
995657
483722
180757
292427
918745
785907
896461
111674
219745
155076
889507
735062
506513
972605
592124
588574
766989
545126
931376
220872
821279
946817
675274
84404
797290
902753
545871
984380
550433
420541
289168
634381
491285
209588
453310
145573
37793
412083
642517
470606
536540
12864
139042
951764
798887
69721
178447
696718
779365
287742
663708
247256
583969
939191
532471
239217
807771
806820
805151
340808
219366
427760
665031
121650
361614
109529
748343
303680
932530
727227
935821
7775
476989
446165
39908
577408
256420
93502
954301
399411
533906
479514
54483
926612
923853
24108
25876
486578
704338
164248
705828
861619
930369
259217
692182
899170
834310
535072
848447
31085
932900
301025
76146
452044
161792
21661
787408
510796
402574
489093
842893
40265
571868
390812
206370
206066
969192
609953
79507
396861
599111
475032
965274
849457
3659
541487
225087
834659
330565
14164
320465
575918
793510
176613
466152
581707
694821
46346
480500
725748
501034
957381
866579
141980
191251
576876
3760
457276
440820
194634
708115
252590
480603
709520
196806
25226
866277
666806
643598
953086
511850
956000
628238
24650
688092
699373
273981
636880
374221
832158
805780
206782
487992
691648
644837
587336
327776
353422
741348
573543
56958
26859
641092
273133
572229
412808
925106
883864
581135
438980
937265
398533
387657
133522
80957
125383
702964
775401
917454
295174
883805
396205
8840
423833
576888
664716
27084
455788
655611
445005
535817
793896
150738
662019
414219
723197
247439
860526
52951
736795
231911
239589
252300
911329
594284
568396
168840
315616
36895
633773
531926
815679
11058
486958
747629
217908
377378
254034
617486
79774
859613
345530
701610
29281
312969
488275
245376
837625
153135
570226
238866
702085
173094
651928
354004
387608
940269
567671
141360
208319
94949
687766
416844
570222
319568
837648
31314
306016
784930
799210
23730
981750
86994
643475
631484
216977
187179
231961
852069
818010
887284
339627
521986
532049
407004
843041
11799
98479
319614
392431
563155
598605
884041
970744
108172
200882
867263
928734
43253
260727
552961
585510
155414
810971
994218
874904
592876
493701
52229
137876
366527
532154
151957
552167
532723
796936
548060
334089
624840
575695
360502
504809
995571
195732
842026
10993
652883
671559
493926
94034
247202
641333
82828
376285
48719
82953
284314
956837
886782
71817
485995
804964
867461
482207
551017
557437
300110
369043
406727
559023
836865
454267
110972
433380
590971
39006
687428
701417
292035
749380
392464
350361
285378
694766
849665
127822
832330
589058
878684
888480
470906
851422
789917
214607
222015
319622
761120
414680
617151
644884
450682
297834
413266
607069
481605
954372
687874
299938
867340
166005
458977
587855
406210
166750
345138
393894
322190
814167
603349
190841
210486
916754
12221
161232
476939
66012
406538
461484
542847
5521
938029
659804
33027
191225
25843
257826
815784
802024
138130
946170
554153
793657
730394
263974
97096
179888
47607
248066
170902
892565
286584
935950
102743
289146
537126
160082
104586
9854
112718
338742
862572
527802
421373
976678
623574
271707
996364
686570
627998
624008
251250
898623
331142
861574
961662
876814
335867
745574
266037
226149
520318
789718
315631
88267
797046
628056
431200
272123
704581
486245
920972
942405
212947
713521
746981
967813
406585
451155
382900
997096
187250
843193
89732
951104
114547
603217
657584
648440
434694
591783
814303
586898
376460
67980
784537
805964
393625
574646
350414
751956
910424
300554
842366
780219
375485
114723
914432
656230
955017
522433
520027
187463
904547
951048
103097
638968
508568
716432
244924
857121
948865
941595
532788
285823
66302
295979
731368
998373
951737
694043
536877
112781
990463
395985
404143
154848
